6,9.4425,-0.50582,2.0804,-0.39713,0.28997,0.42823,-0.79936,0.19772,0.27183,0.07642,4.3805,8.4491,-0.16601,-0.12655,0.067654,-0.34661,-0.16783,-0.6745,0.31876,-2.0322,9.5379,0.04978,0.16131,0.27944,-0.43956,0.48835,-0.59062,-9.4165,6.8542,-3.7861,-0.53186,0.74793,2.0564,0.57303,-0.13884,0.32887,-8.7076,-4.5027,0.43408,-0.53267,-0.12183,2.5983,0.65445,0.20655,-0.26416
0,8.4909,-0.13225,4.6039,0.21354,-0.11702,0.18236,-0.76803,0.065006,-0.94657,7.955,2.1705,1.46,0.31318,0.13684,-0.048809,-0.72638,-0.67813,-0.78342,8.6658,-3.611,3.7845,0.4141,-0.19003,0.19297,-1.4342,1.5763,0.50479,-13.12,13.061,-0.43986,3.2272,1.2393,-1.2451,0.10639,-0.8519,0.15125,-9.8575,-0.11835,-2.053,-0.78019,-0.19986,0.81603,0.74261,0.28023,0.30433
5,8.185,-0.018235,5.5356,0.26584,-0.3375,0.02386,-0.78874,-0.11057,0.005638,5.3323,8.3331,0.71823,0.12244,0.10888,-0.13756,-0.80223,-0.1953,-0.21666,6.3785,-4.9107,5.1339,-0.3675,-0.49081,-0.2331,-0.95919,0.005691,-0.62315,-1.4292,16.83,1.4361,0.38843,0.57401,0.546,0.29003,-0.41712,-0.18466,8.9134,2.1529,2.7561,0.1469,-0.25625,1.0008,0.086379,0.56532,0.19693
6,9.5103,-0.99727,-1.1184,0.19972,-0.21556,0.032439,-0.93247,0.47436,0.40787,0.14787,5.3803,7.7393,-0.09138,-0.17899,-0.028486,-0.59324,-0.24851,-0.87785,-0.057239,-0.97803,9.56,-0.079878,0.089558,-0.019442,-0.4817,0.47089,-0.82573,-0.94616,5.2679,-0.60815,0.9227,-0.34271,-1.5076,0.28653,-0.69287,0.34717,-6.7462,-8.8282,-3.6986,0.18338,0.35314,-0.96896,0.59768,0.58247,-0.27816
5,8.7088,-3.4111,4.5317,0.27054,-0.070674,-0.31385,-0.80561,-0.037259,0.016553,-0.39161,8.2828,5.1711,0.49723,0.29667,-0.38965,-0.15539,-0.48577,-0.097594,0.67408,-2.8203,9.7904,0.10796,0.04947,-0.12345,-0.52234,-0.10918,-0.58545,0.15671,7.2236,-0.48039,0.85545,-0.04369,-2.6116,0.15834,-0.56222,-0.26499,-4.2235,-12.2,-2.2873,0.20547,0.80262,-1.5112,0.30581,0.34463,0.20416
0,6.476,-0.22235,3.8401,-0.073014,0.1362,-0.06891,-0.60055,0.19974,-0.66121,8.3762,1.0078,1.0632,-0.53101,0.74683,-2.0044,-0.39152,-0.071873,-0.9232,7.303,-4.4248,2.325,-1.1502,-0.46238,-1.0303,-0.51541,0.875,0.50333,-6.072,-4.9034,-1.3077,-1.3432,0.055743,1.1411,0.30335,-0.69638,0.39674,-8.8282,-2.2309,-3.0102,0.20294,0.012016,1.5554,0.99662,0.46102,-0.16745
3,14.584,-0.12362,0.6276,-0.32825,-0.34807,-0.35943,-0.87171,-0.26887,-0.28576,2.9536,6.8992,7.7902,0.43378,-0.67397,0.48243,0.76211,-0.50026,-0.37034,7.0755,-7.2584,2.222,-0.09196,0.45869,-0.91083,-0.30896,0.46636,-0.49577,-13.331,-1.6614,-4.2286,0.041852,-0.034697,-0.027,0.82719,-0.24627,-0.38147,-11.097,-5.2853,-4.0624,-0.70606,-0.40556,1.1833,0.59464,0.72437,0.52602
7,9.9828,-0.67882,0.83079,0.41966,-0.87001,0.006655,-0.82256,-0.04094,-0.53145,-0.074622,4.9483,9.3202,0.32968,-0.084236,2.4332,0.41425,-0.1047,-0.85695,0.73071,-1.9204,9.5771,0.21301,-1.0339,-1.4997,0.31615,-0.18812,-0.88058,-2.9593,9.8116,-2.1394,-0.45423,0.085521,0.33851,-0.21117,-0.93878,0.001825,-2.1006,-9.4622,-4.3735,-0.036138,0.19845,-0.17035,-0.30494,0.79666,0.46648
6,10.151,0.46375,0.18403,-0.86824,-1.0408,-0.34253,-0.72575,-0.14445,0.43328,1.1933,2.5712,9.4561,-0.1425,-0.18794,0.007128,-0.44128,-0.036274,-0.63763,3.0871,-0.075121,8.1765,-0.052992,-0.18497,-0.19457,-0.68452,0.3233,-0.51951,-2.9076,-1.227,-0.13604,-0.90517,0.009371,1.4193,0.70679,-0.29268,0.12963,-6.1734,-13.44,-4.7265,-0.046832,-0.28824,0.72057,0.63432,0.30383,-0.19244
6,9.7725,-1.1283,0.62529,0.15385,0.072929,-0.27326,-0.74305,0.33466,0.3208,0.82142,3.5809,8.8051,0.12636,0.32837,-0.021959,-0.42976,-0.11947,-0.66133,0.73556,-2.337,9.5134,-0.018629,-0.11913,0.001568,-0.37947,0.56816,-0.55573,-6.9829,6.9515,-2.9761,-0.13449,-0.16567,-1.8939,0.54114,-0.25604,0.39443,-7.1258,-7.2481,-5.2679,0.86857,0.96803,-1.5775,0.59686,0.49741,-0.042642
8,-2.3386,0.76572,1.3529,0.77112,-0.53433,-0.19622,-0.8202,-0.34142,0.1085,-3.7719,-1.9245,4.3145,-0.000596,-0.2103,-0.68694,-0.67255,-0.17502,0.3914,-1.8584,-1.4832,2.9426,-2.0129,0.75178,0.54981,-0.64115,-0.33953,-0.10659,-0.25753,-1.2463,-1.5647,0.16693,-0.84873,-1.9113,0.47822,0.12487,-0.5168,0.83601,3.0635,-0.30085,-1.566,-0.64253,1.2751,0.49484,-0.39786,0.41768
0,7.8434,1.6385,2.9693,0.24836,-0.37691,0.030934,-0.81193,-0.21686,-0.68179,4.5918,6.0246,5.4653,0.076995,0.57974,-0.44205,-0.40594,-0.81416,-0.73185,5.6778,-4.7683,5.883,0.11917,0.30417,0.54595,-0.42554,0.75486,-1.0808,-5.7709,-3.4194,1.4683,-1.4595,0.32636,0.58864,0.044509,-0.80229,-0.10009,-9.4287,-0.90037,-1.7788,-0.72124,-0.047017,1.5289,0.62716,0.38377,0.1327
7,8.1256,-0.046441,5.5317,0.095639,-0.57929,0.18448,-0.53766,-0.12127,-0.78991,2.0725,3.0901,9.1592,0.083875,-0.24699,0.007701,0.2434,-0.31307,-0.85415,1.4521,-0.14007,9.0943,-0.19121,-0.2327,0.13229,0.28908,-0.13448,-0.88437,1.314,11.61,-1.212,0.3065,0.073886,-0.50538,-0.55417,-0.76218,-0.17137,2.402,-8.3915,0.2442,0.33787,-0.10591,0.51151,-0.64951,0.71634,0.028943
3,-9.8445,7.434,4.7759,-0.088119,-0.73623,0.30714,0.57053,-0.22173,-0.81572,2.5617,9.3788,-4.461,0.028961,0.075109,0.36884,1.19,-0.1169,0.45065,2.091,-8.5707,6.2686,-0.72217,0.038327,-0.023814,0.047233,0.564,-0.48536,-9.54,2.7107,1.1478,0.89447,0.16665,-0.26705,0.6609,-0.53513,-0.471,-14.06,-4.8452,-1.8716,0.29671,-0.079823,0.19938,0.65826,0.34099,0.66323
8,30.743,-3.1515,-2.6647,-0.79681,-1.3706,0.93616,-0.79737,0.43677,0.058125,24.887,3.5265,-6.1605,7.8682,4.1068,-1.5394,-0.62207,0.10979,-0.26929,23.584,-0.66913,0.85064,-6.2937,2.0476,1.7489,-0.72363,0.058143,0.2747,-18.752,-26.787,-14.659,1.3258,1.835,-0.23119,0.4546,-0.048938,0.567,-37.616,18.062,-1.2366,-4.4824,-0.5245,-0.31126,0.6244,0.019193,-0.30612
3,-5.4284,7.4938,3.1539,-0.7729,-0.34073,0.38782,0.56288,-0.2332,-0.77716,3.3626,8.8286,-2.4233,0.11794,-0.14048,-0.99238,0.94925,-0.20361,0.40965,3.6336,-8.5657,4.0489,-0.092963,0.073164,0.94011,-0.046545,0.63556,-0.43484,-9.8568,2.2014,-2.4829,-0.005277,-0.040052,-0.95388,0.84015,-0.079005,-0.47657,-10.084,-10.324,-3.6167,-0.020242,0.39982,-1.4779,0.50357,0.82363,0.53726
2,43.057,7.2859,3.2374,-1.305,-3.049,-0.81024,-0.93511,0.032633,-0.51601,4.0761,10.969,0.91118,0.17526,0.49581,1.1789,-0.64079,-0.6011,-0.34861,5.944,-4.5686,7.3421,0.10446,0.57589,-0.41253,-0.33252,0.6774,-0.96082,-20.784,-11.473,-2.5565,1.9447,-0.25878,3.3654,0.49244,-0.72864,-0.076445,-21.68,4.7238,-4.8651,2.5668,0.13219,3.3527,0.94979,0.46053,0.084308
2,17.371,1.6611,0.6323,-1.0708,0.31794,0.42486,-0.82774,0.18089,-0.5037,14.916,17.185,0.71205,-1.506,-0.68364,-4.8551,0.15834,-0.41617,-0.63756,13.236,-23.155,1.5249,-1.0719,1.2242,-0.11887,-0.51333,1.0441,-0.03325,-11.915,-11.761,-0.028219,0.81028,0.7469,3.6462,0.84423,-0.40919,0.3805,-20.983,6.2686,-4.7558,-0.37906,0.46491,3.058,0.99295,0.76028,-0.25024
2,20.379,6.3302,-1.356,-6.9458,0.73759,1.5672,-1.0012,0.048622,-0.40584,4.8859,9.0142,-1.029,0.30312,0.30754,2.2556,-0.65548,-0.62795,-0.29734,5.1172,-5.0643,8.7886,-0.6494,1.6745,-0.61104,-0.38104,0.69519,-0.94604,-19.162,-11.688,1.6933,1.1963,-0.50762,5.0387,0.64441,-0.66495,-0.07245,-18.014,3.7713,-6.9242,0.93171,-0.78975,3.3037,1.0679,0.47503,-0.00844
7,11.341,0.32234,-4.2454,-1.3586,0.64659,1.0535,-0.97538,0.26641,-0.26008,2.8396,9.2727,7.5533,-0.19682,0.16137,-0.22046,0.30311,-0.71147,-0.53587,5.2379,1.33,10.671,0.049308,0.24619,0.035743,0.10162,-0.20835,-0.91286,1.6102,8.1055,3.4493,-0.86659,-0.61352,-1.5345,-0.35875,-0.82186,-0.34307,1.5028,-7.9296,0.20547,0.41777,-0.85661,1.6446,-0.40623,0.87602,0.11849
7,7.3206,0.24333,-6.0375,-0.26998,-1.4598,-0.1995,-1.1116,0.29463,-0.022327,2.4466,7.0918,6.8748,-0.084846,0.19011,0.16948,0.31425,-0.5796,-0.66847,4.6804,0.79749,8.6281,-0.044002,0.029457,-0.23965,0.092532,-0.20799,-0.90757,0.97209,9.449,1.0935,-0.17779,0.17737,-0.082691,-0.70803,-0.62695,-0.20907,1.2363,-9.6212,-2.369,-0.03357,-0.069178,0.080876,-0.70615,0.64384,0.14834
7,10.068,1.2954,0.85127,-0.17842,0.76285,-0.025579,-0.51362,-0.19275,-0.77862,4.0378,9.7471,-1.2629,0.066546,0.054897,-0.000792,0.46181,-0.82091,-0.033628,4.7587,-3.1369,8.4485,-0.098282,0.038066,0.080497,0.27634,0.055412,-0.91232,0.13158,8.9337,4.4887,0.054583,0.1221,-0.14911,-0.71629,-0.52093,-0.38211,-1.7971,-9.2813,2.1404,-0.16066,0.2231,0.015627,-0.58865,0.76651,-0.082167
5,9.3962,2.1253,5.5561,-0.40468,0.020445,0.20062,-0.62829,-0.22487,0.085675,3.5408,7.5407,5.9806,-0.1302,0.039004,0.27796,-0.807,-0.49017,-0.28457,6.3954,-5.5715,5.2927,-0.42523,0.34789,0.46971,-0.82201,0.2214,-0.60305,-7.9944,10.431,1.5351,-0.91069,-0.38647,1.9319,0.39601,-0.35691,-0.2473,-3.2124,-6.1818,-0.60872,-1.1979,-0.54187,2.5024,0.26672,0.48758,0.14824
9,8.435,-1.1354,2.8925,0.18357,3.7906,-0.22215,-0.97661,-0.14506,-0.023143,7.7098,2.8951,-8.9635,3.2887,2.1942,-1.4566,-0.37341,-0.24195,0.79299,-0.14884,-9.6825,-3.0054,5.4208,-2.4957,3.6071,-0.41438,0.73235,-0.39606,-9.1225,1.2653,-0.92282,0.51677,-0.097518,-0.49348,0.78238,-0.12009,-0.50786,-9.7696,-1.5224,-0.50873,0.57804,-0.068282,0.39809,0.73388,0.22271,0.53907
1,9.4591,0.41243,6.4433,-0.012555,0.24726,0.13424,-0.57561,0.23257,-0.74206,-0.30756,10.514,1.1786,-0.35902,-0.4159,-0.23903,-0.061505,-0.61689,-0.43179,0.57369,-5.4869,7.6149,0.40057,0.080249,0.93123,0.31113,0.70059,-0.77993,-14.53,8.1515,-3.3457,0.77033,1.9176,-1.5723,0.29592,-0.85929,-0.020439,-11.073,-6.0905,-4.0273,-2.4022,0.009577,1.0414,1.1079,0.3177,-0.046707
5,9.5949,0.49986,3.0102,0.026961,0.060712,0.096824,-0.82361,-0.30108,0.042145,-1.1772,6.8473,6.6294,0.009903,-0.077269,0.024924,0.30959,-0.627,0.028005,-0.22422,0.4198,11.088,0.24332,-0.27839,-0.15746,-0.62191,-0.21346,-0.6075,-1.6003,10.171,-2.4728,-1.0374,1.3297,2.2831,-0.033691,-0.70893,-0.17879,-1.2938,-10.775,-3.2481,-0.064939,-1.5222,2.4636,0.07875,0.44998,0.44355
5,5.8767,1.2793,8.5668,-0.16758,0.26215,0.14876,-0.59325,-0.28641,-0.21792,0.081133,9.3259,4.0013,-0.10883,-0.053021,0.030523,-0.25919,-0.50103,0.001694,0.58007,-4.3515,9.0663,-0.18821,0.15812,0.022749,-0.51455,0.047674,-0.59698,-3.0835,10.708,2.8377,0.041678,-0.62142,1.4843,0.32015,-0.45255,-0.34307,-1.8977,-7.7187,-3.381,-0.38266,-0.81617,2.1153,0.23393,0.43099,0.30831
3,11.026,1.7128,-0.84111,-0.1648,0.11862,-0.22617,-0.91098,-0.12706,-0.4375,-0.31631,8.8216,4.4393,0.067349,0.43638,-0.7863,0.57264,-0.19461,0.38089,-4.2339,-6.7506,9.2927,-0.72745,0.69203,-0.025947,0.69549,0.069476,-0.57205,-9.9249,3.2019,0.61672,-0.59017,0.58497,1.0073,0.51926,-0.71455,0.028549,-8.4045,-2.2359,-2.0949,0.1186,-0.35585,0.76947,0.88289,0.42416,0.036404
0,13.127,0.13947,1.9405,0.10388,0.40284,-0.21137,-0.81376,0.07706,-0.57799,13.607,0.89148,4.6423,-0.15137,0.073219,-0.03132,0.049303,-0.13195,-1.0634,12.294,-2.3053,2.6848,0.40533,-1.0372,-1.5333,-0.93619,1.1799,-0.22753,-14.326,11.818,0.79952,0.90501,-0.29297,1.5628,0.74938,-0.030943,0.4373,-18.041,-18.455,-1.7654,2.398,0.54846,0.75995,0.89174,0.53821,-0.32162
5,8.1241,2.4624,5.2805,0.17149,0.076972,-0.22671,-0.6213,-0.22467,0.097231,3.4646,7.5875,5.3317,0.029218,0.071009,-0.097406,-0.80332,-0.49482,-0.27453,6.1654,-5.3136,5.7397,0.14864,-0.21638,-0.22678,-0.82089,0.199,-0.60038,-5.7624,11.869,4.1819,0.57303,-0.058388,0.38868,0.40195,-0.33086,-0.21057,6.0263,-0.73301,0.95314,0.10812,0.31328,-0.31784,0.12853,0.60577,0.087854
4,9.5522,1.1941,3.2582,0.79754,-0.11728,0.081,-0.79069,-0.25418,-0.48551,-7.129,9.1322,4.2879,0.26982,-0.00817,1.1052,-0.2943,-0.65051,-0.35004,2.9154,-6.5949,6.9509,0.14704,-0.57333,-1.8854,0.28449,0.65344,-0.86187,-9.645,1.5719,1.1613,-1.0355,-0.090721,-0.90035,0.68494,-0.055661,-0.14877,-5.8631,-0.83527,0.18827,-2.4349,-0.28163,0.64452,0.36779,0.44064,-0.071889
0,7.4726,0.8729,3.1719,-0.39006,-0.061888,0.087722,-0.64097,0.10197,-0.60417,8.0551,1.9686,-1.4074,-0.49969,0.27017,-1.1042,0.30949,0.067426,-0.60883,8.2985,-3.9373,3.9102,-0.48654,-0.92929,-0.78656,-1.2426,0.48751,-0.024167,-3.4602,-6.6036,-1.38,-0.7897,0.72601,-0.1382,0.43414,-0.65637,0.31796,-8.0195,-3.3959,-0.71134,0.10393,-0.11888,1.3714,1.096,0.51866,-0.087533
9,7.1561,-3.1889,-0.58637,0.073993,0.67176,-0.41419,-0.75734,-0.47764,0.096296,7.0999,6.0179,3.157,1.2203,1.8019,-0.21055,-0.63727,-0.61469,0.15182,-0.37828,-4.2976,-0.87837,5.5905,4.8579,1.166,0.075527,-0.57754,-0.65276,-9.2478,3.8922,0.38377,0.094072,-0.94553,0.070037,0.74056,0.071515,-0.34915,-7.9966,-1.0589,0.7009,3.9086,-1.6862,-0.27905,0.80496,0.000507,0.44583
8,0.38561,0.42977,2.1613,-1.0347,1.375,-1.0182,-0.78581,0.36324,-0.31743,-0.73645,3.5197,0.82145,-3.944,0.38544,-1.2104,-0.60236,-0.2784,-0.2392,0.30549,0.56581,-1.324,3.7927,-1.6329,0.7185,-0.6974,0.23944,0.3587,-5.9775,9.5917,1.7151,1.4965,1.0652,-0.53013,0.63226,0.005759,0.54116,4.5815,-3.6252,-9.8685,-3.5005,-1.1958,0.34316,0.60152,0.07232,-0.36158
1,6.0188,-1.0526,-0.95236,0.76221,-0.75778,-0.16288,-1.2209,0.086682,-0.28539,8.0635,1.6191,1.5913,1.6019,0.31561,2.2223,-0.68163,-0.10709,-0.3619,6.1381,-2.2124,0.9448,0.84759,-0.080512,0.62786,-0.16375,1.0724,-0.11639,-8.7566,1.3499,-1.9012,0.044127,-0.20794,-1.9927,0.54917,-0.52189,0.33855,-7.9471,1.6816,-0.19139,0.9277,0.27419,-1.7327,0.30339,0.72275,0.16736
8,7.2797,-1.1777,-1.2197,0.078628,0.052571,0.008161,-0.59368,0.38589,0.38026,8.694,2.6766,1.2103,-0.012977,0.44937,-0.002437,-0.61167,0.21557,-0.24526,9.1275,-1.9605,1.8556,-0.87838,0.89279,0.31385,-0.77506,0.25881,0.11966,-8.7466,2.5542,-2.3489,-0.2384,-0.088029,-0.20278,0.61991,0.13123,0.57808,-9.3525,-1.9356,0.61639,-0.24447,-0.12296,-0.061064,0.62275,-0.25355,-0.26152
5,6.7364,-0.12975,6.158,-0.46097,-1.4608,-0.42526,-0.64809,-0.1017,0.038454,-0.58243,5.974,7.7584,0.28369,-0.09011,0.13597,-0.1775,-0.43012,-0.27753,-0.27622,-2.2259,9.9289,0.039472,-0.20246,-0.087138,-0.51491,-0.090545,-0.59779,-3.2829,13.598,-2.5133,0.80187,0.50411,0.18771,0.44003,-0.48956,0.004043,7.179,0.099507,1.4039,0.39393,-0.14741,-0.11036,-0.014564,0.6336,0.052896
5,8.4796,-0.74626,5.8558,0.10126,-0.22689,0.13482,-0.77998,-0.03536,0.042436,-0.55824,8.848,3.3069,-0.1559,-0.098169,-0.078003,-0.2156,-0.53012,-0.017963,1.3637,-1.3827,10.772,-0.010647,0.26728,0.1898,-0.54497,-0.13074,-0.55985,-3.9376,13.616,-2.0947,-1.5023,-0.23387,2.3457,0.19431,-0.53622,-0.21184,-1.8756,-7.9517,-1.2009,-0.15463,-0.7213,2.4524,0.20842,0.47624,0.1863
6,8.8971,-2.1534,3.2951,0.27973,-0.75841,-0.46265,-0.83241,0.55521,-0.095727,-1.7219,5.6208,7.6909,0.35094,0.44352,-0.13705,-0.3539,-0.25707,-0.88543,-2.2452,-6.7727,8.159,0.73065,-0.59244,0.26165,-0.18108,0.82389,-0.46005,-3.022,5.8381,-0.14571,0.96858,0.42408,-1.7695,0.43613,-0.60701,0.3053,-8.3256,-8.2928,-1.2447,0.39896,-0.08663,-1.1168,0.58011,0.51838,-0.40508
0,14.246,1.6649,5.1674,-0.037511,0.23474,0.093761,-1.0161,0.080585,-0.60881,1.5359,8.2522,5.6043,-0.059132,0.19294,0.30229,-0.27524,-0.65209,-0.82596,0.57053,-6.314,7.9198,-0.020872,0.12014,0.49602,0.21961,0.90871,-0.95613,-17.736,-6.0213,6.8335,-1.9194,0.38837,-1.5943,0.12853,-0.7456,0.31079,-11.822,-5.9791,-3.5688,-0.17616,-0.19952,-0.03238,0.87845,0.29289,-0.004757
8,25.684,-4.9879,8.2132,0.015137,0.55821,0.16475,-0.70515,-0.37138,-0.30384,25.028,9.383,2.7335,0.44472,0.15716,0.30586,-0.45236,-0.56178,0.34516,22.533,-9.8186,8.9299,0.18738,-0.39307,-0.32721,-0.2922,0.087833,-0.73236,-20.06,-6.7859,-0.37524,-0.16753,-0.084927,0.52747,0.51221,-0.43266,-0.36887,-22.83,14.759,-4.2383,-0.75571,-0.78032,0.33291,0.4148,0.25181,0.59619
2,1.6594,-1.286,1.709,-1.9843,-0.10968,-0.32989,-1.1497,0.23433,-0.5613,7.2034,0.41655,3.5877,1.0702,-0.56085,-2.2173,0.85562,-0.29608,-0.73683,-8.7996,-2.2804,3.6028,-1.5981,0.85147,-1.1119,0.069082,1.2323,-0.39593,6.5586,-2.3229,6.3529,-0.60548,-3.2717,-1.521,0.061819,-0.76401,0.21146,-1.1207,-15.671,-6.6682,-1.0553,-0.40048,1.0732,0.89344,0.21852,-0.054589
7,6.7182,2.4376,7.6981,-0.2715,-0.073728,-0.13839,-0.43161,-0.20603,-0.83623,-0.6459,4.7404,1.6714,0.1414,-0.67831,-1.3192,0.5127,-0.72722,-0.33931,0.39534,-4.28,9.2603,-0.7074,0.64945,1.2614,0.38292,0.1123,-0.86961,1.8767,8.7776,4.2645,-0.38657,0.36848,-0.77198,-0.4992,-0.68505,-0.463,0.6035,-10.272,1.1754,-0.23853,0.16327,0.94651,-0.31847,0.92014,-0.054277
4,15.23,-5.5779,3.6322,0.73115,-0.46374,-0.037251,-0.95279,0.064987,-0.36217,-1.2687,8.8616,3.3348,0.38483,1.6423,-1.6426,0.014622,-0.84828,-0.57291,-6.6118,-4.7519,1.5539,-0.58517,0.59773,0.95761,0.41995,0.34838,-0.71684,-12.927,-2.6956,-1.9501,-1.2506,0.15213,-1.7216,0.56603,-0.23371,-0.11999,-15.689,-4.8589,0.54675,-0.76278,1.2457,-2.5535,0.36597,0.35313,0.18932
9,9.3374,2.1746,1.8806,-0.30795,-0.26837,-0.31962,-0.97735,-0.31446,0.074418,10.719,4.617,1.2945,-1.6012,-0.99346,-2.8216,-0.88647,-0.35322,0.009216,8.3243,-2.0193,4.4903,-0.060313,-0.28046,-0.96376,-0.83744,-0.11493,-0.57298,-9.6348,-1.2188,0.40944,0.91872,-0.12772,0.61755,0.98629,0.26032,-0.31494,-11.381,1.0534,-2.0377,0.77225,-0.007633,0.55985,0.92649,-0.2981,0.23733
5,7.4918,-0.35952,4.6257,-0.078791,-0.97103,0.24616,-0.64795,-0.10932,0.025452,6.6518,4.37,5.3368,-0.04971,-0.071145,-0.004694,-0.89803,-0.047855,-0.13122,6.1874,-4.0228,5.9315,0.064873,-0.12889,0.073752,-0.79073,-0.002486,-0.64416,4.421,4.7599,1.7256,1.1063,-0.21144,-1.485,0.16139,-0.64736,-0.11623,-2.4469,-13.143,0.83198,0.83646,0.31137,-1.3861,0.40154,0.40124,0.17182
5,8.1509,1.3092,4.0501,0.52797,0.13235,-0.075705,-0.6475,-0.1557,0.1036,3.9442,7.2014,5.645,0.13945,0.15337,-0.20256,-0.81906,-0.46347,-0.27679,5.4062,-6.5543,5.3095,0.23821,-0.11299,-0.19143,-0.74006,0.27473,-0.63763,-10.009,16.585,-1.7675,0.14077,0.47224,-1.9157,0.37038,-0.40825,-0.18353,-0.69897,-7.6455,-0.38635,0.37897,-0.2509,-2.4734,0.23235,0.55135,0.070167
7,9.7512,-0.19532,-1.1291,0.054776,-0.79216,-0.096487,-0.94199,-0.026698,-0.41707,-6.4342,1.7999,6.1103,-0.35466,-0.53888,0.15375,0.78981,-0.074309,-0.45772,-5.4552,2.3531,8.319,0.26468,0.16655,-0.26735,0.59906,-0.29233,-0.57342,2.2206,9.316,-1.1111,0.25668,0.41396,0.78921,-0.66581,-0.64247,-0.11286,2.9851,-8.8564,-0.46488,-0.20185,0.36483,-0.85775,-0.6887,0.60208,0.1499
7,9.8637,-0.44815,-0.59476,0.099991,-0.17997,-0.060047,-0.82373,0.082212,-0.56189,3.5238,-0.29115,8.5102,0.22777,-0.76296,0.22894,0.34176,0.1678,-0.87052,2.3163,-1.0246,8.7076,-0.28707,-0.71828,-0.39149,0.3814,-0.12546,-0.85843,1.8992,9.2948,1.0038,0.005666,0.010912,0.14782,-0.70732,-0.62326,-0.24241,2.4696,-9.3237,-0.2674,0.044726,0.054105,-0.11183,-0.76249,0.6099,0.020232
9,7.6883,-1.1306,1.4727,-2.2291,-0.38413,-0.77274,-0.61701,0.56158,-0.49716,3.5257,9.2955,-2.5869,2.0473,-2.3206,0.60829,-0.24697,-0.66197,-0.58271,-8.1775,-3.3458,-1.96,4.7176,-0.054849,0.28731,0.71114,0.623,-0.11809,-6.1638,-5.2263,-6.9264,5.0229,1.0156,-0.1931,0.67455,-0.49254,0.59446,-6.9038,-3.9148,-2.6518,3.0715,0.10003,-1.0972,0.71009,0.7116,-0.11687
4,7.3051,0.51001,1.9757,-0.7795,0.23624,-0.25842,-0.79579,-0.18196,-0.48576,-2.977,8.9971,5.1867,-0.54173,-0.64629,-0.97986,-0.28732,-0.58097,-0.3986,2.9513,-5.6673,7.4734,-0.078559,0.27362,0.04332,-0.027535,0.46706,-1.109,-9.6895,-0.4014,-0.8708,-0.23735,-0.16241,1.6577,0.62426,-0.15186,-0.085147,-7.9835,-2.8128,-1.4502,-0.40641,-0.3242,1.4558,0.43166,0.33144,0.19063
9,6.0724,1.6512,2.6342,-1.5047,1.2264,0.33354,-0.82188,-0.006107,-0.66062,52.734,32.349,-3.7138,1.5182,-0.10065,14.514,-0.21759,-0.86738,-0.042007,16.319,1.5168,21.129,-2.4858,-4.2972,2.0433,0.054902,-0.40699,-0.8168,-2.9215,3.6491,-5.4331,1.4051,-0.16683,0.40304,0.89171,-0.2508,-0.078108,-3.4894,4.3098,0.87,5.3052,1.6204,-1.9271,0.68023,0.63346,0.21318
3,9.5919,0.038114,3.0597,-0.019931,0.20721,0.18496,-0.70231,-0.14311,-0.61773,-0.87823,7.4398,6.8033,-0.06693,0.74932,-0.88931,0.98817,-0.069987,-0.072391,-0.38909,-5.8595,8.2368,-0.034509,1.0556,1.0137,0.3254,0.25829,-0.55732,-9.8893,-2.5492,-2.2338,-0.25461,-0.19421,-0.44167,0.93631,-0.17602,-0.4464,-6.6382,-7.8341,1.8906,0.40937,-0.59151,-1.3818,0.35439,0.95713,0.15762
4,11.022,-0.55869,5.4473,0.93934,-0.17418,0.29988,-0.66892,-0.021037,-0.54073,-3.2753,7.3673,5.045,0.22085,0.61297,-1.0691,0.097409,-0.8213,-0.55411,-4.2973,-4.913,5.8001,0.017384,-0.43617,-0.85914,0.4319,0.33197,-0.77307,-11.147,-1.4457,-3.09,0.22609,-0.18315,-0.69354,0.58703,-0.30924,0.12047,-9.9603,-6.9598,0.33096,-0.44746,0.33299,-2.0054,0.34393,0.49338,0.043684
3,7.0147,1.8774,-1.033,-0.82633,0.15707,0.22617,-0.88325,-0.15286,-0.36435,5.8817,3.8841,6.0932,0.002127,-0.23743,-0.026407,0.21604,-0.49949,-0.24158,6.7111,-4.3123,5.0323,0.19747,0.11527,-0.42266,-0.34574,0.40723,-0.6415,-7.5706,-1.7938,-0.57308,-0.40411,-0.38601,0.66342,0.89267,-0.099124,-0.32766,-6.6289,-4.2555,-1.1044,0.15821,0.35587,1.1577,0.60049,0.82783,0.49356
4,10.676,-0.28475,4.3567,-0.85174,0.030396,0.072161,-0.7017,0.12832,-0.50492,-1.4455,7.2798,6.0255,-0.39707,-0.5999,1.6064,0.001124,-0.85512,-0.80279,-7.3351,-6.4891,5.2218,-0.43819,-0.27537,-0.77201,0.41038,0.33315,-0.60033,-6.5877,4.9379,-0.69474,0.32048,0.26928,-0.27714,0.32889,-0.45698,0.056003,-10.608,0.40058,-1.2469,0.25115,0.063337,0.50099,0.64078,0.22084,0.096323
3,19.425,2.2199,2.503,-0.2386,-0.37631,-0.35469,-0.76486,-0.10356,-0.57365,-2.824,9.7316,8.6038,-0.16881,-0.12451,0.29104,0.57405,-0.033202,0.054045,3.2859,-6.6516,9.8314,-0.13571,0.076151,0.009223,0.007228,0.31888,-0.74052,-8.4555,-0.88541,1.8251,0.24236,0.073414,0.16169,0.90912,-0.46631,-0.44439,-16.493,4.0545,0.26596,1.3428,0.098673,0.42584,0.73503,0.27413,0.49793
4,10.512,1.8541,0.95551,-0.77444,-0.74238,-0.22047,-0.7976,-0.19394,-0.35644,-4.1889,8.0464,3.9939,-0.16381,-0.46485,-0.65031,0.60379,-0.56272,-0.33893,-0.98528,2.0102,7.8582,0.10925,0.29932,-0.75349,0.2022,-0.32859,-0.84982,-13.407,-0.87386,-2.7977,-1.1332,0.35665,2.6893,0.5947,-0.29964,-0.036052,-13.418,-3.0456,-2.6595,-1.2618,-0.34178,1.2804,0.54335,0.26154,0.25981
8,22.095,-0.004913,4.1901,-0.22605,-0.3297,0.229,-0.75661,-0.38267,0.17573,19.826,5.738,1.4762,0.68138,0.25578,0.62581,-0.59811,-0.15505,0.4599,20.984,-4.3486,1.2263,0.054401,-0.29084,-0.35167,-0.55796,-0.42398,-0.011707,-19.295,-0.36479,-1.1598,-0.49303,0.17334,-0.59899,0.55114,0.000439,-0.44443,-21.141,0.24751,-3.2107,-0.21887,0.20761,0.30252,0.48998,-0.32203,0.47904
2,-1.8026,-2.1225,-3.9628,1.6,-0.68605,-0.30808,-0.879,0.3571,-0.32616,5.8934,-3.4467,0.43126,1.2947,0.44244,3.3805,0.037178,-0.6063,-0.4566,-6.3023,-6.7828,1.0028,-0.27194,-0.13832,2.0409,-0.3003,1.2713,0.002818,-6.7413,13.304,-7.1149,-1.0044,-1.6404,-0.99957,0.59792,-0.68695,0.33863,-3.9556,-3.52,0.09258,-0.35212,-0.58579,-1.4777,1.2189,0.30359,-0.20658
3,-3.636,5.3289,3.6906,0.19548,0.19203,-0.63626,0.59172,-0.1655,-0.76257,8.2945,2.9989,-0.26949,-0.32628,-0.54632,0.40497,-0.44796,-0.93047,0.46116,8.5525,-3.0374,2.4548,-0.22107,0.43027,0.093009,-0.38091,0.51778,-0.48724,-2.904,0.14352,-2.0864,1.8026,-0.50351,1.5473,0.82344,-0.15867,-0.43682,-6.3846,-4.3322,0.23169,0.63316,-0.14845,1.0294,0.67824,0.62754,0.53618
9,9.689,0.22809,0.8392,-0.49279,-0.27078,-0.011569,-0.84601,0.28377,0.19758,7.6776,6.2012,-1.4852,-0.26212,-0.9163,-0.68135,-0.78361,-0.39235,-0.17071,7.9139,-2.7774,3.7978,-0.76643,0.04606,-0.81829,-0.77084,0.41832,-0.045119,-9.5633,-1.2254,-0.29796,0.13383,0.054631,-0.005463,0.75342,0.29895,0.34097,-9.8202,-1.1556,0.19386,0.09383,0.01557,0.014472,0.81564,-0.14395,-0.33268
3,3.622,-3.7795,-0.51678,-1.0495,1.4889,0.43209,-0.72679,0.2187,-0.73027,5.6428,5.939,-1.1214,-0.73446,0.34506,2.197,0.53466,-0.76489,0.13106,8.1308,-6.4047,8.0087,-1.441,-1.4591,-0.4974,-0.073498,0.51309,-0.58562,-6.9153,5.2197,-7.2374,0.38396,0.87154,-2.962,0.7916,-0.22875,-0.44725,-6.4558,-4.6139,-0.83056,0.80542,0.047776,-2.4559,0.83852,0.40514,0.39916
8,23.446,-7.8867,6.3436,0.58862,-0.79412,-0.023534,-0.7321,-0.31803,-0.26215,28.942,4.4362,-5.5128,-0.56439,0.35482,1.042,-0.3724,-0.59536,0.34355,24.343,-8.0779,4.1045,2.0195,0.14996,-1.0032,-0.35149,0.009433,-0.6721,-23.282,-7.0498,1.3514,-1.2234,0.028792,0.45523,0.53483,-0.26134,-0.42245,-21.61,1.1646,3.0808,-0.54993,4.4994,1.3197,0.34237,0.21958,0.66583
3,12.277,2.1595,-0.61821,0.058091,0.13773,-0.001809,-0.84502,-0.047098,-0.48378,1.3582,6.9426,7.4741,0.57173,0.44223,0.19345,0.57344,-0.38134,0.044031,2.6353,-7.2929,7.3987,-0.24701,0.13271,0.7721,0.092832,0.42165,-0.64877,-7.2841,-2.2209,-0.40929,0.10384,0.046116,0.40166,0.81583,-0.39032,-0.38458,-15.247,-1.6078,-2.9418,-1.3125,-0.036308,-0.17085,0.69939,0.30039,0.68195
6,9.2568,-2.2893,1.1087,0.30515,0.11495,-0.17288,-0.87083,0.35422,0.31537,3.7326,0.55599,8.8785,-0.00496,0.12479,0.007269,-0.94427,0.04297,-0.62628,0.89098,-1.3209,9.7039,0.06001,-0.19544,0.20474,-0.55589,0.57996,-0.73652,-6.4685,6.3473,-2.015,1.0297,0.094085,-1.9831,0.59606,-0.399,0.29598,-7.7697,-8.0582,-3.4506,0.84903,0.23498,-1.402,0.69074,0.41653,-0.12058
5,9.8635,0.67382,2.9013,0.22895,-0.10207,-0.17445,-0.83558,-0.25787,0.028143,-1.3262,6.7917,6.9628,0.066567,0.035165,-0.050524,0.36465,-0.6589,-0.037934,-0.37671,-0.052067,10.056,-0.053212,0.064861,-0.044101,-0.57954,-0.1726,-0.63704,-2.8441,15.707,-3.6787,0.33974,-0.1897,-1.598,0.046011,-0.68405,-0.15747,2.6909,-3.8986,-0.69987,0.56335,0.55661,-1.9852,-0.15294,0.48533,0.458
1,14.622,1.4936,2.8586,0.11635,0.04372,0.23711,-1.0951,0.12753,-0.31589,13.587,3.2811,1.7921,-0.10451,-0.12443,-0.80118,-0.89844,-0.42887,-0.19403,14.281,1.2672,9.0309,-1.7992,-0.61233,0.45661,-0.38441,0.88619,0.012049,-7.0012,1.2546,-7.2167,-1.3824,-0.42428,-0.82862,-0.079875,-0.79839,0.31138,-12.949,-2.5026,-0.81769,-1.3338,-0.3516,0.80355,0.9574,0.31192,0.014851
2,0.35494,-1.2928,-0.99227,-0.91138,-1.4759,-0.26589,-0.86528,0.32992,-0.39298,3.4962,-6.2987,0.13186,0.2285,-0.63974,1.5175,0.1368,-0.58456,-0.58141,-7.8061,-5.5574,1.663,0.073057,0.12001,0.92335,-0.70164,0.91803,-0.1989,-1.4415,13.373,-3.5432,-0.92507,2.0554,0.46409,0.66088,-0.57232,0.41084,0.91585,-11.405,-0.32158,-0.63903,-1.1504,-0.21467,1.2389,0.29489,-0.23784
2,1.7343,1.4722,-0.24045,-1.092,-0.63736,0.008056,-0.85752,-0.029962,-0.5126,-2.5779,9.4171,-0.40588,0.57274,-1.6648,-2.0671,0.11706,-0.74269,-0.2361,8.9714,0.70779,-0.55564,-0.58256,0.16934,-3.2776,0.22734,1.0102,-0.41718,-7.0597,-2.4288,4.8666,1.4519,-0.36038,2.7529,0.76344,-0.15457,0.39066,1.8272,9.0789,6.1878,-1.6227,1.6719,-0.67179,0.87382,0.68505,-0.20665
8,24.476,1.2165,25.393,-0.31114,0.89017,0.23021,-0.57445,0.47815,-0.30027,-2.212,23.047,-6.3842,-0.098489,0.58582,0.81363,-0.1881,-0.68748,-0.29402,1.9182,-25.032,-7.7447,1.9295,0.84625,-0.52112,0.24605,0.43341,0.59343,-18.079,-3.4035,2.2283,-0.41321,-0.32433,1.9547,0.42296,-0.12349,0.53616,-7.1683,31.37,0.14409,2.1408,0.70568,-2.4924,0.43741,0.076005,-0.47871
6,9.4674,-1.0796,3.2432,0.19522,-0.027546,-0.23131,-0.83349,0.40889,0.11732,1.964,4.7107,8.6887,0.11912,-0.003945,-0.021468,-0.57058,-0.019306,-0.73593,0.88824,-1.4649,9.64,0.012171,-0.14082,-0.032824,-0.46171,0.48829,-0.62162,-6.4188,6.4718,-3.3902,0.56951,-0.56778,-1.5203,0.46209,-0.31707,0.46162,-8.6327,-7.3012,-0.12236,0.48519,0.048722,-1.1443,0.6008,0.28662,-0.34881
7,8.5527,-1.0489,4.0551,0.12725,0.81117,0.1483,-0.64985,0.15279,-0.78686,4.9534,-1.1215,6.7411,0.72457,0.63772,-0.47986,0.13743,0.14849,-0.93718,1.8856,-1.8785,6.9262,0.23313,0.32853,0.36886,0.22449,-0.045654,-0.93613,-1.109,10.334,0.82188,0.17818,-0.011023,-0.52009,-0.37728,-0.86826,-0.24039,-0.049472,-10.384,-1.0615,-0.53227,-0.13605,0.47738,-0.47284,0.8575,0.089252
6,8.095,2.2447,5.1243,0.61054,0.071311,-0.3292,-0.9155,0.21646,-0.20823,0.64468,8.7097,4.7099,0.2183,0.25325,-0.24796,-0.67105,-0.60417,-0.51959,0.87961,-4.8302,8.6863,0.10192,-0.22377,-0.026251,-0.61875,0.69264,-0.56483,-10.762,10.824,-0.55301,-0.32787,-0.052609,-0.66391,0.68688,-0.18782,0.20979,-3.204,-2.4604,-2.4791,0.71365,0.55747,-1.2978,0.53887,0.68845,-0.089251
9,9.4867,1.6967,1.1556,-0.36821,-0.3246,-0.19865,-0.92413,-0.38799,0.035312,10.053,6.2058,0.78823,-1.6175,0.93102,-1.6259,-0.92299,-0.09325,0.1421,8.3143,0.39738,6.7397,-1.8392,0.67487,-0.25803,-0.88738,-0.49193,-0.021416,-10.149,2.7601,-0.2708,-0.45788,0.24104,1.2948,0.99271,0.13658,-0.20559,-11.702,0.51939,0.72182,-0.04945,-0.20747,-0.074632,0.89117,-0.24997,0.26736
8,5.8863,-2.0371,2.4032,0.35931,0.15106,-0.07092,-0.73014,-0.33294,-0.30604,7.5657,3.2287,2.1685,0.088332,-0.3855,-0.90383,-0.41202,-0.56902,0.39185,5.2374,-0.96692,1.9048,-0.44159,-0.58837,0.3028,-0.41213,0.055664,-0.66677,-8.6947,2.9045,1.4515,0.12662,-1.6727,0.42485,0.53296,-0.31698,-0.42625,-10.116,0.019223,-1.7068,-0.28397,-1.2253,0.020045,0.43294,0.23413,0.61235
1,9.5265,0.044351,1.1501,-0.23328,-0.51618,0.43877,-0.77578,0.06249,-0.36115,7.3438,5.6353,3.911,-0.046495,0.18711,-0.36838,0.84744,-0.2376,-0.089239,8.5149,-1.7401,5.6502,-0.16962,0.27819,1.1782,-1.4811,0.51544,-0.80485,-5.1639,2.5473,-1.7353,-0.85645,0.61374,-0.38366,0.24128,-0.87768,0.10135,-10.176,1.1877,-0.96254,-0.56923,-0.277,0.92319,1.0723,0.26937,0.088829
2,12.239,0.05124,5.9328,2.7008,0.3177,1.121,-0.81942,-0.17666,-0.70961,-3.8668,12.618,5.8687,-0.8315,1.654,0.44889,0.46009,-0.83422,-0.33216,-0.40619,-12.347,5.2839,-0.95686,-1.3687,2.8635,0.65109,0.60106,-0.93426,-21.855,5.532,0.64846,-1.836,0.17901,-3.4106,0.40961,-0.54758,0.098266,-15.568,10.502,-4.5654,-0.33098,0.5102,-2.8217,0.4384,0.59177,0.091097
8,11.3,0.46715,5.4282,0.37456,0.28595,0.12085,-0.60321,0.44303,-0.32932,2.7139,5.2879,3.5376,-0.98894,0.49456,-0.44837,-0.38978,-0.32423,-0.60943,4.9078,-7.041,-1.9067,-0.24186,0.10153,0.83651,0.011426,0.607,0.47453,-14.24,1.4687,2.1969,-1.2509,-0.84529,-1.435,0.46203,-0.125,0.50361,-13.952,-7.6804,-4.0729,-0.65505,-0.32677,2.0148,0.43705,0.17354,-0.46329
9,10.797,-2.412,0.42805,2.9511,-0.10485,0.37098,-0.75858,0.33183,-0.027773,10.14,5.541,-0.72473,1.179,0.85697,2.1612,-0.72877,-0.24934,-0.23,8.8352,5.6134,3.7862,0.93189,-9.3442,-0.42658,-0.087404,0.58002,-0.5898,-8.6064,-0.51873,-3.4149,-1.2432,0.33264,-0.31055,0.71474,0.07851,0.44243,-9.2985,-2.3459,-4.9318,-6.7068,0.80216,-0.007908,0.74913,-0.094306,-0.34096
3,7.939,0.048711,-3.6242,-0.80176,0.35524,-0.26037,-0.91336,-0.23769,-0.1487,7.0528,5.7994,2.1333,0.12083,-0.17577,-0.26752,0.33098,-0.84349,-0.2426,9.0776,-2.4566,2.2626,0.18436,0.40791,-0.4503,-0.45367,0.32329,-0.50009,-6.4737,-1.0694,-1.3264,0.19283,-0.017769,0.8834,0.8204,-0.34065,-0.34615,-6.5877,-4.1077,-1.1095,0.26119,-0.50231,0.73899,0.71172,0.36142,0.64972
0,13.727,-1.2295,4.1875,-0.17999,0.3216,-0.028761,-1.0944,0.027345,-0.55856,2.7324,8.563,3.8042,0.44079,-0.17002,-0.22114,-0.34716,-0.74906,-0.70082,2.6658,-6.7486,6.4123,-0.069231,-0.40276,-0.26216,0.029192,1.0021,-0.99517,-11.595,1.3958,-3.4875,0.58391,-0.24451,-0.16324,0.61763,-0.33454,0.38742,-9.3117,5.7288,-2.3286,1.0156,0.84215,0.73462,0.3153,0.68398,0.24282
8,43.283,0.7011,20.292,-0.86949,-0.39241,0.54129,-0.58654,0.44807,-0.31726,-2.9425,27.007,-1.5103,2.8541,0.90425,0.46224,-0.14707,-0.66779,-0.35755,1.2092,-32.52,-6.5791,-1.1943,0.55239,0.11054,0.25528,0.40178,0.60586,-25.827,-10.838,6.4616,-1.4116,0.53131,1.6626,0.42756,-0.15575,0.51582,-22.023,7.1463,2.5278,0.35964,1.3489,-0.70332,0.44748,0.11056,-0.46175
6,8.41,2.1877,4.5576,-0.87155,0.17768,0.24532,-0.92395,0.23871,-0.12338,1.6348,8.1865,4.704,-0.27813,-0.30835,0.19105,-0.71239,-0.53983,-0.53676,1.3533,-4.2616,8.3987,-0.043339,0.24015,0.028521,-0.65482,0.65371,-0.57559,-9.9541,7.8881,0.57437,-0.11005,-0.58708,1.7337,0.68146,-0.30779,0.17559,-8.0684,-6.582,-4.9096,-1.3406,-0.60926,2.0792,0.62073,0.56955,-0.047967
2,0.92771,0.57133,-1.2373,-1.2407,-0.79502,-0.095596,-0.85305,-0.020604,-0.51195,-3.1097,9.2996,-0.65756,-0.78433,-1.2939,-2.0825,0.13037,-0.74491,-0.21833,6.7322,3.2141,-0.036631,-0.14004,0.43545,-3.5737,0.22721,1.0152,-0.37705,-6.1107,-1.1544,4.2612,0.72124,-0.2331,2.6762,0.76903,-0.16218,0.38942,6.7747,15.419,6.7367,-1.5647,0.65445,-0.98059,0.88832,0.7061,-0.22866
9,11.985,2.3897,-1.429,-0.77555,0.90694,-0.02309,-0.80586,0.51601,0.010908,6.4003,3.9866,4.9294,2.0524,-0.29147,-0.48177,-0.477,-0.21015,-0.76624,4.8191,-9.6342,15.928,-2.4501,1.4125,0.72466,-0.60864,0.61091,-0.32594,-10.512,2.2456,-2.467,-2.2352,-0.13917,1.1512,0.67493,0.28715,0.53169,-10.23,-1.9265,-1.9217,-0.55456,-0.47862,1.0098,0.87215,0.18212,-0.24576
1,6.695,1.4789,0.80112,-0.9471,0.004154,0.27023,-0.73818,0.021104,-0.459,7.2838,3.2048,-1.5689,0.027524,0.55607,-1.6151,0.27079,0.91119,-2.2713,5.4424,-1.6571,3.705,-1.461,-0.16631,-0.43683,-1.2335,0.55097,-0.19083,-7.6695,-2.7267,-1.6313,-0.96594,0.16273,1.9987,0.5077,-0.65759,0.32968,-9.2603,-0.16935,-2.0355,-0.16596,-0.15391,1.6341,1.1115,0.58693,-0.10128
9,10.318,-2.9428,0.23377,0.57366,-0.77326,-0.24005,-0.75197,-0.5716,0.10444,2.7567,4.5312,5.406,-0.83556,2.8409,-0.4729,-0.15353,-0.88711,-0.28576,8.8659,-10.714,-2.2896,2.1339,-1.5203,0.81983,-0.57138,0.50944,-0.55026,-9.2032,-11.18,-6.7957,-0.42595,1.6401,-0.2521,0.68578,-0.1149,-0.64669,-11.345,11.233,0.083613,-5.0625,-0.49942,-2.3602,0.78764,0.25363,0.54007
4,8.8786,-1.6402,0.32764,0.015548,-0.022013,0.38661,-0.8787,0.088192,-0.37549,3.0605,7.3526,4.4508,-0.59016,-0.002359,0.79567,-0.40341,-0.93312,-0.62296,0.026817,-8.667,5.4514,0.17815,-0.51024,0.46826,-0.20984,0.52163,-0.61754,-7.7682,2.8027,-2.5797,0.24179,0.017538,-1.4443,0.47856,-0.39893,-0.003578,-8.6249,-5.3115,-0.026901,1.326,-0.22738,-1.1747,0.65152,0.25673,0.11292
6,9.2836,-0.87739,1.945,-0.30668,-0.13068,0.31818,-0.89538,0.33438,0.26732,3.1903,0.96413,9.2894,-0.060095,-0.25054,0.056813,-0.92107,0.001473,-0.65906,0.96885,-1.0161,9.6991,-0.045096,0.18278,0.072962,-0.5544,0.55164,-0.75278,-2.4167,4.054,-0.085986,-0.5969,-0.091958,1.2752,0.57704,-0.53155,0.18925,-8.1628,-10.555,-4.111,-0.06163,-0.086135,1.0341,0.70978,0.36216,-0.13793
6,9.722,-0.77967,0.56794,-0.12317,-0.045805,0.24121,-0.75279,0.3277,0.29274,1.4529,3.8656,9.056,-0.12163,-0.22579,0.22197,-0.4772,-0.11519,-0.62886,1.28,-1.7842,9.8815,-0.037511,0.079647,0.032183,-0.44181,0.52621,-0.55172,-0.56651,4.7654,-1.4043,1.106,0.24059,-0.67829,0.46629,-0.53356,0.32909,-7.6047,-6.0169,-6.571,1.1633,-0.29023,-0.41787,0.63177,0.36032,-0.029319
1,7.8741,1.4757,3.6214,-0.70479,0.13477,-0.19058,-0.81175,-0.11172,-0.74937,10.558,2.312,2.0763,-0.7882,0.9133,-1.4456,-0.77425,-0.82956,0.14946,9.5468,-3.4976,2.4349,-0.77534,-0.50385,-2.2268,-1.3638,1.4142,0.61511,-14.915,-2.5375,-2.646,-0.030539,0.20862,2.171,0.54465,-0.27726,0.16588,-10.026,-1.6637,-2.9289,0.027056,0.40426,2.0655,0.26782,0.61982,0.032161
4,9.6514,-2.204,6.0787,-1.4118,-0.045663,-0.30467,-0.72175,0.28592,-0.63609,-0.32985,10.679,0.37176,0.70306,2.1147,2.5771,-0.001301,-1.1388,-0.14316,-3.1603,-6.5929,5.158,0.21659,-1.0186,-1.9498,0.38455,0.55002,-0.49651,-11.696,4.9848,1.3069,-0.94656,0.2698,0.14963,0.44408,-0.24118,-0.15484,-13.67,-3.7738,-1.4175,-0.97544,-0.38692,1.5454,0.64404,0.21446,0.067492
5,9.5627,0.083434,2.8663,-0.13045,0.065928,0.012097,-0.84403,-0.25938,0.023626,-1.8603,6.9646,6.3285,-0.008343,0.021743,0.020182,0.32905,-0.66913,-0.002584,-0.55166,-0.30358,9.989,-0.034126,-0.030406,-0.009018,-0.56042,-0.17485,-0.65433,3.1372,2.6481,0.91939,-1.3566,0.81526,1.7971,-0.15619,-0.70574,-0.29346,-1.8575,-15.574,-5.5671,-0.88478,-0.077099,1.1352,0.25685,0.32173,0.42194
1,6.4604,-0.33919,1.805,0.44201,-0.25169,-0.29334,-0.74195,0.056696,-0.49492,6.0914,3.935,0.78978,0.82277,-0.19062,-0.20616,-0.44569,-0.5254,-0.86672,6.8919,-2.2307,1.8942,0.39543,0.82881,1.6997,-0.71584,1.1388,-0.56944,-9.0679,1.5839,-1.183,0.3615,0.20287,-0.90274,0.77723,-0.37628,0.32834,-5.7921,4.6202,-1.1975,0.5899,0.019741,-1.1938,0.73699,0.99838,-0.21334
7,7.6207,0.18668,-6.5307,-0.013022,0.003312,-0.021413,-1.0153,-0.023058,-0.052949,3.7227,4.4725,7.084,0.14905,0.10293,0.23512,0.37695,-0.4006,-0.70359,3.6167,-0.76737,8.7416,0.1393,-0.50858,-0.18012,0.33959,-0.24206,-0.78483,2.6883,9.2379,-3.0606,0.30427,0.13265,0.066767,-0.79088,-0.51915,-0.077484,3.7581,-8.9584,-1.4926,-0.25168,0.15693,0.017364,-0.80794,0.40413,0.19208
0,13.669,-0.079492,5.4078,-0.10965,0.42038,0.10019,-0.63029,0.12025,-0.62889,9.8326,3.2198,-1.1148,0.39196,0.086556,0.65065,0.18418,0.093495,-0.60834,11.967,-3.3185,5.1064,0.89164,-0.21181,0.21915,-1.3136,0.66356,0.30228,-7.5697,-4.7923,1.3512,0.15639,1.1643,-0.42211,0.43281,-0.67117,0.28791,-10.623,-6.5518,-2.3214,-1.6165,-0.46297,-0.3269,1.1408,0.35899,-0.077948
5,8.0426,1.6237,4.9844,-0.30357,0.042981,0.08751,-0.5516,-0.26936,0.040356,6.6276,4.1062,5.7738,-0.001088,-0.058883,-0.009626,-0.90606,0.025785,-0.23641,6.6393,-5.2289,4.8682,-0.040838,0.081958,0.018546,-0.88963,0.11649,-0.57365,2.4874,5.6964,0.548,-0.40063,-0.2696,1.0923,0.32941,-0.54854,-0.2866,-0.5737,-14.993,-4.5867,-1.5712,0.023877,0.46623,0.39358,0.34307,0.24563
0,11.2,-1.5591,5.3254,-0.62689,-0.39824,0.074358,-0.76068,0.21027,-0.62646,3.6329,10.116,1.1483,0.17709,0.17479,0.058376,-0.37954,-0.38472,-0.54128,4.6725,-5.7463,6.993,-0.085634,0.095205,0.46093,-0.030237,0.74572,-0.92196,-10.775,10.186,-0.83281,2.2119,1.2412,-1.472,0.45502,-0.74471,-0.17527,-12.58,-0.36772,-0.088229,-1.2795,-0.21753,0.95488,1.1666,0.18027,-0.076238
8,1.9212,0.47303,0.2494,-0.024695,-0.46132,0.042732,-0.36201,-0.018896,-0.72896,0.35635,0.57983,-2.272,0.41263,0.48895,0.27485,-0.49158,-0.48564,-0.27413,0.11908,0.23365,0.163,0.12231,0.18274,-0.15282,-0.41258,0.43501,-0.4405,-0.19961,-0.2643,1.6362,-0.25895,0.052122,0.18024,0.62725,-0.33486,0.03368,-0.38329,-1.7512,0.27001,0.60288,-0.10261,-0.081779,0.61647,0.24822,0.29811
1,7.9336,0.90506,1.834,-0.88716,-0.31456,0.19952,-0.75996,0.06924,-0.39312,8.0016,3.7457,3.4273,-0.003668,0.86144,-0.29027,0.87412,-0.17268,-0.30008,8.3245,-0.34243,4.9668,-0.56946,0.82212,1.7238,-1.5148,0.37923,-0.84631,-5.4107,3.2469,-0.20795,-1.1746,0.67929,0.8736,0.29647,-0.83424,0.16928,-9.9303,2.4811,-1.1803,-0.24309,-0.10565,1.2917,1.0695,0.30648,0.069938
1,6.9645,-0.87998,3.5512,-0.29683,-0.80134,0.087353,-0.68417,0.13022,-0.56662,-0.018879,7.8194,5.0391,0.14946,0.38245,-0.4061,0.028024,-0.17871,-0.62263,0.73589,-6.3231,6.6385,-0.014331,0.53706,0.43172,0.3987,0.83594,-0.6636,-8.7029,-0.40734,-2.7841,0.036507,-0.41075,-1.3329,0.72137,-0.41617,0.42875,-7.1967,1.8065,-2.0854,-0.76749,0.038151,-1.9843,0.62064,0.83966,-0.24271
9,6.2729,-0.14786,-1.2441,0.09852,0.30049,-0.24548,-0.79381,-0.67822,-0.025709,3.5272,4.8998,-10.689,1.8301,-0.56886,-0.4045,-0.44932,0.43977,0.87035,3.1469,-2.8958,6.4935,-0.015063,0.15476,-1.0696,-0.49548,-0.61626,-0.61169,-2.4674,6.2778,3.0384,-0.20609,-1.4111,2.0067,0.53405,-0.39025,-0.82135,-10.512,3.4281,-1.0199,1.013,0.30674,0.36037,0.88803,0.0696,0.64442
6,9.2991,0.29746,-1.3509,-0.19791,0.004474,0.23333,-0.97947,0.40805,0.3903,-1.9214,6.216,7.3654,-0.054257,-0.1064,-0.039073,-0.42911,-0.37143,-0.83662,-0.23107,-0.75062,9.4355,-0.11906,0.090596,-0.068913,-0.51464,0.43411,-0.78651,-7.4728,11.491,-3.981,-0.090301,0.32656,1.1512,0.52362,-0.36036,0.30496,-2.7653,-7.1781,-2.1608,-0.48086,-0.54976,1.6393,0.36639,0.79305,-0.21433
5,6.9782,0.25938,6.731,0.09155,-0.5666,0.17827,-0.65695,-0.18768,-0.09237,4.6503,7.2156,-4.3303,-0.051786,0.13607,0.18484,-0.78956,-0.27316,-0.076887,6.0292,-7.6306,1.6206,0.006142,0.026344,-0.088896,-0.93986,0.32193,-0.60836,8.9943,0.18651,0.4155,-0.093859,0.47386,-0.12657,0.10126,-0.5802,-0.40763,-0.90356,-13.09,-8.0189,0.68516,0.26339,-0.059551,0.34488,0.23212,0.31159
0,6.4472,0.79436,3.2343,0.33634,0.31322,0.089312,-0.73641,-0.24723,-0.78335,4.7357,5.9936,5.6514,0.086091,0.48218,0.22265,-0.45024,-0.83859,-0.76028,6.6027,-4.3203,5.8405,0.006073,-0.11141,-0.043021,-0.63505,0.66257,-1.2711,-8.7784,-0.023363,-0.91025,-0.009668,0.27667,-1.5715,0.33654,-0.66954,-0.026526,-9.3418,5.5313,-1.0797,1.2502,0.20291,-1.8501,0.35161,0.64004,0.34084
3,6.4303,-1.557,0.88926,0.619,0.37486,0.17385,-0.7671,0.28095,-0.67489,5.473,4.6159,3.2161,0.77892,0.000798,-2.086,0.36964,-0.51255,0.20077,4.1405,-5.1938,4.719,-0.48685,1.6096,2.3114,-0.0652,0.51217,-0.61138,-10.507,1.2852,2.7455,0.07739,0.15805,-1.1092,0.84067,0.016163,-0.60642,-7.5841,-1.9537,-0.47625,-0.33203,0.69283,-1.9318,0.71977,0.60883,0.35665
4,7.2273,-0.34668,-2.1118,-0.25908,0.42566,-0.37552,-0.97164,-0.15015,-0.27639,2.386,8.5312,3.9421,-0.46704,-0.78222,-0.71273,-0.67774,-0.37991,-0.19494,2.7329,-6.3882,4.8792,-0.20667,0.23679,-0.4914,0.12447,0.74073,-0.78113,-6.8908,4.2918,-2.4071,-0.78207,0.30271,0.82706,0.70006,-0.22897,-0.012222,-6.274,-3.2014,-2.5731,-1.7982,-0.47656,1.1986,0.49494,0.3804,0.18697
1,13.095,0.40776,3.6702,-0.19423,0.65831,-0.10863,-0.8428,-0.13463,-0.64944,5.5039,3.1955,11.439,0.73325,-0.40025,1.7557,-0.037958,-0.7349,-0.6704,7.9863,-14.406,29.653,2.568,-1.9875,0.46487,0.24824,0.90092,-1.1476,-17.002,-1.7256,0.76976,-1.5089,0.82427,-0.93494,-0.082787,-0.80823,-0.13285,-13.712,-6.6559,0.94326,-1.0967,-0.65145,-0.72743,0.73198,0.27083,0.089392
6,9.3929,-1.5157,1.5157,0.27569,0.10033,-0.12575,-0.90007,0.32639,0.26253,2.5267,1.1274,9.2993,0.018552,0.036599,0.040023,-0.85659,0.004387,-0.72748,0.60741,-1.5089,9.6803,0.045865,-0.15269,0.233,-0.49994,0.59792,-0.74905,-6.4814,7.2353,-2.2687,1.0696,0.10292,-1.7639,0.58878,-0.39198,0.29622,-7.7896,-8.5898,-3.0547,0.64227,0.052605,-1.2387,0.69527,0.40865,-0.1005
8,2.3699,0.93184,2.2402,-0.77512,1.9699,-0.66639,-0.98752,0.17033,0.19806,-1.3895,5.7098,6.7747,-1.2934,-0.038089,1.1686,-0.93164,0.34368,0.11537,3.8854,-0.98228,2.5435,0.024556,-0.63408,-0.3366,-0.93438,-0.14984,0.28236,-0.34186,-1.198,-7.5653,-0.3535,-0.21085,0.29202,0.86044,0.43634,0.19755,-4.1849,0.47021,-0.16972,1.1109,0.25317,0.30762,0.84563,-0.30501,-0.37401
2,-0.79285,-3.4746,-4.6039,2.6753,-4.3204,-0.84505,-0.91494,0.12824,-0.52675,4.8749,8.2326,-5.2555,0.4384,0.99219,-2.5618,-0.70679,-0.61269,-0.26059,10.774,-4.1388,5.0701,0.017845,0.65965,2.1008,-0.50315,0.41209,-1.0364,-42.26,21.956,9.7045,-4.3354,4.6129,0.60266,0.56372,-0.69493,-0.091364,-29.866,-4.7594,-4.2144,-1.301,2.1666,-2.5007,1.0976,0.2653,-0.064876
7,8.4935,-1.7852,4.2549,-0.30994,-0.74732,-0.25228,-0.69734,0.19589,-0.81898,0.60126,6.3183,8.3577,0.50556,0.43802,1.1984,0.46306,-0.19056,-0.81623,1.133,-0.42251,10.068,-0.53024,-0.96555,-1.0524,0.4162,-0.37269,-0.77434,0.93639,9.627,0.80903,0.34222,0.063096,0.67684,-0.54438,-0.77162,-0.18606,1.4909,-9.7158,-0.11623,-0.51179,0.29102,-0.58392,-0.57836,0.76811,0.13848
2,6.4887,-6.5291,-7.2723,0.88751,-4.9597,0.50753,-0.8516,0.24261,-0.57924,3.5626,10.329,-5.2822,-0.002647,0.58625,-2.3964,-0.7672,-0.58386,-0.21243,4.5746,-5.1138,10.066,0.31437,0.24852,1.9341,-0.15826,0.39021,-1.0775,-8.456,-52.12,-11.896,1.8222,-0.70243,1.4232,0.5133,-0.72586,-0.12753,-37.527,-3.02,-0.66097,1.8603,0.89821,-3.3006,1.1002,0.26398,-0.055249
8,7.9974,1.2242,-0.53719,0.034838,0.093031,-0.11677,-0.72707,-0.33885,0.30664,7.1657,3.1295,0.85127,0.099294,0.22191,-0.15154,-0.62848,-0.048508,0.46885,7.1978,1.1636,1.5127,-0.2121,1.0356,0.31594,-0.55228,-0.4118,-0.07245,-7.849,0.1655,-1.2926,0.89843,0.51372,1.1178,0.50366,0.073201,-0.40235,-8.3811,-2.9631,-2.838,0.5703,0.14811,-0.72579,0.43258,-0.32521,0.4853
1,8.9028,-0.46537,2.421,0.34105,-0.27571,-0.2631,-0.73641,0.019688,-0.50399,7.8371,5.2569,0.085274,0.10854,-0.1555,-0.11041,-0.47395,-0.6539,-0.82572,6.7062,-1.9183,1.6783,0.4965,0.45218,0.95366,-0.54406,1.1287,-0.73216,-10.095,0.17379,-2.2672,0.10274,0.060916,-0.92336,0.80225,-0.34647,0.28801,-5.5461,-1.8532,1.6743,-0.1502,0.34576,0.039561,0.68514,1.0191,-0.11917
3,-3.4989,3.1611,4.6167,-0.57094,-0.14712,0.38563,0.53434,-0.25358,-0.77155,5.2604,7.7117,-1.0181,0.058427,-0.29506,-0.94664,0.61642,-0.67789,0.46043,5.7876,-6.3914,3.2004,-0.099179,0.13637,1.1001,-0.236,0.56694,-0.52853,-9.4455,4.1322,1.487,0.16966,0.43603,-1.0419,0.86098,-0.023477,-0.40633,-7.2106,-2.4477,-1.1665,-0.075089,0.49811,-1.8928,0.61919,0.73705,0.55964
9,9.9579,-0.89802,5.2345,6.1692,-0.93409,-1.1876,-0.5966,0.18832,0.69855,-2.1651,0.54014,-12.805,-2.3664,0.12974,-1.889,-0.32524,-0.50127,-0.67457,-3.6005,-10.312,-0.44582,1.0075,-2.3193,-0.43821,-0.37665,0.69438,0.50812,-10.255,0.52338,2.0169,-3.7771,-0.67708,-0.75694,0.8945,0.21419,0.24101,-10.412,-5.2709,0.87562,-0.085469,-1.36,0.13019,0.72687,-0.25286,-0.51575
9,14.441,0.72986,0.061038,-0.18674,-0.92917,0.83288,-0.58467,0.004405,-0.52475,7.7181,13.14,-3.4776,-0.36581,-1.7548,-0.8427,0.27241,-0.45372,-0.13332,2.7702,-8.639,9.0293,-2.6724,-2.2117,-1.0905,0.36413,0.2852,-0.61443,-19.972,-9.3743,-3.6593,-1.2507,0.56034,3.0494,0.74933,-0.43436,-0.071172,-16.179,-2.0252,2.9661,1.262,-0.45046,0.38911,0.55669,0.62401,-0.009976
4,10.57,-0.16049,3.8309,-1.2609,-0.021663,-0.31223,-0.7319,0.017932,-0.49108,0.082699,6.9887,6.2897,0.2892,-0.20535,1.0245,-0.21217,-0.57683,-0.84603,-2.0234,-7.0316,6.3458,-0.93822,-0.061025,-0.34846,0.06737,0.4603,-0.81296,-7.5398,2.5762,0.4913,-0.7878,0.35823,0.69971,0.44221,-0.35811,-0.19794,-11.766,-0.56725,-3.053,-0.75994,-0.27555,1.153,0.55778,0.13192,0.31709
3,9.2256,1.7941,-3.1218,-0.22156,-0.42063,0.039048,-0.9255,-0.076535,-0.29774,3.6575,5.8997,7.3225,-0.53487,-0.57734,1.8097,0.47995,-0.46338,-0.033165,4.1166,-6.835,5.9717,-0.72786,-1.5473,-0.69924,-0.061633,0.49847,-0.61541,-5.6305,-2.3512,-2.0486,1.5979,1.1464,-1.9694,0.86938,-0.34763,-0.18607,-9.6494,-6.9756,-2.6523,0.72933,-0.064248,-0.89539,0.69884,0.39559,0.66227
6,9.0175,3.2683,-0.40324,0.055073,-0.134,0.015933,-0.72291,-0.222,0.39596,0.22257,3.2206,9.5504,-0.065012,-0.019777,0.070442,-0.39897,-0.080516,-0.6599,3.7608,1.9071,8.5361,0.12041,-0.051818,-0.15575,-0.71869,0.28329,-0.4918,-10.577,7.4588,-2.0404,-0.15539,-0.15169,1.1439,0.64862,0.097456,0.14319,-0.47349,-3.2496,0.2463,0.055156,-0.29622,1.1108,0.44426,0.64343,-0.1498
1,7.4501,-0.38637,2.4232,0.70227,-0.17899,-0.30861,-0.74105,0.05331,-0.506,6.7873,3.3156,0.5285,1.4178,0.009596,-0.38352,-0.44462,-0.53411,-0.84481,7.3977,-2.67,1.4837,0.72729,0.70012,1.836,-0.88367,1.2614,-0.63774,-9.1686,2.2014,-1.7262,0.29496,0.14321,-0.95258,0.78079,-0.35403,0.28967,-5.5521,3.9005,-0.39158,-0.17876,0.10715,-1.063,0.68131,0.98754,-0.16584
3,7.8004,0.15782,-2.4485,0.046,-0.19735,-0.005547,-0.86497,-0.057072,-0.43065,4.661,5.6465,6.198,-0.65261,-0.83754,1.7194,0.41617,-0.49735,-0.041684,4.4389,-6.677,5.6305,-0.3268,-1.7725,-0.89433,-0.078849,0.51288,-0.60688,-8.6236,2.1748,-1.5893,0.22093,0.57899,-1.5421,0.89728,-0.2678,-0.16682,-9.2321,-2.9145,-0.46046,0.8207,-0.051004,-1.4976,0.69764,0.48293,0.59685
0,9.7714,-0.91504,2.0306,-0.12261,0.49224,-0.08473,-0.72604,0.13689,-0.65213,12.553,4.7961,0.51229,-1.3593,0.71237,-1.5848,0.009819,0.060819,-1.2594,10.636,-3.0171,3.707,-1.054,-0.29926,-1.6259,-1.2341,0.54332,-0.051299,-11.671,-5.2847,-1.9855,0.30046,0.6539,2.1141,0.87779,-0.28586,0.34542,-10.268,1.0854,-0.90067,-0.61243,0.19593,1.2495,0.9853,0.78334,-0.27914
3,8.4615,1.054,-1.8434,-0.37566,0.43643,-0.068073,-0.86208,-0.29155,-0.27612,5.6508,6.3599,4.9611,0.077347,-0.072488,-0.44729,0.60566,-0.56504,-0.44726,8.5871,-2.8077,3.4341,0.20445,0.58979,0.037377,-0.40564,0.30088,-0.55859,-8.5274,2.3789,-1.0599,0.43765,0.16221,1.156,0.83242,-0.39651,-0.23338,-8.3338,-2.5705,-2.2154,0.14752,-0.35323,0.51816,0.74472,0.34341,0.59683
7,8.4632,-0.17083,-4.69,-0.020884,-0.088456,-0.10357,-0.97981,-0.013983,-0.19861,2.3659,4.8964,9.2307,-0.74726,-0.11371,-0.1864,0.43234,-0.39324,-0.68012,2.5858,-2.7264,9.9668,-0.52499,-0.79336,-0.10066,0.37799,-0.004002,-0.8099,2.8902,8.7157,-0.39919,-0.092719,0.37265,-0.81451,-0.80262,-0.47057,-0.16786,3.5838,-8.6914,-1.4405,0.26504,0.036093,0.6075,-0.81754,0.39191,0.17145
6,9.9635,0.97057,1.6632,-0.175,-0.24646,0.29712,-0.79954,-0.002444,0.31268,0.60045,2.7993,9.446,-0.11132,-0.11768,-0.021433,-0.41895,-0.02017,-0.65395,0.97626,-0.53863,9.7688,-0.073651,0.139,0.076538,-0.48789,0.44833,-0.60109,-9.1932,2.472,-2.8176,-1.7726,-0.52815,2.4213,0.71186,-0.14595,0.16883,-11.951,-10.861,-3.937,-0.61908,-0.87244,2.4246,0.61663,0.3872,-0.14
2,4.8798,-1.5596,1.1653,-0.53012,1.3288,0.24395,-0.73063,-0.096448,-0.79768,3.0193,5.2737,5.3495,0.21139,-1.5432,0.89085,0.079586,-0.81612,-0.85675,1.8658,-4.1535,7.42,-0.050778,-1.2378,-0.19491,-0.04302,0.45528,-1.1825,2.4987,0.4321,6.3491,-1.3252,0.1433,-0.41083,0.16374,-0.7292,0.12857,-11.484,-11.054,2.6646,-0.13443,0.061264,2.7183,0.69719,0.30901,0.023166
2,-3.2132,1.5865,-1.0736,0.25184,0.52746,0.39494,-0.69154,-0.28647,-0.45708,-9.9724,1.3061,1.2851,0.3523,2.1863,-0.06069,0.17469,-0.67838,0.17776,6.1191,3.5649,-0.35225,1.0689,-1.1638,0.09209,0.21829,0.78429,-0.5528,-0.50489,21.172,-4.6012,-1.9444,0.79293,-1.6832,0.80895,-0.12086,0.31553,-0.74961,0.6696,1.5068,-2.0951,-0.64189,2.4225,0.86195,0.79132,-0.28565
1,7.299,0.36974,2.7727,-0.18193,0.12568,0.10118,-0.76246,-0.19804,-0.7113,-0.048936,6.3641,7.3403,0.071667,-0.46083,0.43628,0.25301,-0.61618,-0.86828,0.27691,-5.4345,6.6368,0.092299,-0.38064,-0.52207,0.16306,0.49052,-1.1143,-11.454,-3.1805,-0.69361,-2.0226,0.21018,2.5771,0.38378,-0.62169,0.14186,-10.063,-0.57256,-2.046,-0.94117,0.54034,2.0151,0.44962,0.62266,0.038442
9,1.8333,-0.035572,-1.7269,-1.6011,0.73069,-0.15419,-0.74016,0.33774,-0.39957,7.6361,-2.6404,0.60114,1.0104,-0.37203,2.5213,-0.034443,-0.84124,-0.27148,-5.9009,-6.6534,5.4125,-1.641,0.89748,0.75724,-0.48233,0.68757,-0.39435,-2.4093,8.1902,3.3783,3.2927,1.3632,0.54276,0.74012,-0.41121,0.25374,-6.3603,-3.5039,1.1119,0.32565,-1.0189,-1.0705,0.89751,0.03464,-0.065204
5,8.4548,0.26987,5.7998,0.089642,0.27302,0.056263,-0.65692,-0.13405,0.091616,5.0041,5.8664,5.4027,-0.11881,-0.075001,-0.10547,-0.83672,-0.43716,-0.26716,5.4067,-6.6302,4.6413,-0.11146,0.21732,0.054377,-0.70348,0.32707,-0.67465,-0.57132,5.4836,0.42253,0.6456,0.049447,-2.3341,0.31635,-0.48686,-0.3147,-5.5152,-12.392,0.52803,0.6071,0.13641,-1.8684,0.36446,0.37299,0.13698
2,2.9478,-1.6088,0.60159,-0.85628,0.34695,0.031409,-0.88416,0.097912,-0.48354,2.2015,-0.25986,1.5555,-0.63413,-1.5158,-0.16429,0.28961,-0.74024,-0.35326,-7.996,-1.2741,1.4761,0.55666,0.71897,-0.2385,-0.032573,1.1628,-0.04935,4.9584,-14.34,-1.9386,1.1336,-0.36845,-0.2907,0.5655,-0.50443,0.47576,-7.3627,-12.7,-0.31961,-1.1328,0.004829,2.6675,1.0576,0.18674,-0.097753
8,-1.5843,-0.047281,0.3603,0.32792,-0.046011,-0.15951,-0.3536,-0.022107,-0.72847,-1.4434,1.0965,-0.29777,0.017165,0.12198,-0.53069,-0.46921,-0.50782,-0.25548,-0.9559,-0.91719,0.27412,0.32264,0.005587,0.095692,-0.44309,0.42262,-0.41746,-0.68347,1.0696,-1.8421,-0.78009,0.000413,0.38622,0.6071,-0.36207,0.039144,-0.35837,-0.17742,-0.81163,0.085623,-0.11529,-0.65055,0.59572,0.28853,0.29843
1,13.178,0.70098,3.2541,-0.43214,-0.070817,-0.50989,-0.73365,-0.018265,-0.50404,12.876,4.2814,0.53751,-0.44204,-0.083072,-0.46656,-0.84407,-0.50944,-0.79403,10.715,-1.9875,3.5291,-0.4906,-0.76177,-1.6207,-0.67485,1.0624,-1.0398,-15.566,5.6193,-0.1664,0.98139,-0.72159,-0.32883,0.87699,-0.14575,0.26084,-14.994,-2.4721,1.8936,1.2434,0.81081,0.30638,0.69747,0.93287,-0.26849
1,8.8054,2.2037,-1.5768,-0.8774,-0.23023,-0.24045,-0.74096,-0.00092,-0.47841,9.0484,3.5805,0.75821,-1.7602,-0.19722,-0.61097,-0.78662,-0.53253,-1.0439,10.971,-2.041,3.7376,0.2662,-1.6594,-2.3193,-1.1765,1.1067,-0.37758,-13.211,-1.3504,-3.0334,-1.0966,-0.19836,2.0799,0.83064,-0.30686,0.20626,-11.481,-4.2436,3.2037,-0.6482,-0.2722,1.1692,0.794,0.86614,-0.17084
6,8.8134,2.072,2.6224,0.027283,0.020263,-0.004908,-0.91333,0.39182,-0.12954,-2.7044,6.2379,7.3823,-0.035665,0.010182,-0.020216,-0.26706,-0.34184,-0.87079,-0.008418,-4.5241,8.8781,-0.1035,-0.011444,-0.049931,-0.31162,0.75757,-0.55668,-9.5001,6.583,-1.7692,-0.42981,-0.022214,0.70107,0.60599,-0.28397,0.33103,-2.3396,-3.9369,0.82861,-0.99884,0.079835,1.8933,0.3501,0.6985,-0.43967
4,13.708,0.21041,1.6485,0.72425,-0.15793,-0.17325,-0.82871,-0.19121,-0.26695,-3.0911,6.8355,4.1558,0.44908,-0.028739,0.58581,-0.066178,-0.65137,-0.85676,0.68192,-8.5934,6.112,0.34708,-0.52162,-1.8452,0.25788,0.52629,-0.90534,-13.716,-2.242,-4.153,0.6368,-0.23418,-1.3069,0.68675,-0.079062,0.026295,-9.6378,-0.82679,-1.342,0.99092,0.73585,-1.0279,0.37166,0.37693,0.25172
6,9.9719,-0.43728,-0.54434,-0.10562,-0.11681,0.30243,-0.74568,0.29612,0.34797,-0.086812,4.7572,8.6121,-0.059432,-0.084258,0.15524,-0.37168,-0.19856,-0.67842,0.84305,-2.9868,9.5301,-0.22321,0.39957,0.05184,-0.36308,0.60144,-0.52455,-1.6083,5.4491,-1.013,-0.031181,0.12426,0.36674,0.47159,-0.54005,0.32273,-7.2918,-5.7822,-6.7144,-0.22514,-0.097852,0.031799,0.63153,0.35516,-0.024529
8,-6.2117,0.60897,0.21742,0.97351,-2.0777,0.10214,-0.8127,0.30608,-0.29389,-6.5341,-1.8894,2.3761,-0.35122,-0.10756,-0.25473,-0.62811,-0.18762,-0.25795,-3.6949,0.34772,3.2653,1.8058,-0.97276,0.10342,-0.72644,0.35623,0.05245,0.3554,4.8705,-1.047,-2.8631,-0.4466,0.11913,0.65363,-0.13145,0.4499,-4.6272,3.9776,-0.12,0.67088,0.56101,-1.652,0.60073,0.2575,-0.28652
5,8.025,0.064705,4.6701,0.14082,0.23075,-0.26968,-0.63953,-0.18406,0.089459,4.9682,6.4975,4.992,0.099011,0.025262,-0.31626,-0.83546,-0.41739,-0.23622,5.4295,-5.7422,6.1523,0.10608,-0.19839,-0.3136,-0.7934,0.28024,-0.63272,-5.8965,10.335,1.24,0.14946,0.21358,-1.6843,0.35032,-0.41706,-0.24149,-0.94219,-10.05,-0.23411,0.55098,-0.18685,-1.9577,0.25884,0.51529,0.11339
3,-0.70113,4.5384,2.9005,0.5098,0.62693,0.15422,0.44,-0.21961,-0.84235,3.5024,7.5858,-0.5623,-0.22345,0.93193,0.32576,0.55135,-0.6572,0.51133,4.3418,-5.9711,5.8684,0.40364,-0.87731,-0.53485,-0.19569,0.57007,-0.53151,-10.727,8.5113,0.39137,-0.86698,1.2983,-1.7409,0.75394,-0.33413,-0.4226,-8.2227,-6.7436,-1.9931,0.53349,-0.025922,-1.4865,0.70099,0.51992,0.65018
4,11.548,2.2143,1.4139,-0.95236,0.46047,0.48557,-0.81782,-0.13125,-0.3119,3.0171,6.2096,6.0182,0.49378,-0.87957,2.8255,0.002414,-0.75657,-1.0325,-5.7246,-5.8351,6.6174,-0.75246,-0.64594,-1.5798,0.17964,0.44062,-0.74761,-5.724,-2.1284,-0.56321,-1.4248,0.35451,0.37538,0.52245,-0.33872,-0.10641,-13.252,-1.9548,-2.9152,-0.68985,-0.56324,1.7875,0.60919,0.13648,0.25213
1,13.945,-1.6449,1.7086,0.27489,-0.18073,-0.40019,-0.94153,0.089061,-0.41502,11.666,0.81198,4.852,0.33156,-0.081268,-0.12502,-0.024784,-0.13448,-1.2601,11.97,-2.4183,2.1376,0.60915,-0.48363,-1.0797,-0.59042,1.3755,0.052225,-13.284,0.67782,-1.6993,0.37619,-0.31369,-1.0272,0.7615,0.021795,0.44044,-5.3778,-3.568,-2.6444,1.2477,-0.054638,0.2236,0.67433,0.86865,-0.20313
4,13.325,0.63416,0.79706,-2.8792,-0.71899,-0.36677,-0.8499,-0.093349,-0.26557,-1.8888,9.1046,4.5195,0.33776,0.5654,-1.0204,-0.11177,-0.6639,-0.87667,1.9702,-7.7202,4.9591,-0.118,0.78291,1.2432,0.13956,0.55022,-0.89438,-13.533,-2.5859,-3.3589,-0.95207,0.29038,2.4413,0.58441,-0.32503,-0.046363,-13.587,-0.62747,-1.265,-0.3828,-1.008,1.3169,0.60128,0.22191,0.2206
3,13.534,-0.43835,-1.2618,0.77901,0.65534,0.2858,-0.78073,0.011274,-0.45838,5.8896,6.7248,4.1357,0.089785,0.17301,-0.23891,0.18527,-0.35715,-0.13614,4.3757,-7.3412,4.8296,-0.39068,-0.13555,-0.075994,0.01879,0.52467,-0.62085,-17.07,3.8586,-1.307,0.35569,0.12794,-0.751,0.68021,-0.31983,0.29172,-6.6618,0.7358,-0.51236,0.47684,0.053577,-0.11676,0.51826,0.76639,0.1639
6,9.6388,-0.75399,0.37663,-0.22676,0.01553,0.29334,-0.85413,0.33438,0.38272,3.3656,0.85662,9.1854,-0.099835,-0.22677,-0.041905,-0.92232,-0.025357,-0.65677,0.78995,-1.175,9.6877,0.016312,0.19525,0.007617,-0.53607,0.56459,-0.75537,-8.5267,8.6639,-2.302,-0.82356,-0.28045,1.6217,0.62779,-0.3046,0.28441,-8.0331,-7.1502,-3.9056,-1.1686,-0.5283,1.8185,0.64203,0.50999,-0.10832
0,7.0643,0.68838,2.4595,-0.10571,-0.074814,0.14783,-0.64755,0.07647,-0.60323,6.8082,1.5106,-0.64725,-0.77546,0.11789,-1.3963,0.33819,0.054585,-0.53586,7.1772,-4.2576,4.0506,-0.1767,-1.08,-0.70211,-1.2669,0.40919,-0.06122,-4.201,-5.7054,-1.5198,-1.2846,0.67481,0.075527,0.41885,-0.67659,0.31903,-8.2317,-3.4134,-1.3039,0.21261,0.058096,1.2726,1.0712,0.59317,-0.093931
7,7.0553,0.46818,5.8283,0.76952,0.07707,-0.31007,-0.5049,-0.052818,-0.87621,-3.3714,0.39101,10.02,1.2728,0.25616,-0.3871,0.41499,0.036949,-0.83136,-3.5694,2.5417,8.6531,-0.27905,-0.61935,0.31116,0.12403,-0.30574,-0.85446,-0.50764,11.061,-1.0705,-0.19648,0.076066,0.55067,-0.47905,-0.78382,-0.091055,0.32577,-9.765,-1.4018,0.16017,-0.10895,-0.49033,-0.49962,0.758,0.2127
4,12.338,0.46315,0.38923,3.8447,-1.0879,0.72923,-0.8193,0.19289,-0.55421,-6.3129,11.035,0.40601,0.039584,-0.31705,-2.6191,-0.11179,-1.1952,0.001776,-5.6505,-9.1315,6.7032,1.1661,0.69117,2.105,0.23808,0.33229,-0.77843,-15.736,-2.0471,-2.3061,-0.24153,1.2707,-1.4492,0.5447,-0.20815,-0.21332,-18.733,-2.8654,0.76458,2.0104,0.47918,-2.3964,0.45178,0.34475,0.12479
1,7.9441,-2.1832,2.192,0.22499,0.60644,0.17767,-0.7659,-0.079331,-0.74552,0.23754,7.2046,5.8364,-0.23269,-0.1395,1.0945,0.08415,-0.91351,-0.62508,1.0375,-6.277,6.8038,-0.1648,-0.93058,-0.23543,0.21653,0.77742,-1.0958,-11.568,2.3178,-0.18242,0.39533,0.19345,-1.7748,0.13857,-0.7882,-0.008072,-15.645,3.6863,-0.28207,-0.64865,0.22235,-2.116,0.65023,0.43097,0.079408
7,9.6509,-0.13717,3.8218,-1.1163,-0.002043,0.18399,-0.79346,-0.048496,-0.55256,5.3183,2.8876,7.9805,-0.13562,-0.1282,0.58748,0.076836,-0.20349,-0.92181,4.9621,-1.2609,7.8471,0.35905,-0.12088,0.06776,-0.025123,-0.01064,-0.93695,-0.336,9.2352,0.43038,-0.022783,-0.007855,0.39977,-0.43387,-0.82703,-0.22282,0.22875,-8.9539,0.80618,-0.007041,-0.082643,-0.5958,-0.50934,0.82754,0.010672
5,8.3016,-0.58326,5.2273,0.1712,0.39739,0.12216,-0.65073,-0.079675,-0.015492,7.1146,3.9562,5.6777,-0.077598,-0.13859,0.061747,-0.90065,0.02151,-0.11022,6.3083,-4.8687,5.9772,-0.094199,0.28657,0.019616,-0.80567,0.029472,-0.64012,-1.9663,9.53,-0.74137,-0.8224,0.53509,2.6366,0.2356,-0.61133,-0.069791,-4.2457,-12.89,-0.78902,-0.58506,-0.070127,2.6352,0.34906,0.46217,0.16115
6,9.3875,0.14964,1.507,0.11648,-0.46575,-0.32003,-0.85811,0.31718,0.20677,0.20696,4.4096,8.7335,0.37156,0.18039,-0.088989,-0.45591,-0.057861,-0.77776,0.61132,-1.7025,10.957,-0.001367,-0.27291,0.078943,-0.37279,0.51576,-0.65303,-8.1214,11.709,-6.0474,-1.0183,0.33011,0.41179,0.56827,-0.046385,0.33279,-1.6023,-3.6494,0.34409,0.85968,-0.078109,-0.71235,0.45849,0.53339,-0.38754
3,14.694,-0.64263,4.6541,-0.46539,-0.053511,0.17067,-0.65594,0.13179,-0.63788,3.6402,8.4982,4.7865,-0.000297,-0.13751,0.39759,0.35556,-0.35024,-0.082028,1.9805,-5.9457,8.7013,0.080547,0.13793,0.20895,0.26326,0.34406,-0.72068,-9.1057,1.9651,0.002471,0.74018,0.11346,-0.48537,0.38987,-0.86943,-0.10125,-15.843,-3.665,0.10034,0.36172,-0.29963,0.16707,0.90577,0.36432,0.19705
8,-2.5607,0.25305,-1.456,-0.40265,0.33711,0.18328,-0.71036,-0.32469,-0.34163,-1.9306,-1.0742,1.7509,0.16455,-0.046627,-0.26792,-0.36809,-0.63663,0.31266,-2.2608,0.93482,1.3673,-0.3516,0.076118,0.061234,-0.41648,0.09502,-0.65275,1.4708,2.4786,1.2969,0.51627,0.21806,-0.24148,0.4505,-0.2958,-0.50802,-0.95167,1.274,0.48801,0.14669,0.19521,0.11846,0.46264,0.18345,0.60019
5,8.5832,-0.85219,5.6618,0.23036,-0.095053,-0.3321,-0.79733,-0.076487,0.009401,4.449,8.541,-0.18949,0.20259,-0.11323,-0.46988,-0.78184,-0.31577,-0.21951,6.7343,-5.2257,5.3725,-0.07475,-0.006988,-0.051536,-0.9486,0.013236,-0.68642,-4.4998,9.2737,1.0756,0.34995,0.14173,-3.0372,0.2588,-0.47676,-0.23723,-2.7956,-12.826,-2.9925,0.66804,0.75969,-2.0215,0.2685,0.40427,0.21046
9,7.4691,-0.4133,-0.31078,0.59995,0.71296,0.55334,-0.81417,0.39883,0.49353,6.6689,3.0529,-0.11725,-1.0568,-0.88966,-1.0839,-0.84288,0.006453,-0.31052,-1.0731,5.7821,-0.059905,-4.6242,-6.2221,-1.0016,-0.88387,0.31783,-0.15824,-7.9942,8.0409,-1.1845,-0.99072,0.71393,0.072186,0.78892,0.16998,0.43066,-9.0947,-9.0045,1.2565,-0.92789,-0.48461,0.50277,0.6708,-0.51287,-0.25797
1,11.818,-1.3594,7.6574,-0.59767,-0.3919,-0.24472,-0.72325,0.18253,-0.63754,0.42741,10.04,0.94471,-0.10564,-0.51821,0.008839,-0.19148,-0.56215,-0.46952,2.4227,-6.4045,7.4336,-0.16459,-0.53124,0.22852,0.18281,0.71603,-0.82227,-14.646,13.167,2.4083,0.78736,1.0219,-1.7556,0.38552,-0.82961,-0.028432,-10.603,-4.0599,-1.9684,-1.222,-0.33911,0.61798,1.1079,0.27974,0.050746
8,-1.0321,1.3774,0.36733,0.000889,0.2336,0.48061,-0.61633,0.45291,0.29312,-1.4499,-0.79941,1.4662,-1.1247,1.2444,-0.82825,-0.64123,0.13442,-0.27605,-0.6979,-0.27759,0.060231,0.2782,1.0631,-0.061311,-0.74788,0.32656,0.1389,-1.0705,-4.2348,1.9905,-1.7123,0.047064,-0.1163,0.64494,0.052296,0.58961,-1.1641,2.7909,1.5388,1.1939,0.019662,-0.085656,0.62589,-0.25679,-0.27572
2,14.318,-1.5273,4.9208,1.892,0.61387,0.16059,-0.87752,0.057319,-0.86863,-4.2841,15.918,3.9123,0.12097,1.1615,0.68685,0.32962,-1.0607,-0.37866,2.5211,-12.122,1.2294,-0.017459,-1.2763,1.4031,0.76806,0.61086,-0.91239,-21.936,1.0957,-4.8426,1.1703,-0.052246,-3.323,0.47063,-0.58474,0.25179,-15.946,10.628,-0.35132,1.7332,1.2484,-2.1614,0.40402,0.64219,0.37782
6,9.5398,-2.1776,2.5822,-0.043893,0.046563,0.21938,-0.97318,0.54203,0.099741,-1.0038,10.067,4.7547,0.084657,0.20017,0.08692,-0.52138,-0.61689,-0.65333,1.4553,-2.0749,9.3261,-0.013973,0.29376,-0.009783,-0.54834,0.58344,-0.61546,-10.477,7.2139,-0.091999,0.30541,0.12661,1.086,0.60993,-0.24177,0.29235,-2.3862,-3.4542,1.2228,-1.1447,-0.19968,1.4334,0.46928,0.58405,-0.3439
0,10.943,1.2193,1.5165,-0.51677,-0.042358,0.039659,-0.65975,0.0334,-0.58578,11.489,4.1755,-1.0226,-1.8037,0.28852,-1.5632,-0.37408,-0.23508,-1.3348,10.555,-2.301,3.7527,0.92612,-1.6802,-2.7039,-0.79771,1.0148,-0.59447,-13.557,-4.4878,-1.6767,1.8468,-0.47379,2.1498,0.65099,-0.47034,0.25349,-10.694,0.68111,-0.35816,1.0266,-0.24202,1.0568,0.97648,0.78304,-0.23006
0,7.6987,-0.42802,3.8413,-0.57162,-0.45494,-0.15169,-0.65815,0.10419,-0.62419,1.1773,7.4097,5.3555,0.14948,0.22031,-0.37154,-0.060401,-0.26649,-0.63967,2.1712,-5.6672,6.8985,-0.11487,0.57637,0.18474,0.25818,0.72228,-0.89837,-8.9652,-1.8911,-1.9794,0.74597,-0.098965,-0.90286,0.71339,-0.3703,0.40483,-4.9849,3.778,-2.8296,-0.3961,0.095565,0.14552,0.69714,0.72889,-0.18182
4,7.7451,-0.14987,2.3666,0.20358,0.8854,0.027525,-0.70554,0.005861,-0.58387,2.798,7.5111,5.9583,0.34489,0.31257,0.50497,-0.12506,-0.95164,-0.77046,-9.5771,-7.264,5.8922,-0.27134,-0.12709,0.09419,0.35778,0.60062,-0.50306,-6.455,-0.68634,-3.4262,2.1161,-0.39534,-1.5189,0.4628,-0.31511,-0.15661,-6.5353,-9.9742,-0.78621,-0.005242,-0.55812,-1.2224,0.65343,0.18699,0.060665
7,9.5792,0.63276,4.0874,-0.075443,0.69277,0.054771,-0.5182,-0.12105,-0.80319,2.0106,1.9824,12.663,0.15868,0.89411,-1.1191,0.4082,0.094924,-0.86584,2.0186,-1.7006,14.353,-0.2655,0.83389,1.1287,0.28962,-0.25204,-0.8681,-0.49993,9.1723,0.83262,0.089013,-0.004954,-0.37659,-0.44706,-0.82186,-0.22391,-0.10219,-9.641,1.0244,0.089015,-0.088476,0.36831,-0.50044,0.83479,0.013342
7,7.624,-0.16417,6.1417,-0.40969,0.34662,-0.045664,-0.3346,-0.045229,-0.89991,-5.8028,1.7179,7.3262,0.023707,1.2518,-0.8343,0.90209,0.074944,-0.33719,-3.9599,1.2218,8.6958,-0.16239,1.1042,0.50992,0.68237,-0.37915,-0.55042,-1.8181,9.2775,1.5933,-0.51041,0.027907,0.26147,-0.30137,-0.86076,-0.29159,-0.57466,-9.746,1.7892,0.059163,0.024026,-0.27864,-0.45591,0.85233,-0.081187
1,12.437,-0.044803,3.7015,0.056176,0.67466,0.30963,-0.87521,-0.080628,-0.67508,-3.1291,8.6774,4.0352,0.33983,0.64962,0.74302,0.55824,-0.88956,-0.62613,-3.4323,-6.2041,6.8815,-0.38743,-0.74366,0.36928,0.68693,0.6414,-1.1299,-13.238,-2.9845,1.5649,-1.0617,0.42654,-0.90701,-0.099834,-0.85549,-0.2198,-12.599,-6.0115,2.38,-1.7821,-0.92249,-0.5401,0.7131,0.28996,0.11041
7,8.4078,-0.79788,5.3306,0.1786,-0.65411,-0.14848,-0.43706,0.007971,-0.86507,-5.7997,7.1085,0.17355,-0.5964,0.091611,0.57889,0.75726,-0.56327,-0.17038,-4.7012,-2.7611,9.3152,0.26631,-0.41305,-0.30685,0.53836,-0.15305,-0.78981,1.4664,7.9212,4.1186,-0.10249,-0.23962,0.56448,-0.55695,-0.6838,-0.39355,-1.348,-9.6762,1.6583,0.076897,-0.027011,-0.76925,-0.38341,0.89382,0.000442
8,25.26,-0.001471,8.2853,-3.3167,-0.27042,0.80797,-0.76656,-0.38003,0.14838,14.668,4.1215,3.0017,0.068868,-0.81139,0.36148,-0.6654,0.064733,0.41073,14.841,-2.6195,0.64332,0.067621,1.1999,0.35992,-0.54278,-0.40875,-0.13148,-19.196,-1.6932,-8.9611,1.1429,1.3131,0.78166,0.47467,0.000925,-0.45152,-17.839,-4.2391,-5.7414,-0.33801,1.228,-0.91917,0.42879,-0.30747,0.50962
5,7.2917,0.50754,6.9303,-0.000796,-0.38677,0.15087,-0.65919,-0.19709,-0.08589,4.4504,7.3661,-4.4635,-0.069549,0.11007,0.12942,-0.75837,-0.3369,-0.11226,6.1683,-7.8242,1.3308,-0.008748,0.007772,-0.042108,-0.88651,0.37823,-0.65444,6.5122,3.0542,0.55849,-0.33045,-0.087726,0.72729,0.12082,-0.58088,-0.40019,-0.70082,-12.167,-7.9039,0.14498,-0.11714,0.27022,0.34152,0.23447,0.31216
0,7.0917,-0.17664,3.7858,0.031364,-0.21406,-0.092065,-0.79382,-0.083111,-0.91894,7.1619,4.2106,2.7421,0.53751,-0.15684,0.089921,-0.78745,-0.62585,-0.33484,7.2376,-2.2507,1.8735,0.61122,0.5498,0.78621,-1.0847,1.3292,-1.1159,-9.2226,2.4524,-2.7962,0.95178,0.13816,-1.0693,0.51381,-0.50022,0.30205,-6.5655,5.3286,-0.23619,0.85011,0.42082,-0.8932,0.27888,0.67917,0.39466
0,13.342,2.347,3.4776,-0.36622,0.16976,-0.087659,-1.1018,0.060374,-0.53063,2.0047,8.4837,5.5742,0.019609,0.44407,0.36484,-0.34957,-0.64604,-0.79897,1.862,-6.3087,7.4346,-0.003794,0.07,0.49469,0.1358,0.94625,-0.99766,-7.8259,2.7293,-3.6074,-0.14821,0.25227,-0.57056,0.058703,-0.7545,0.28376,-11.134,-4.0526,-1.6491,-0.67209,-0.36693,0.42899,0.84463,0.29012,0.044226
0,8.2086,-0.50239,1.7709,-0.83247,0.37207,-0.047252,-0.76907,0.11611,-0.63509,11.219,3.2014,0.33261,-2.4467,1.0577,-2.0433,-0.48487,-0.079696,-1.0566,8.0979,-0.030608,2.1214,-1.2614,0.046007,0.24832,-1.1906,0.33113,-0.26327,-8.744,-5.3967,-0.19922,-0.39328,0.49973,2.2407,0.84235,-0.35992,0.27889,-9.2034,-0.78535,-2.537,0.1474,0.48453,1.3261,0.98654,0.73131,-0.25427
8,3.5257,-0.7392,0.4936,-0.1705,0.34503,-0.047915,-0.72815,-0.34466,-0.27756,1.687,0.73879,1.5672,0.37979,0.037979,-0.29917,-0.38991,-0.54408,0.43672,0.22536,-1.4803,1.5044,-0.67819,-0.27486,0.25316,-0.44099,-0.044808,-0.63447,-3.8203,-0.45731,-1.7161,0.068862,-1.4212,0.88166,0.50821,-0.25125,-0.47244,-3.1923,2.8208,-1.6688,-0.085394,-1.326,-0.3496,0.41456,0.18351,0.63453
6,8.5315,1.3028,4.8558,-0.20832,0.44423,0.24385,-0.91867,0.26986,-0.12667,1.3736,8.1555,4.8175,-0.20369,-0.27149,0.14455,-0.72344,-0.53733,-0.53258,0.9211,-4.9697,8.5054,-0.17793,0.25156,0.085646,-0.62447,0.69156,-0.56437,-4.9205,4.3897,-1.4615,-0.53534,-0.39711,1.7957,0.66057,-0.45687,0.11085,-8.8034,-10.502,-7.7156,-0.35691,-0.44868,1.2728,0.70372,0.4395,-0.074678
2,24.106,0.55411,-1.5004,-0.92978,-1.49,-0.65778,-0.94995,-0.14788,-0.77279,-5.9478,17.359,1.8623,-0.57849,-1.2768,-2.175,0.69987,-0.95352,-0.37122,3.6856,-17.783,4.7481,1.5685,1.6003,-1.2744,0.33809,1.0031,-0.91713,-21.762,-1.558,-2.4217,-0.016857,0.15038,2.382,0.58313,-0.53855,0.21753,-6.8686,32.546,6.7685,-2.6431,-0.89096,0.057913,0.28619,0.67309,0.43987
9,8.5564,1.871,4.2337,0.070961,-0.064008,-0.1313,-0.5986,-0.39941,-0.64192,-3.1706,11.025,6.3204,-2.6808,1.6399,-2.954,0.71803,-0.42308,-0.54275,-0.8125,-14.653,5.5878,0.87349,0.76783,1.9291,0.41064,0.33132,-0.80381,-10.154,0.71921,1.0338,-0.13009,-0.081185,-0.021768,0.71474,-0.55324,-0.3167,-9.4305,0.23805,-1.7292,0.011613,0.02459,-0.014443,0.77921,0.42539,0.51974
1,9.1668,-1.0018,3.8656,0.34049,0.3542,0.30083,-0.81887,-0.060732,-0.74738,10.553,1.86,3.4022,1.0314,-0.75847,1.5272,-1.0018,-0.54345,0.012893,12.198,-2.9175,1.3347,0.78601,0.63953,1.9185,-0.63411,1.5124,1.0403,-11.816,-0.33937,-2.8274,0.61531,0.49303,-1.856,0.18816,-0.58608,0.045563,-16.515,4.3237,-2.7326,1.2862,0.35487,-2.8558,0.64122,0.27236,0.1377
2,7.656,-1.6641,-0.77294,-3.2764,0.90227,-0.65178,-0.82618,-0.080558,-0.70836,1.9998,4.8508,1.4215,1.4858,-3.4193,-0.52451,0.60009,-0.67414,-0.61082,-6.427,-2.5087,0.88137,-1.0821,1.6867,-0.36788,0.3618,1.0352,-0.49223,0.47793,-10.457,-1.5528,0.85062,-0.014666,0.98498,0.16872,-0.70383,0.16026,-12.726,-8.2884,5.4738,0.12685,0.49189,3.1772,0.72327,0.26072,0.023265
7,9.7335,-0.023282,0.25349,0.16536,0.078568,0.023929,-0.785,-0.095818,-0.55694,-2.2723,4.6552,8.1964,-0.15992,-0.15607,0.22321,0.6982,-0.12492,-0.63659,-1.1428,-2.2681,9.1108,-0.36439,-0.29806,-0.068647,0.52545,-0.20705,-0.75825,1.4762,9.029,-1.8973,0.07184,0.18554,-0.14738,-0.69534,-0.66955,0.0256,1.571,-8.4417,-4.3894,0.17597,0.011274,0.064992,-0.7069,0.56098,0.35161
4,11.743,0.7525,2.9729,-1.0588,-0.30578,0.11245,-0.80945,0.002449,-0.4633,1.4718,9.2312,4.105,0.31993,0.058463,1.2797,-0.27805,-0.8788,-0.50684,-2.8353,-8.4373,6.7644,-0.068317,-1.1263,-1.5451,0.032332,0.52091,-0.68708,-10.744,-0.031067,1.722,-2.4174,-0.1296,1.3803,0.50317,-0.20285,-0.072247,-13.194,0.98713,-1.2743,-1.1679,-0.34804,1.143,0.63555,0.19615,0.20708
2,-0.91581,-1.9592,-1.2193,-3.895,-0.67156,0.39142,-1.0711,-0.006268,-0.51025,-9.7851,-2.0752,2.7637,-0.99987,-2.8902,-2.4678,0.47777,-0.73743,0.078009,9.3119,-0.94634,0.38331,1.4525,0.54446,-2.6563,0.77392,0.28329,-0.88659,-2.9891,0.96054,1.8197,1.8866,0.80074,2.2616,0.67286,-0.19616,0.37575,-3.6033,-11.234,5.5806,2.2684,1.4496,0.145,0.52,0.66136,-0.026317
2,0.46957,-1.655,1.5919,-0.82889,0.15308,0.1208,-0.65372,0.15807,-0.60794,8.0211,-1.3848,-1.7534,0.5177,-1.6435,0.16608,0.27103,-0.78527,-0.031078,-5.8224,-3.2918,2.4896,-0.87486,1.6674,-1.5644,0.017466,0.97047,-0.17018,10.621,-19.588,-3.7328,2.6015,-0.1491,-1.1439,0.42342,-0.6713,0.37563,-1.2415,-10.779,-5.8101,-0.38244,-1.0379,1.5444,1.1846,0.4041,-0.21184
3,12.492,-0.047681,5.5754,0.609,-0.20694,-0.58004,-0.61802,-0.15743,-0.71644,-0.98975,8.6483,7.15,-0.031876,0.75062,-1.3336,0.81983,-0.60854,0.13271,4.7305,-5.4795,6.5157,0.69234,0.37802,0.90513,0.27386,0.47305,-0.56801,-5.8629,-0.53804,3.1199,0.29337,-0.15053,1.7247,0.69155,-0.61472,-0.47005,-23.237,0.49238,1.7231,-0.14752,-0.3923,1.994,0.66249,0.38473,0.56993
8,28,-6.3551,8.9386,-0.10156,0.064061,0.054641,-0.7337,-0.35315,-0.23522,20.932,7.1593,1.0047,1.1403,0.76742,-0.11077,-0.37931,-0.58022,0.37102,20.991,-9.7009,11.959,1.9817,-0.72148,0.05527,-0.34296,0.009735,-0.68156,-10.81,-27.776,-7.6041,2.461,-0.46135,-0.70188,0.51549,-0.29845,-0.43023,-12.676,25.423,-3.1128,0.45515,-0.62802,0.031544,0.35482,0.19195,0.67445
1,10.987,1.6884,2.2201,1.0152,1.1665,0.22586,-0.82473,-0.20045,-0.67741,0.31422,7.1656,6.7804,0.027159,-0.9852,0.03021,0.023218,-0.78794,-0.65566,0.3424,-8.4713,8.6267,0.1438,-0.33608,-0.85251,0.26976,0.76951,-1.1362,-13.691,9.3705,0.22583,0.67046,-0.48573,0.91539,0.57802,-0.36738,0.14344,-21.701,-22.757,4.9798,3.6888,2.9687,0.55571,0.16395,0.75747,0.027274
8,-0.73581,-0.27738,-0.058532,0.24928,1.5619,0.19952,-0.425,0.026059,-0.6809,-2.6774,-4.3898,2.7208,0.76174,-0.053435,0.2371,-0.55093,-0.42645,-0.28429,-1.2817,0.12433,1.2652,0.72208,-0.62018,0.7608,-0.49228,0.37299,-0.41451,-1.3018,8.3135,-2.859,1.7814,0.13695,-1.1257,0.66404,-0.28828,0.041778,1.3778,-6.5951,-4.9691,-1.7112,0.33971,1.3635,0.64778,0.19896,0.31559
1,5.9814,0.030608,3.9097,0.24088,-0.15566,-0.12068,-0.8498,-0.14217,-0.68787,6.2164,2.8097,3.5679,0.49816,-0.27275,0.19753,-0.83748,-0.46326,-0.064126,5.1119,-2.4872,1.0026,0.36529,0.26432,1.1805,-0.70406,1.6555,-0.17445,-9.0666,0.80763,-2.3298,1.2893,0.25639,-1.9119,0.59135,-0.25806,0.14445,-7.0834,0.1982,-0.59109,0.21084,0.3314,-2.3661,0.19101,0.61103,0.13897
0,9.5327,-0.92049,2.1906,0.86231,0.04477,-0.3157,-0.76978,0.16958,-0.6586,4.355,7.9759,1.6034,0.043775,0.46503,-0.25355,-0.40048,-0.39038,-0.54467,5.6246,-4.4725,5.59,0.17998,-0.24849,-0.036242,-0.19681,0.69261,-0.9575,-9.026,0.20503,-1.3003,0.56095,0.72021,-0.55872,0.70584,-0.54494,-0.061918,-9.7912,2.8474,3.298,2.0257,1.1674,-1.5504,0.70351,0.63424,0.30159
7,9.9712,-0.76173,-0.72075,-0.004759,-0.24806,0.072569,-0.86489,-0.041788,-0.44535,2.7963,4.3567,9.6859,0.011058,-0.072774,-0.020974,0.28716,-0.2463,-0.86522,2.5693,-0.43929,10.179,-0.20518,-0.086165,-0.015614,0.23655,-0.17201,-0.89398,1.091,8.7308,-2.2507,0.018788,-0.027187,-0.5728,-0.60029,-0.75494,0.029877,1.437,-7.8402,-5.1237,-0.16633,-0.24974,0.51,-0.62447,0.6297,0.39586
0,8.7923,1.142,3.0866,0.14914,0.070046,0.10577,-1.0774,0.044342,-0.54909,3.0736,7.6878,4.6392,-0.22412,0.46606,-0.38355,-0.40968,-0.6485,-0.82693,2.8239,-5.9977,7.5598,0.26191,0.46888,0.52786,-0.011866,0.90621,-1.0438,-7.547,-1.5086,-1.0731,1.2408,-0.061245,-0.15135,0.00604,-0.76169,0.26318,-8.8468,-1.4751,-1.94,-0.29961,-0.0587,1.2201,0.76831,0.34822,0.03783
7,8.6131,-0.32739,5.0681,-0.084185,-0.011263,0.31667,-0.52882,0.075111,-0.88613,2.5014,0.27086,11.578,-0.43305,0.86858,-0.97426,0.28278,0.17372,-0.911,3.3757,-2.7662,10.023,0.014617,0.58205,0.78626,0.25816,-0.019052,-0.94058,-1.8934,9.9704,0.71707,-0.003439,-0.067842,-0.5124,-0.31248,-0.90841,-0.16632,-1.3382,-9.9754,-1.2659,-0.21425,-0.091529,0.38163,-0.39505,0.89322,0.096244
3,14.105,-0.47034,-0.091871,0.39071,0.33042,-0.008827,-0.77556,-0.014653,-0.46744,5.6219,6.441,4.5545,0.12477,0.045315,-0.38146,0.20934,-0.33992,-0.14011,4.5581,-7.6034,4.9993,0.11214,-0.025321,-0.21646,0.000963,0.49456,-0.6423,-18.105,6.9113,-1.0973,-0.42681,0.27523,-0.69776,0.66252,-0.33556,0.30352,-7.7101,2.202,-0.63807,-0.039892,-0.31191,-0.13097,0.49583,0.77816,0.16325
0,14.235,2.0427,3.75,-0.062177,0.50334,-0.065724,-1.0842,0.062112,-0.51944,1.9911,7.935,5.3084,0.1687,0.054685,0.43213,-0.35011,-0.65624,-0.78951,1.3104,-6.7821,7.2285,-0.06899,-0.073827,0.37577,0.16501,0.99356,-0.92149,-11.213,-5.5069,-2.347,-1.2478,0.37132,-1.2528,0.10457,-0.73606,0.32167,-10.941,-5.3022,-2.8565,-0.72604,-0.48926,0.15954,0.87374,0.2848,0.003577
0,6.6793,-0.25847,2.4564,0.42986,-0.035327,-0.1503,-0.66861,0.015771,-0.59563,6.6495,4.7424,1.5025,0.18304,-0.44509,0.55816,-0.37477,-0.56763,-0.72172,9.7136,-2.486,1.6376,-1.1494,1.9973,2.3757,-0.81624,1.0147,-0.82739,-9.2203,1.219,-1.4448,-0.13004,0.014727,-1.1122,0.66674,-0.43945,0.32396,-6.4772,3.7335,0.89952,1.6861,0.48846,-0.6537,0.80801,0.93081,-0.27146
7,8.8893,1.0402,1.2756,-0.28942,0.85104,-0.15849,-0.68624,-0.29119,-0.61186,1.9857,8.5813,7.1062,1.2467,0.11539,-0.28446,0.35458,-0.65742,-0.58668,1.1473,-3.6595,11.177,-1.2217,0.11031,0.22125,0.22234,0.07513,-0.92577,0.23833,7.6847,4.5355,-0.23982,0.087439,-0.58342,-0.58475,-0.68818,-0.36171,-1.0488,-8.6062,2.4408,0.00336,-0.12102,0.60965,-0.44431,0.86809,-0.074104
1,4.9716,-0.59928,2.4231,0.021523,-0.2876,0.004386,-0.66879,0.11627,-0.58868,0.658,7.16,4.6547,0.061585,0.067259,0.017084,0.045093,-0.21192,-0.61183,0.9808,-6.1646,6.017,0.24526,-0.13812,0.15869,0.38016,0.85447,-0.66681,-8.4399,3.1692,-3.1149,0.88992,-0.44991,-1.3155,0.66202,-0.4797,0.43859,-8.5603,-0.41113,-1.3182,1.2585,0.3951,-2.7344,0.74851,0.7979,-0.22184
7,7.177,-0.50989,6.5858,-0.27863,-0.25664,0.58092,-0.35808,-0.006889,-0.90465,-6.2847,5.5318,6.515,1.915,0.94454,-0.16643,0.74694,-0.51596,-0.34159,-5.3589,-1.0432,7.6179,-0.92065,0.22688,-0.74851,0.52783,0.017704,-0.8122,-3.8085,7.7054,4.3312,-0.46874,-0.19126,0.31814,-0.25334,-0.78889,-0.49113,-5.5964,-8.6249,0.10989,0.01648,0.041347,-0.33118,-0.011484,0.97211,0.046558
4,9.8497,0.26471,-0.30595,0.67184,-0.097585,-0.36556,-0.88266,-0.20991,-0.35088,0.65068,9.736,2.8495,0.095597,-0.40309,0.94427,-0.45548,-0.50505,-0.27974,2.9689,-7.2251,6.0978,-0.13768,-0.09092,-1.0882,0.047947,0.63586,-0.86876,-9.8961,2.4658,-0.36926,-0.40992,-0.10281,-0.14373,0.72235,-0.17432,-0.016003,-5.9961,-3.8345,-0.042582,-0.69066,-0.10584,0.86503,0.39091,0.47319,0.11459
8,2.6263,-0.081159,0.58331,-0.12418,-0.30546,-0.010651,-0.62497,0.52332,-0.18053,1.9079,10.074,1.7099,0.34064,-0.22004,0.031733,-0.47805,-0.36708,-0.5168,2.0469,-6.1391,-3.6698,-0.87764,0.24722,-0.6934,-0.065428,0.3019,0.69829,-2.0066,0.023362,-2.7861,0.33092,0.2677,0.91282,0.47619,0.000323,0.52321,-2.3602,-2.1811,-2.7415,-0.27944,0.38183,-0.75638,0.45043,0.045214,-0.49097
8,31.25,-1.8049,10.881,-0.90033,-1.2856,-0.47135,-0.43103,-0.026681,-0.66165,33.574,2.4695,0.6378,1.0636,0.14618,0.053068,-0.49953,-0.46897,-0.23211,33.167,-6.8224,1.6718,0.6437,0.38349,-0.27213,-0.42477,0.35888,-0.46715,-35.106,-5.3932,-6.5707,-0.17491,0.71043,0.39358,0.57734,-0.39321,0.005708,-28.804,5.3226,-6.2739,-0.11063,0.39829,-0.7589,0.56617,0.33754,0.31112
4,11.2,-1.2197,-2.4408,0.55899,0.47785,-0.22948,-0.88158,-0.18082,-0.18359,-7.0998,10.075,5.6808,0.59133,-0.75969,2.0364,-0.37735,-0.50713,-0.75975,3.4995,-8.1139,7.6492,1.0438,-1.2911,-2.2126,0.13278,0.59493,-0.95622,-12.889,0.79557,-2.7453,0.20915,-0.35968,-0.33696,0.70804,-0.027494,0.009886,-4.4076,-0.83834,-0.3751,0.7598,0.40845,0.53009,0.35159,0.40283,0.23957
5,7.8104,1.7423,3.8713,0.3288,0.29636,-0.10772,-0.64397,-0.14839,0.13276,2.8813,6.962,4.0602,-0.090772,0.034986,0.068766,-0.77493,-0.47465,-0.25999,5.47,-6.5489,4.8678,0.14541,-0.3427,0.16835,-0.75566,0.23316,-0.61948,-6.8101,10.822,2.0921,-0.30251,0.26191,1.1427,0.39169,-0.36061,-0.20867,3.3312,-4.3559,2.0066,-0.60261,-0.49676,2.236,0.20073,0.56254,0.098308
8,31.965,-2.2238,10.539,-0.27195,0.4119,0.14614,-0.44812,-0.002118,-0.65229,33.942,2.1879,7.5891,-0.51987,-0.69607,-0.34556,-0.51652,-0.45482,-0.20877,33.008,-5.8713,5.9849,-1.8546,-0.10892,-0.078215,-0.46302,0.37166,-0.41337,-29.87,-11.659,1.2166,1.2061,-0.88763,-1.2256,0.5854,-0.37171,-0.000141,-30.264,14.085,2.5077,0.21438,-0.24546,1.5971,0.57166,0.33085,0.29375
2,3.5438,-1.0989,-0.26596,0.21213,-0.7115,-0.16329,-0.8705,0.23011,-0.41192,-7.0405,2.4796,3.0087,0.69739,0.59563,0.23017,-0.11632,-0.44755,-0.49597,3.1477,2.6159,-2.1174,0.2731,-1.167,-1.2478,0.24446,0.89502,-0.58598,-6.5173,10.246,-2.9218,0.89846,-0.24648,-1.4389,0.98201,-0.073254,0.30632,1.2543,11.61,-0.6438,-0.9221,-0.27284,0.34523,0.73379,0.94173,-0.57328
6,9.4294,-0.38248,2.3819,0.29243,0.057227,-0.079145,-0.81634,0.28845,0.12052,1.129,4.7758,8.2062,-0.061091,-0.14859,0.18778,-0.43166,-0.15212,-0.65487,2.1716,-2.8617,9.0916,0.077962,-0.10246,-0.1428,-0.45454,0.62308,-0.45435,-7.7016,7.2319,-5.2885,0.1684,-0.80845,-1.607,0.56438,-0.15965,0.36594,-5.2991,-6.4132,-4.9167,0.38453,0.72832,-1.5411,0.56387,0.56249,-0.033972
8,3.3172,-2.0733,0.96179,0.15072,-0.32079,-0.14686,-0.73051,-0.32167,-0.29554,1.8688,2.9244,0.82272,-0.54906,-0.15607,0.074264,-0.39148,-0.57246,0.39422,3.0375,-3.3941,2.0867,0.007986,0.24255,0.13903,-0.41531,0.033667,-0.65106,-4.9645,2.5299,-1.682,0.91733,1.2532,-0.58039,0.47591,-0.27397,-0.49412,-3.3797,-4.423,-4.4243,0.20663,0.91287,-0.35851,0.45403,0.16405,0.6161
3,6.6607,-3.9108,-0.27103,1.1066,-0.87945,-0.34384,-0.77523,0.3787,-0.60026,1.4278,11.22,1.0533,-0.6283,-0.13814,-2.5038,0.78413,0.048592,0.22648,1.7739,-6.9864,6.2179,0.86606,1.6758,2.1197,0.24802,0.38698,-0.57315,-11.022,28.058,-12.254,2.7107,0.050332,-0.97463,0.85652,-0.40894,-0.6684,-7.3683,-3.004,0.31802,-0.12806,-0.19438,-1.6163,0.70254,0.71945,0.21392
8,1.763,-2.3126,-0.90249,-0.46154,0.16174,0.10536,-0.71279,-0.32265,-0.32586,2.3212,3.9058,1.4011,-0.97371,-0.25429,-0.009674,-0.40031,-0.56954,0.3803,2.9027,-2.8079,1.8886,-0.15736,0.2826,0.19017,-0.41664,0.002319,-0.64759,-4.1059,-1.2117,-0.93322,1.7603,0.90485,-0.78922,0.46736,-0.27175,-0.49729,-4.7277,-4.8614,-3.2828,-1.278,1.1169,-0.20452,0.44056,0.2173,0.60364
8,9.6652,0.16772,1.5349,0.037131,1.0177,-0.22394,-0.94588,0.11544,0.36978,9.0456,5.7387,-0.10911,-1.152,0.030829,0.081267,-0.91445,0.38209,0.036873,8.4011,-2.4935,0.98319,1.339,0.1371,-0.29794,-0.92173,-0.25344,0.24992,-10.953,1.8988,1.0515,-0.49699,0.26202,-0.052642,0.81528,0.43063,0.35526,-9.7383,-1.5429,-0.51749,0.35975,0.21538,0.017343,0.85912,-0.37632,-0.2804
2,46.448,14.054,19.003,-3.6688,-1.3126,0.87445,-0.92529,-0.11986,-0.48494,4.0782,12.813,-5.1777,0.9937,-0.42349,0.8731,-0.56502,-0.88706,-0.24068,6.8083,-8.0163,9.7022,0.085102,2.0326,-0.15617,-0.33468,0.60178,-0.90328,-33.04,-11.799,-1.0879,-2.0583,0.55253,4.2814,0.80655,-0.48373,0.014874,-17.535,-1.2897,6.4437,1.7758,-0.068139,3.4869,1.0277,0.50455,0.060583
7,5.3614,-3.707,7.5839,-0.31843,-1.5507,0.13578,-0.38258,0.21678,-0.97537,-2.9278,2.9695,8.0443,1.117,0.61848,1.7217,0.40982,-0.040022,-0.87303,-6.5339,6.0122,3.8404,-1.342,-1.4519,-1.3322,0.63217,-0.7139,-0.19735,-1.2171,9.9527,3.8893,0.53809,-0.041718,0.58295,-0.35035,-0.8145,-0.35596,-1.3869,-9.0151,0.45431,-0.35908,0.20684,-0.75525,-0.37334,0.895,0.048305
6,9.4798,-0.9032,-0.90373,0.033579,0.059275,-0.48096,-0.9539,0.46381,0.38856,-1.0226,5.6464,7.6389,0.07973,0.063234,0.004763,-0.49002,-0.30468,-0.87822,-0.22456,-0.91044,9.9955,0.1403,-0.16025,-0.010898,-0.4856,0.46923,-0.80577,-5.9805,8.2077,-3.2454,1.1425,-0.56569,-2.2628,0.37936,-0.54805,0.38879,-6.6307,-9.9466,-2.1307,0.038811,0.22386,-1.9406,0.52903,0.6601,-0.26082
4,9.5023,-0.21091,2.8589,0.61712,-0.032612,0.043964,-0.73025,-0.16666,-0.5123,-8.763,9.2571,2.4926,0.16391,-0.13977,1.5569,-0.005762,-0.59842,-0.3315,0.46422,-5.9607,7.6677,0.091773,-0.46573,-1.0231,0.36575,0.48085,-0.92226,-9.3993,0.83372,-2.1852,0.18354,-0.18605,-0.34569,0.68587,-0.16057,0.053561,-6.9023,-4.9773,0.85874,0.1304,0.25263,0.87936,0.29227,0.51288,0.008102
6,9.3669,0.43825,-1.2631,0.1133,-0.077486,-0.23806,-0.99977,0.3671,0.3857,-2.626,6.547,6.7607,0.10727,0.10854,-0.074056,-0.38032,-0.41021,-0.8554,-0.25805,-0.31442,9.4193,0.086095,-0.060417,-0.11842,-0.44433,0.48075,-0.80489,-7.435,8.7665,-1.3222,-0.19309,0.013614,-0.4453,0.52516,-0.34113,0.28702,-0.81204,-5.6237,-0.096126,0.31514,0.6537,-0.70822,0.30784,0.8326,-0.21995
1,9.5094,-1.5006,2.229,0.36234,-0.56618,-0.078777,-0.94539,0.087071,-0.45704,8.6263,1.3643,4.0004,0.40756,-0.2642,0.24312,0.11323,-0.057249,-0.87562,8.575,-2.5434,0.6413,0.78729,0.14573,0.19441,-0.70656,1.2483,-0.089388,-11.147,3.5183,-1.0739,0.30839,-0.2909,-1.0193,0.73101,-0.088936,0.4595,-5.786,-1.9086,-0.64151,-1.2997,1.155,-1.1267,0.71335,0.77809,-0.20604
7,10.052,-0.98435,-0.78873,-0.32918,-0.021416,-0.043761,-0.89493,-0.050555,-0.38928,4.0359,4.9027,9.0808,-1.3027,-0.60509,0.31258,0.12056,-0.38916,-0.84834,4.41,-2.1672,9.8087,-0.35882,-0.65616,-0.1685,0.1133,-0.070878,-0.93107,0.83435,9.3089,-2.4969,-0.097084,-0.013738,0.67146,-0.51831,-0.81398,0.037378,1.1819,-7.83,-5.5612,0.045093,0.61487,-0.50851,-0.55718,0.63995,0.47241
7,9.0096,-0.73681,2.5087,-0.29149,0.27183,-0.12233,-0.68071,0.021897,-0.70324,0.035222,1.8555,10.167,-0.80468,0.1191,-1.3307,0.42442,0.14986,-0.85388,-1.3977,-1.1963,9.7007,0.44893,0.42642,1.0466,0.4478,-0.3173,-0.78399,-3.8403,8.5555,-1.9459,-0.042477,0.006073,-0.029412,-0.12895,-0.94862,0.067498,-3.415,-6.9953,-5.0853,-0.052435,-0.020166,-0.006691,-0.20392,0.74117,0.59264
6,9.0716,0.94331,4.6608,0.001739,-0.2033,-0.29752,-0.89635,0.40796,-0.18579,-2.079,6.3794,7.1875,-0.093299,0.070447,-0.13223,-0.34694,-0.28611,-0.87467,0.39327,-4.3344,8.92,0.23404,-0.27364,-0.092344,-0.35242,0.74504,-0.56449,-9.1422,10.045,-0.69282,-0.22779,0.11755,-0.54312,0.58686,-0.29419,0.30873,0.75175,-0.8812,0.86666,-0.25524,0.02079,-1.05,0.29728,0.71701,-0.49565
1,8.7056,0.16347,2.9665,0.50441,-0.17268,-0.0765,-0.76723,-0.10097,-0.74098,1.1072,7.4651,5.5902,0.144,0.071461,0.78683,0.025283,-0.90672,-0.6321,2.3933,-6.8714,6.7834,0.22856,-0.82778,-0.4464,0.1277,0.76662,-1.1336,-9.4226,-1.7905,-2.093,-0.06547,0.26513,-1.5953,0.25941,-0.7262,0.026466,-12.112,1.6486,0.93749,0.82006,0.32704,-2.3836,0.55199,0.53131,0.10865
2,10.426,0.60058,3.1138,-1.8028,0.37641,-0.13108,-0.71113,0.052507,-0.5476,9.5604,6.342,-7.6799,0.23824,-2.6876,-0.042466,0.076718,-0.68515,-0.10092,-2.7777,-11.353,2.4763,-0.68192,2.4454,-1.1226,-0.058243,1.0665,-0.044204,-6.2637,-10.991,-2.1457,-0.9683,1.0598,-0.19712,0.398,-0.67396,0.3157,-16.05,-7.8794,-3.142,-1.3467,-1.7557,2.6285,1.1094,0.48725,-0.065706
9,16.602,-3.273,13.559,-0.51177,1.7201,0.46208,-0.66164,-0.40165,-0.35612,-4.0035,-7.1285,4.6265,-0.49939,-1.3079,-2.0149,0.79217,0.29287,0.14558,-1.2646,5.7006,-7.9214,2.6534,2.0693,-0.14767,0.10115,-0.8171,0.20821,-16.526,-2.366,-2.8824,-0.66015,0.14068,-0.055366,0.69335,-0.077567,-0.31767,-18,-1.7611,-3.1039,-0.11324,-0.036622,0.39344,0.67482,0.13564,0.49185
0,6.4646,-0.054787,2.7072,-0.96939,0.39693,0.018069,-0.84181,-0.21541,-0.65939,4.8534,5.6866,3.8869,0.090063,-0.23188,0.25437,-0.50107,-0.83535,-0.70749,6.8844,-4.1479,4.9077,0.35703,-0.067741,-0.1677,-0.47826,0.66163,-1.2355,-7.5643,-5.1237,-1.5706,-0.1482,0.46682,2.1894,0.21832,-0.76947,-0.036214,-9.1606,0.040114,0.04662,0.41974,-0.12237,1.9988,0.51634,0.46364,0.16773
0,12.315,0.43597,3.3459,0.10728,0.17214,0.13045,-0.87958,-0.30934,-0.62569,3.7083,6.4509,7.1456,-0.028554,-0.35425,-0.64101,-0.34721,-0.83714,-0.70031,5.6801,-6.9681,5.3278,0.038666,0.18286,-0.28474,-0.40832,0.8523,-1.1994,-11.31,3.8627,-0.94922,0.88357,-0.05555,-0.34858,0.54251,-0.41759,0.12655,-7.2086,-4.5085,-1.2861,-1.1593,-0.50428,0.35693,0.22801,0.71313,0.24818
2,10.555,-0.29196,3.7209,1.8341,0.46595,0.011216,-0.90613,0.062195,-0.82838,-2.0214,10.614,4.8641,-0.070797,1.1244,0.87006,0.236,-1.0462,-0.49441,2.4962,-9.385,2.0662,-0.60991,-1.4213,-0.27307,0.68479,0.69761,-0.9095,-18.411,5.7689,-1.4983,0.92395,-0.34367,-3.1168,0.52241,-0.52268,0.282,-12.556,11.8,1.9637,1.8437,0.53639,-1.9699,0.39436,0.64067,0.37202
9,8.5771,0.027902,-1.2901,-0.97661,0.63333,0.23738,-0.74551,0.15643,0.69065,8.2991,3.1495,-3.4967,-1.5589,-1.4607,-0.029517,-0.87129,-0.28582,0.39163,-2.3499,-11.002,6.4995,-2.1272,2.9361,-0.31436,-0.87216,0.22962,-0.39045,-1.9125,19.631,-8.1885,1.4245,0.028728,-0.28079,0.94548,-0.070496,0.33348,-6.8595,-11.76,-0.63737,-0.001019,0.18036,0.25654,0.93042,-0.56079,-0.074187
0,11.106,-1.9959,2.8696,0.28383,-0.29014,0.3151,-0.74122,0.28071,-0.59435,7.3693,3.6819,0.43167,0.00055,-0.18218,-0.051056,-0.032281,-0.007995,-0.75619,9.0665,-3.68,2.9273,0.27015,-0.30788,-0.17467,-1.1055,0.43492,0.11533,-15.668,21.414,3.0369,-2.6278,-0.334,-0.095734,0.67093,-0.71876,0.26548,-9.2074,-5.6739,-0.43783,-0.73041,-0.086153,0.63625,1.243,0.36699,-0.10355
1,5.5686,-0.13149,3.1792,0.17376,0.081573,0.2269,-0.62126,0.14674,-0.61066,0.2377,7.1796,4.3579,-0.023046,0.019945,0.084394,0.027358,-0.18295,-0.61924,0.59539,-5.6068,7.1776,0.088801,0.33803,-0.001357,0.38984,0.84245,-0.65304,-9.446,-1.0364,-2.8187,-1.8009,1.3602,2.5633,0.43651,-0.67428,0.46869,-9.1127,-2.0756,-0.99016,-1.3736,-0.38816,1.9838,0.97442,0.57871,-0.1508
4,-8.459,5.6252,7.606,0.18738,0.39993,-0.24003,0.51476,-0.19379,-0.61742,1.9285,8.8751,-4.1749,-0.35752,1.3188,0.92363,-0.31375,-1.1745,0.14803,-3.3293,-10.096,1.6629,-0.74396,0.63942,-1.2942,0.13601,0.71401,-0.49141,-8.7412,1.1787,1.1682,-1.075,-0.050766,0.7784,0.51459,-0.2516,-0.26269,-12.851,-2.884,-1.3636,-0.15743,-0.27718,0.99411,0.65192,0.25008,0.14981
4,7.608,1.1439,0.3492,-1.4136,-0.052477,-0.19891,-0.75056,-0.17016,-0.54421,-0.22762,7.7381,3.5487,-0.42867,-0.52901,-2.2138,-0.40607,-0.63716,-0.28293,4.544,-5.6647,5.2854,-0.2032,0.77663,1.3747,-0.034903,0.71108,-0.7912,-8.3601,-3.273,-1.2121,0.8649,-0.004863,1.7019,0.57913,-0.35194,-0.090462,-8.5003,-4.3095,-1.3855,-0.18346,-0.09513,0.76777,0.52164,0.37873,0.22217
5,8.692,-0.052295,5.0546,-0.18739,0.098725,0.18684,-0.64182,-0.1369,-0.003569,6.5418,4.5338,6.0705,-0.058954,0.027602,0.089145,-0.89084,-0.031157,-0.15435,6.6107,-4.8497,5.5416,-0.10994,0.34046,0.13639,-0.83568,0.001871,-0.60874,-2.6578,11.317,-1.8377,-0.55276,0.30263,2.556,0.28494,-0.58643,-0.060815,-3.5199,-9.7466,0.82301,-0.26432,-0.11481,3.038,0.29392,0.51506,0.14576
1,8.5296,-1.0517,1.5712,0.73306,0.077785,-0.20582,-0.7314,0.1128,-0.51359,7.9705,5.4437,0.53653,2.2983,0.25373,0.52469,-0.27308,-0.40457,-0.98595,11.024,-1.6182,1.0468,-1.0132,1.6145,1.565,-1.2928,1.3024,-0.32746,-8.988,-0.054286,-2.2747,0.52184,0.20564,-1.4589,0.63553,-0.53822,0.28379,-11.038,2.215,1.3236,1.1091,0.66411,-2.1452,0.87681,0.83022,0.015757
4,10.599,-0.90526,4.098,1.5621,-0.12694,0.032345,-0.7386,-0.078005,-0.45071,-4.923,8.5951,3.8984,0.48841,0.57893,-0.16017,0.12472,-0.68187,-0.50278,-2.6854,-4.66,6.4976,0.75827,-0.88278,-1.1113,0.4063,0.32005,-0.88031,-11.755,-0.43998,-3.3968,-0.12825,-0.36368,-1.1361,0.63105,-0.26293,0.11075,-8.9798,-5.0346,2.5131,0.56327,-0.18291,-1.6619,0.29881,0.52445,-0.010711
2,21.196,4.9644,1.918,-1.7754,0.14903,-0.57031,-0.71783,-0.05557,-0.50426,6.719,27.037,-23.836,-2.3723,-5.1814,-1.4622,0.17372,-0.46129,-0.30727,11.903,-26.797,3.0262,-1.744,2.1447,-2.0359,-0.047087,1.0511,-0.40409,-28.191,-8.4561,-1.4936,1.5075,-0.21281,3.7089,0.69296,-0.52568,0.16778,-22.151,6.3347,-0.99545,-0.64815,-0.92887,1.9281,0.94183,0.72452,0.12384
5,9.756,-0.008657,2.3721,-0.14682,0.15581,0.077411,-0.58533,-0.17882,0.18289,2.5303,0.96272,9.6618,-0.054605,0.003303,-0.041649,-0.27481,-0.17335,-0.24511,1.2447,-0.88345,9.7622,-0.024278,0.053767,-0.015475,-0.61393,-0.1278,-0.52335,-3.9432,11.373,-1.3702,-0.96064,-0.13816,1.3443,0.37385,-0.53635,-0.17539,0.53989,-7.0755,-0.94183,-0.75115,-0.40925,1.5946,0.19798,0.50838,0.28508
7,8.1107,1.6692,9.3906,-0.93995,0.007404,-0.58689,-0.42352,-0.16519,-0.84705,1.4333,9.2877,-0.67114,0.80637,0.23239,-0.55815,0.54208,-0.7729,0.094985,1.6013,-4.1197,8.6443,-0.86884,0.49013,-0.1739,0.42548,0.099096,-0.85732,2.3026,7.2562,2.8562,0.26285,0.25215,-0.9904,-0.60279,-0.64823,-0.38984,1.0312,-8.1013,0.77974,-0.69641,-0.065992,0.97537,-0.46704,0.85424,-0.022368
4,-6.701,4.3008,5.2936,2.3759,2.6121,-0.7365,0.64966,-0.35938,-0.37349,1.8703,9.6322,-3.3245,-1.3306,0.86319,1.3162,-0.20329,-1.5621,0.002028,-8.0247,-13.052,3.0715,-0.31843,0.36113,-1.81,-0.004913,0.69946,-0.50448,-2.1306,-3.5629,1.702,0.90911,0.79611,-0.69183,0.51561,-0.27475,-0.21594,-8.7971,-5.4587,-2.7162,0.28397,0.004927,0.17014,0.63913,0.26278,0.19429
3,22.538,2.2721,3.6233,-0.70069,-1.1924,0.68004,-0.74876,-0.083964,-0.59291,2.9101,11.082,4.199,-0.80768,-0.33345,0.31342,0.34276,-0.91955,-0.29524,4.0943,-9.8751,6.5686,0.12027,-0.14397,0.36673,0.091909,0.48539,-0.58457,-5.4284,-2.4663,1.1739,0.55073,0.23833,0.42239,0.81764,-0.55028,-0.44317,-17.108,-0.55439,-0.74603,0.19181,-0.039001,0.24906,0.75005,0.28385,0.47276
1,11.73,-1.6236,4.0511,0.13888,0.24397,-0.029066,-0.71129,0.15411,-0.51242,-1.1899,8.7851,5.9349,0.11079,-0.15213,-0.55837,0.075799,-0.16181,-0.62682,-0.99179,-6.7819,8.2161,0.087713,0.073684,0.1689,0.52167,0.82503,-0.56763,-11.175,0.92548,-4.1866,0.46391,-0.17646,-1.1689,0.84865,-0.19409,0.37529,-7.3281,-4.5046,-3.9303,1.3114,0.67754,0.46623,0.51833,0.90989,-0.11704
2,16.197,-6.8935,-10.608,5.272,-0.81314,-0.097071,-0.86426,0.32347,-0.38418,13.98,29.894,6.1648,0.042364,-0.10396,4.1199,-0.13317,-0.44335,-0.60314,3.6974,-25.791,-0.12342,2.1137,-1.4293,4.1086,-0.2885,1.3305,-0.079095,-40.811,-16.548,11.89,-1.7739,0.12384,-1.492,0.68406,-0.62768,0.34932,-23.062,2.5568,-9.2116,2.2989,1.245,-0.40196,1.2001,0.37594,-0.2108
1,10.053,-1.5239,0.92146,0.012569,-0.035767,0.055485,-0.68585,0.13012,-0.54785,-1.2212,8.4575,5.9435,-0.14841,-0.13703,0.93263,0.06714,-0.15131,-0.6268,-0.66668,-6.9629,7.0535,-0.082279,-0.74417,-0.49526,0.49719,0.84081,-0.56652,-13.799,2.5173,-3.8353,1.2929,-0.52883,-1.7001,0.39593,-0.7792,0.32061,-14,-0.13607,-1.221,1.0386,-0.61565,-2.5164,1.0645,0.39109,-0.081957
1,13.151,0.43986,1.0993,-0.17767,-0.22412,-0.47875,-0.73555,-0.005556,-0.48632,10.947,5.7868,0.2545,0.14388,-0.18287,-0.28126,-0.86677,-0.62353,-0.92306,11.978,-2.0414,3.5789,-0.12093,-1.4406,-2.4286,-0.68494,1.1754,-0.60791,-13.168,9.3631,0.016354,0.25042,-0.9437,0.073909,0.886,-0.15478,0.2533,-6.2544,12.633,2.3409,1.5272,-0.55561,0.57633,0.71406,0.93577,-0.28452
0,10.097,-0.96095,2.1124,0.74965,-0.010665,0.017599,-0.62543,0.071554,-0.63774,10.69,2.1776,-0.35967,0.30343,-0.53447,0.70465,0.12487,-0.068707,-1.0073,12.404,-2.7358,2.2718,0.92017,1.3601,1.5332,-1.2732,1.0357,-0.22745,-8.3098,-4.8329,-2.9306,0.005477,0.28875,-0.97223,0.52147,-0.6297,0.25072,-13.328,0.84985,-1.233,-1.9622,0.47059,-2.0596,1.0375,0.72311,-0.14319
7,8.5384,-0.72955,-6.0934,-0.24897,0.15539,0.20856,-1.0304,0.28386,-0.29319,3.5578,8.3991,8.0848,-0.4196,1.0569,-0.2353,0.31703,-0.5323,-0.70014,6.3028,-2.8669,12.776,0.98176,0.51489,-0.3443,0.027374,-0.002603,-0.93609,0.82617,8.8789,1.8172,-0.25809,-0.28904,0.16395,-0.71216,-0.60602,-0.22817,0.49611,-9.9772,-1.1241,-0.24688,0.12657,-0.17521,-0.72557,0.62969,0.10887
7,9.0831,-0.90641,-3.4968,-0.1208,0.99727,0.18177,-1.001,0.092951,-0.23097,1.6185,4.3277,6.6373,-0.15632,0.11973,0.093052,0.42445,-0.39961,-0.68654,0.86068,-1.9387,8.6601,0.44575,0.19734,0.12996,0.38103,-0.007555,-0.81047,2.3284,9.2129,-1.0347,-0.122,-0.44631,-0.91928,-0.67735,-0.63798,-0.076716,3.1357,-8.5677,-1.4522,-0.15548,-0.47745,0.9028,-0.69473,0.58508,0.18856
3,12.755,1.7535,-1.909,-0.53944,-0.28984,-0.091952,-0.86976,-0.20093,-0.37748,1.236,7.5876,8.2948,0.62124,-1.012,1.2482,0.68186,-0.34757,0.11444,1.9013,-8.2736,6.154,0.30032,-0.27788,-1.6748,0.008131,0.5193,-0.55378,-11.597,-1.9566,-3.4295,-0.30232,-0.26681,0.27971,0.90917,0.05004,-0.30733,-9.3583,-9.3791,0.69319,0.41967,0.24238,1.3352,0.31276,1.0372,0.27311
6,9.7544,-1.9352,0.4049,0.10148,0.1877,-0.16087,-0.72267,0.37941,0.31984,1.5013,4.1852,8.599,0.14268,0.073765,0.13637,-0.46978,-0.1091,-0.63931,2.3827,-1.111,9.4957,0.1136,-0.14851,-0.006585,-0.51125,0.49245,-0.526,-3.4499,6.8467,-3.2502,1.0719,-0.023418,-1.4289,0.48374,-0.41993,0.40772,-7.5461,-6.6705,-5.9711,0.79347,0.062357,-0.77273,0.6236,0.40342,-0.076838
7,9.8387,-0.41918,-0.59674,-0.021458,-0.048594,-0.010104,-0.77405,-0.054317,-0.57709,2.5987,5.6587,8.4218,-0.16337,-0.10158,-0.11003,0.3319,-0.19858,-0.8614,2.8787,-2.1462,9.4608,0.16975,0.005684,0.082072,0.25582,-0.19784,-0.88214,0.6183,9.8275,-1.5144,0.020653,-0.053579,0.000553,-0.65119,-0.70803,-0.055856,1.2122,-8.4363,-4.8706,0.063026,-0.00923,-0.039703,-0.67351,0.58397,0.37771
1,10.226,1.1306,0.78584,-0.02057,-0.22883,0.11746,-0.76353,0.13215,-0.42754,7.6437,2.3783,-1.2581,0.082989,0.1796,-0.40216,-0.13112,0.49292,-1.2172,8.3822,-3.6768,5.3799,-0.15414,-0.41369,-0.48115,-1.2131,0.38708,0.12694,-11.343,8.9277,1.4349,-0.6137,-0.097081,-0.11855,0.37048,-0.76572,0.24158,-10.709,-0.71003,-2.3751,-0.35686,-0.13058,1.1091,1.1371,0.34459,-0.041856
3,9.1296,-4.2223,0.30813,0.26917,-0.3672,0.036182,-0.91807,0.061602,-0.4008,2.7044,5.0973,8.2198,-0.091627,0.59997,-1.148,0.51262,-0.38867,-0.13221,2.9561,-8.0222,5.7516,0.40147,0.25184,0.28913,0.028957,0.48871,-0.56398,-9.008,-5.5762,-1.5916,-0.092679,-0.18803,-0.22657,0.91656,0.11466,-0.37143,-8.9717,-4.4347,-2.7046,0.39303,0.38187,-0.78837,0.60879,0.6681,0.59493
4,-9.1247,4.8811,3.8777,0.94394,-1.0646,-0.74036,0.67283,-0.14579,-0.36422,-5.1676,8.2265,-3.8538,-0.35077,-2.2598,-2.2098,-0.29868,-0.95593,0.20818,3.7625,-8.3235,4.7631,-0.22342,0.54297,1.1546,0.091166,0.7808,-0.74134,-15.747,1.2149,-0.14213,-0.41916,-0.7049,2.8145,0.5876,-0.25703,-0.20364,-11.609,-1.2737,-1.4076,-0.16461,-0.31499,1.2034,0.50552,0.41485,0.2013
3,7.9579,-1.6373,-1.8538,0.751,0.070677,-0.035639,-0.96432,0.14629,-0.38913,3.4538,7.8289,4.3725,0.071048,0.090219,0.85146,0.53819,-0.34515,0.12335,0.59316,-6.4577,7.1134,-0.29284,-0.41368,-0.20643,0.47074,0.49862,-0.49954,-7.9207,3.1487,0.14835,-0.78835,-0.069163,-1.4781,0.55983,-0.65923,0.1239,-7.5702,-4.5336,-0.79441,-0.25606,0.057633,-1.3833,0.72898,0.5986,0.059042
8,25.813,-6.5275,6.9884,0.001441,0.56508,-0.034744,-0.72071,-0.33014,-0.2635,22.566,9.0201,0.42085,1.7978,0.75797,0.88074,-0.37615,-0.5785,0.36451,21.049,-6.955,7.4516,0.26538,-0.013236,0.005643,-0.34414,0.013383,-0.66816,-19.276,-6.0724,-3.6577,-0.082851,-0.043829,0.44086,0.483,-0.3329,-0.4091,-18.561,16.804,-3.3492,-1.2663,-1.3159,-0.14415,0.32288,0.20694,0.67012
6,9.1367,0.36136,-1.4217,-0.10901,-0.030216,0.45592,-0.94572,0.42969,0.42908,-1.69,6.4788,7.0596,-0.11373,-0.10195,0.29325,-0.459,-0.37397,-0.86791,-0.18105,-0.42508,9.7477,-0.043507,0.13928,0.17326,-0.47527,0.46693,-0.81354,-3.797,8.3053,-2.7146,-0.70292,0.36387,2.5691,0.35191,-0.62618,0.3537,-6.9046,-11.383,-4.9885,0.57565,-0.47558,2.0621,0.5523,0.60816,-0.30766
1,8.3814,-0.22292,3.6073,0.44077,1.0509,0.13582,-1.1629,0.13891,-0.35572,8.9247,2.4475,2.7086,1.368,-0.21562,2.2714,-0.66074,-0.12694,-0.37132,8.7197,-1.9354,1.7421,0.74586,0.34058,1.0144,-0.23423,1.0558,-0.11759,-9.2688,-0.49134,-1.4593,0.15396,-0.024824,-2.1055,0.32908,-0.7514,0.22538,-11,-1.0418,0.64767,1.4285,1.0949,-2.8394,0.58761,0.64951,0.19341
6,9.9031,-0.81487,1.6381,-0.25597,0.098182,0.14303,-0.90093,0.31615,0.26073,3.2266,0.88631,9.2609,-0.024878,-0.11028,-0.077436,-0.91327,-0.007589,-0.66315,1.5486,-1.1299,9.6567,-0.009716,0.082184,-0.10544,-0.60352,0.54154,-0.72706,-8.1344,7.7418,-1.8246,-0.77403,-0.29499,1.7303,0.63004,-0.32604,0.27274,-8.2632,-7.1721,-4.114,-0.84828,-0.55238,1.8161,0.64417,0.5041,-0.095333
8,35.306,-2.1594,9.7908,-0.18034,0.023559,0.044108,-0.51713,0.01502,-0.60601,39.085,-0.53873,7.7397,-0.89948,-1.0286,0.66926,-0.533,-0.38656,-0.3768,38.39,-4.4069,2.4703,-2.6602,0.3258,-2.2244,-0.51425,0.31676,-0.42279,-32.413,-10.921,3.2396,-0.23214,-0.26792,-1.2514,0.64596,-0.33818,0.00935,-29.685,16.284,4.8343,0.6621,-0.36706,1.0383,0.63769,0.2969,0.26308
1,8.9092,-3.4775,-3.3922,0.90951,0.42121,0.36473,-0.82197,0.16996,-0.33053,10.06,-0.46495,3.2802,-0.17743,-1.0901,2.0013,0.63543,-0.36268,-0.39833,8.6275,-2.1105,4.5416,-0.058981,-0.82603,-0.11246,-1.5366,0.68245,-0.69255,-11.508,5.3738,-3.6188,0.96123,0.37992,-0.98263,0.41815,-0.80903,0.12422,-10.177,-0.023403,-2.4711,-0.62628,0.081934,-1.6793,1.0948,0.29545,-0.023701
1,8.9851,-1.3987,3.0855,0.65847,-0.11408,-0.038084,-0.85133,-0.042684,-0.714,11.206,2.1164,3.9531,-0.14621,-1.6403,1.5432,-0.83676,-0.55642,-0.05545,12.16,-2.7839,0.71235,0.99774,0.42021,2.7734,-1.1415,1.6966,1.2877,-10.886,0.29432,-2.3234,0.38533,0.61313,-1.9518,0.21394,-0.5553,0.046665,-18.229,4.8206,-1.4501,0.79255,0.6522,-2.9392,0.628,0.31992,0.1146
5,9.3862,-1.9659,3.9762,-0.20229,0.18594,0.19348,-0.62101,-0.072549,0.083397,6.0784,5.8421,4.4061,0.31797,-0.046546,0.072286,-0.85804,0.039682,-0.21593,5.7168,-6.6872,4.8183,-0.047263,0.1525,0.10919,-0.81213,0.17787,-0.64059,4.6282,4.7237,0.4492,0.20889,-0.066584,0.55155,0.28371,-0.57502,-0.29353,-0.050501,-13.858,-3.9088,-0.51054,-0.08333,-0.154,0.38856,0.32895,0.26717
7,9.395,-1.5818,1.7759,0.15748,-0.52765,-0.14846,-0.89628,0.05008,-0.57758,-10.441,2.4474,7.1771,0.38996,0.12816,-0.13677,0.728,-0.1574,-0.54133,-8.0109,-2.1907,11.581,-0.79971,-0.62094,0.000624,0.47701,0.018529,-0.77248,0.87457,9.6594,-1.7243,0.25673,0.21063,0.8609,-0.47412,-0.78251,-0.04076,1.4989,-10.788,-1.081,0.1091,0.18774,-0.91509,-0.47868,0.76707,0.21523
0,13.624,-0.61796,6.2554,0.16547,0.17704,0.10734,-0.64278,0.16149,-0.61859,0.16035,9.0119,5.9875,-0.17239,-0.024271,-0.66225,-0.047135,-0.24033,-0.65182,0.56558,-6.1609,8.5101,0.00614,0.42042,0.098345,0.38658,0.75923,-0.78346,-12.39,2.1111,-5.9248,0.98902,0.053576,-0.31555,0.82409,-0.18566,0.40676,-12.818,-0.64463,4.5402,0.87403,0.84032,1.1614,0.72509,0.73533,-0.076336
7,6.3457,-0.89321,7.2852,0.093838,-0.91953,0.066657,-0.44156,0.033347,-0.86305,-8.6213,8.2664,-0.63694,-0.5898,-0.56793,0.38173,0.78597,-0.55791,0.018274,-6.4063,-1.1952,10.554,0.54323,0.41827,-0.26013,0.46318,-0.095159,-0.85293,0.52071,8.7864,5.5705,-0.27791,-0.15836,0.46162,-0.446,-0.74096,-0.42154,-1.7697,-9.7669,1.539,0.13814,0.22532,-0.73032,-0.23906,0.94244,0.034089
7,5.4953,-0.16973,7.9408,0.12877,-0.19232,0.004533,-0.14273,-0.016693,-0.95079,-8.2558,3.9733,3.8317,0.064677,-0.12332,0.14588,0.94086,-0.17669,-0.024571,-7.9492,-1.4256,5.8405,0.1345,-0.057133,0.024344,0.92737,-0.10199,-0.24669,0.79411,9.6136,0.9623,0.22687,0.045269,0.46091,-0.50262,-0.76545,-0.27325,1.9569,-9.4655,1.3187,-0.089781,0.037973,-0.45931,-0.65229,0.71408,-0.06011
7,6.5182,1.3037,7.9983,-0.56908,0.33978,0.050683,-0.42425,-0.14445,-0.85616,-5.2283,8.3646,-0.76863,0.44532,-0.82295,-0.40609,0.57648,-0.75803,-0.059403,-1.9221,-3.3325,9.5106,-0.29307,0.3181,0.98417,0.44964,0.050389,-0.84608,0.37177,6.8031,4.0885,-0.38716,0.39024,-1.1041,-0.42196,-0.72713,-0.47004,-1.1949,-8.2931,0.13158,-0.22921,0.052462,1.2632,-0.24269,0.94285,0.031861
0,9.1874,-0.15291,1.4286,-0.64651,0.1869,-0.12901,-0.73982,0.17047,-0.6414,10.494,3.5477,0.94187,-0.20494,0.305,-1.3493,0.069484,0.11433,-1.5319,9.1829,-2.6233,3.845,-1.0108,0.14604,-0.9885,-1.1731,0.54944,-0.17626,-11.265,-5.4143,0.25943,1.1623,0.5942,1.9695,0.94793,-0.22896,0.28701,-9.8093,-2.4183,0.13306,-0.33276,0.56112,1.178,0.9773,0.74392,-0.39201
8,23.143,0.70368,0.35021,0.74009,-0.97847,-0.013446,-0.94319,0.088405,-0.58714,23.951,5.0016,3.1436,-0.65186,0.015283,-1.1078,-0.58928,-0.5033,-0.363,0.15812,-0.9151,1.3342,-0.31828,-0.089998,-0.27096,-0.67693,0.83381,-0.3155,0.2601,-0.91867,-2.959,1.0323,-0.21563,-0.60202,0.92115,-0.60122,0.050478,-28.17,2.7715,-2.5098,1.1949,-0.18083,-0.16395,0.95123,0.64529,0.34986
9,4.2593,0.95505,-5.1516,0.25942,-4.1997,-0.58172,-0.8653,-0.44565,0.26538,5.1913,5.9394,4.1968,-0.33785,-1.1349,-0.30848,-0.16959,-0.89475,-0.33709,7.3188,-0.61087,4.0784,0.86628,-2.361,-0.6165,-0.49218,-0.005309,-0.86605,-17.216,-3.2418,2.8529,1.8073,-0.9437,-0.57655,0.98113,-0.27972,-0.33008,-13.998,-8.5609,0.92923,0.041535,1.1769,-1.0842,0.65441,0.74533,0.33403
2,23.548,-8.2312,1.1891,0.92657,0.13979,1.6703,-1.1718,0.26765,-0.42568,-9.7732,26.295,-6.4911,-0.15938,3.0877,3.1781,0.27087,-0.91285,-0.1934,-2.3167,-24.97,5.2794,1.1368,-0.51705,5.1834,0.89436,0.79132,-0.57883,-25.592,0.90621,9.1094,1.0013,-1.6738,-3.5674,0.30215,-0.6775,0.35803,-26.814,4.2774,-3.1339,0.56149,1.5354,-4.5601,0.42668,0.59996,0.26032
6,9.7179,-1.0689,-1.4452,-0.32545,0.035395,0.4719,-0.90563,0.44225,0.46761,-2.4783,6.6433,6.7445,-0.13607,-0.044466,0.15588,-0.3986,-0.38594,-0.83384,-1.19,-1.3673,9.395,-0.089833,0.036122,0.12145,-0.40107,0.52172,-0.77836,-1.8485,5.7304,-0.50766,-0.52285,0.44961,1.6151,0.2597,-0.6902,0.36038,-6.5345,-11.218,-4.1165,-0.94539,-0.55372,0.76488,0.58037,0.57335,-0.29624
9,9.6528,1.4808,0.73178,0.3259,-0.087905,-0.071439,-0.93768,-0.41411,0.075866,3.995,7.9361,-8.6827,3.0103,-1.9994,-0.53641,-0.0115,-0.55064,0.80946,1.1226,-7.5515,4.1373,-4.0884,0.25608,1.669,-0.14513,0.46489,-0.8857,-8.6709,3.147,-1.7115,0.026277,0.41144,0.32369,0.95308,-0.21468,-0.39091,-10.279,-1.6803,-1.2705,-0.3824,-0.25357,0.24069,0.8713,-0.081945,0.48691
1,7.805,0.95352,4.4158,-0.45943,-0.31761,-0.1603,-0.73235,0.1503,-0.66666,1.6596,8.6982,0.73369,0.25034,-0.88352,-0.094439,-0.3144,-0.50877,-0.44467,4.2959,-6.3786,6.1133,0.2938,0.11872,0.35633,0.022257,0.69511,-0.88827,-5.0024,-5.9675,0.41586,0.65081,-0.27913,-0.13706,0.27374,-0.8517,-0.13457,-10.754,-1.5678,-2.1212,-0.95986,-0.081705,1.0748,1.0941,0.30497,-0.033596
9,9.4435,0.41131,4.4981,-0.004615,-0.22573,0.002586,-0.63326,-0.37411,-0.52678,1.0577,8.2926,7.3135,0.42189,-0.16634,-0.35892,-0.002196,-0.84426,-0.29169,-2.2898,-6.3642,7.7707,0.099143,0.5547,0.44163,0.56698,0.2903,-0.64704,-10.835,2.0047,-0.19707,-0.69628,-0.064765,1.9885,0.68615,-0.62922,-0.033483,-10.522,-2.9222,-2.5424,-0.16778,-0.064466,1.3558,0.57645,0.57938,0.43189
2,-4.3393,2.5625,-2.0748,0.56116,0.26527,-0.28131,-0.68966,-0.093965,-0.54922,-11.485,0.74699,4.0223,-0.52908,-0.73487,-0.2459,0.12079,-0.68201,0.14278,8.19,6.1998,-2.3815,0.79207,0.61154,-0.35856,0.20587,0.7842,-0.5509,-2.6478,9.0726,4.5227,0.22042,-0.80279,1.2617,0.77948,-0.1815,0.29599,-6.0586,-26.211,-3.5605,-1.3845,1.762,-0.50835,0.92284,0.77387,-0.1628
0,7.1602,0.96639,3.7076,-0.21586,0.21084,-0.25512,-0.76696,-0.19762,-0.75195,5.3986,4.6788,3.9272,0.21724,-0.090215,0.42176,-0.4668,-0.7883,-0.7051,5.8825,-4.7937,5.2199,-0.10144,-0.11065,-0.28173,-0.44217,0.77766,-1.0985,-9.6594,-1.0305,-0.25414,1.2352,0.22361,-1.5339,0.34645,-0.65782,-0.029494,-9.9319,3.3924,-1.2393,2.4212,0.94899,-2.1596,0.43702,0.49452,0.27827
8,21.527,-5.0725,7.1043,0.1847,0.9413,0.36448,-0.72253,-0.33934,-0.28308,21.249,11.252,2.1157,0.98528,-0.15778,0.574,-0.4028,-0.55666,0.39119,20.914,-7.3307,9.2099,0.12119,-0.91068,-0.33383,-0.36187,-0.026209,-0.67636,-24.049,3.7883,-2.818,-0.8612,0.57378,0.45912,0.52583,-0.28446,-0.42996,-21.803,3.7494,-0.57925,0.21604,-1.1334,-0.74232,0.36793,0.17969,0.6643
7,8.7742,-0.50861,1.9574,0.32757,0.2286,-0.017847,-0.79668,0.052957,-0.69906,0.22221,1.1514,6.5716,0.47602,-0.54162,-1.3741,0.54439,0.18972,-0.71884,-2.0415,2.6785,4.8119,0.2365,0.58479,1.3516,0.35252,-0.54122,-0.63874,-1.5339,9.7918,-0.48833,-0.31723,0.070036,0.37614,-0.41991,-0.81083,-0.088754,-1.2487,-9.6103,-1.6087,0.081462,0.11083,-0.4535,-0.41508,0.79729,0.23215
1,6.5667,0.59252,3.751,-0.22423,0.31148,-0.016776,-0.69048,-0.24024,-0.74848,2.0646,7.4751,5.0368,-0.21912,-0.34629,0.22117,-0.14369,-0.85216,-0.63381,2.9095,-6.2168,5.9265,-0.1668,0.15642,-0.62831,0.009646,0.86662,-1.0313,-9.3042,-4.0141,-1.0754,-1.5918,-0.033333,2.4505,0.32189,-0.70402,0.086252,-8.455,-4.6834,-2.5288,-0.70957,0.020593,1.9781,0.46424,0.6047,0.094246
8,-3.2433,-1.1,0.31624,-0.51823,0.10876,0.39038,-0.71776,-0.34904,-0.30633,-2.7614,1.0759,5.9969,1.9362,1.0711,-0.46935,-0.38477,-0.55454,0.42961,-4.3496,0.41574,1.4589,-0.55045,-0.57006,0.35228,-0.43123,0.022581,-0.65167,0.76699,5.2411,-4.3159,-1.4011,-2.0306,1.2665,0.49152,-0.2112,-0.51047,2.5925,-10.009,0.00958,0.17882,-1.7625,0.38104,0.49567,0.16131,0.58252
7,10.49,-0.69401,3.6617,-0.84082,1.0101,-0.012045,-0.72186,-0.020858,-0.66235,1.4108,5.3685,10.143,-0.88279,1.3717,-1.8775,0.33795,-0.14607,-0.8798,0.85673,-3.4874,10.853,0.28525,1.8167,1.0214,0.3285,-0.11026,-0.88745,-4.8949,8.0911,-3.2267,0.10057,0.09078,0.043529,-0.15037,-0.94389,0.086049,-4.4339,-7.3681,-4.101,0.14661,-0.020028,-0.13782,-0.2413,0.76737,0.54562
4,8.9612,-1.1703,2.8214,-1.182,0.43094,-0.16048,-0.68196,0.019146,-0.6064,1.7792,6.5628,7.3519,0.062744,0.17161,1.4712,-0.086076,-0.88828,-0.92656,-11.252,-7.6972,3.8901,-0.65518,-0.85999,-0.81612,0.42633,0.54314,-0.45506,-6.1842,1.0849,-1.3715,1.57,-0.24044,-0.95339,0.44799,-0.25526,-0.14628,-8.4757,-7.7023,-0.57953,-0.03774,-0.27956,-0.96983,0.65507,0.15536,0.069311
7,9.2562,2.0468,11.173,-0.15206,-0.84632,0.13521,-0.37237,-0.1739,-0.86807,-1.4915,4.3017,0.071668,0.061847,0.079583,-0.38022,0.50731,-0.79706,-0.078389,-3.6869,-5.6109,12.088,-0.57505,0.47706,0.24949,0.38511,0.15185,-0.86024,1.5875,8.6055,4.5164,-0.26489,0.23201,-0.88326,-0.5604,-0.66325,-0.42377,1.2003,-9.3225,0.60407,-0.39953,0.28793,1.096,-0.40087,0.88707,-0.027094
9,10.285,1.6739,-2.4826,0.69852,0.42826,1.8092,-0.85463,0.26654,0.42948,3.264,5.1497,-4.4265,2.2632,1.0924,-4.0006,-0.2355,-0.898,-0.36344,9.1068,-4.4139,2.9834,0.32173,-0.099297,0.40341,-0.90488,0.29597,0.17012,-8.88,-4.2154,-3.4031,-0.12253,0.17446,-0.014574,0.78553,0.54632,0.35564,-8.9716,-5.5108,1.6054,-0.37275,0.36886,-0.045571,0.98015,0.21337,-0.37542
6,9.6215,-0.77233,1.331,0.18987,-0.10465,-0.1314,-0.88014,0.32782,0.31777,3.3345,0.81501,9.2893,0.03734,0.11282,-0.089403,-0.92377,-0.009677,-0.65037,1.0097,-1.3488,9.6938,0.014966,-0.022442,-0.17119,-0.57323,0.57547,-0.7314,-7.8409,9.4872,-4.6903,-0.61769,-0.011892,-0.1977,0.63599,-0.097335,0.28569,-2.3323,-4.8751,0.27427,0.54018,0.22662,-0.75294,0.56417,0.6208,-0.21151
9,10.138,-0.82285,-1.0959,-1.2512,0.38101,0.64305,-0.92974,0.17896,-0.21447,0.88491,11.699,-2.1491,-0.23734,-0.29018,1.387,-0.2948,-0.8322,-0.12376,18.984,-2.8457,12.006,-4.8933,-0.99971,-1.1244,-0.47642,0.34151,-0.66451,-10.19,0.77214,-2.1068,0.61272,0.59672,-0.17386,0.77502,-0.16636,0.29314,-9.58,-1.4781,-3.2563,3.286,1.0425,-0.48297,0.80923,0.40337,-0.16747
3,-0.13572,0.2602,4.5039,0.47904,1.8121,0.26396,-0.6153,-0.028252,-0.84094,4.437,7.0326,0.3873,-0.75443,-1.087,-0.43572,0.67317,-0.38025,0.50923,-4.261,10.615,0.66882,-4.0613,1.2945,0.3743,-0.29501,0.28612,-0.77988,-12.002,0.12811,3.0145,-0.86608,-1.888,2.3626,0.83329,-0.050055,-0.44336,-10.205,-7.5769,0.89419,2.1653,0.25619,1.8385,0.83816,0.41091,0.44652
4,7.3347,-3.1206,0.96688,-3.2361,-0.016525,0.015078,-0.74729,0.3793,-0.57846,2.2339,10.031,3.3659,-0.67365,0.27148,2.8127,0.009311,-0.96625,-0.21614,-7.7153,-10.316,8.4369,-0.24213,-1.4091,-1.7497,0.15207,0.47847,-0.61975,-3.8461,-1.4471,-0.75694,-1.1982,-0.18133,-0.5127,0.45592,-0.29704,-0.18567,-7.7451,-8.275,-1.5402,-1.2913,-0.53618,0.080074,0.65841,0.2108,0.046511
3,9.3646,0.13293,1.2929,-0.57949,0.17459,0.097815,-0.74994,0.016102,-0.53065,5.9858,6.5638,4.294,0.12403,0.004441,-0.71906,0.14676,-0.38055,-0.13082,5.3503,-5.2354,5.9621,0.050803,0.56546,0.83432,-0.042826,0.44115,-0.69539,-9.7751,2.6942,-1.4137,-0.24616,0.008291,1.4229,0.61114,-0.68173,0.073098,-9.4838,-1.7226,-1.1912,-0.12096,-0.23526,0.63491,0.808,0.45672,0.17942
5,9.1583,-0.38924,2.1005,0.11591,0.058858,-0.083603,-0.58461,-0.18302,0.17298,2.7215,0.54422,9.2431,0.078945,0.019148,-0.065336,-0.2802,-0.15413,-0.24263,1.2634,-1.275,9.9374,0.12355,-0.067435,-0.042944,-0.62274,-0.12247,-0.521,-4.0753,12.208,-1.5887,0.23929,0.013455,-1.6165,0.38083,-0.53498,-0.14747,0.39702,-8.9753,-1.9951,0.6264,0.65213,-1.7027,0.20432,0.52763,0.25867
9,8.2203,-5.3985,0.55051,0.61754,-0.28784,-0.55268,-0.5469,0.65932,-0.04632,8.7056,22.724,-0.065079,3.3082,2.1377,4.4499,-0.28269,-0.61903,-0.44976,3.9384,-14.406,13.586,-2.4461,-2.83,-4.7005,0.17728,0.70146,-0.40665,-9.6515,-1.2715,-1.4743,-0.34042,-0.16605,-0.048309,0.66871,0.018219,0.45538,-9.982,-1.0505,3.2413,0.18848,-0.16777,0.20851,0.61779,0.224,-0.45148
9,9.3197,0.38471,0.1565,1.2927,-0.035566,-0.45825,-0.72459,0.49786,-0.091893,17.945,4.5979,0.19505,1.3151,-0.9116,-6.1821,-0.56026,-0.34265,-0.53096,17.527,-0.63409,3.7007,2.0124,2.1492,4.7756,-0.68825,0.50112,-0.12833,-10.911,2.7092,0.16018,0.052139,-0.48681,0.96376,0.75241,-0.11154,0.38722,-10.78,2.5806,0.27243,1.0279,0.61029,-0.48869,0.75736,0.22814,-0.34129
2,1.7912,2.185,-2.788,0.31174,0.042129,-0.74655,-0.88549,0.1306,-0.41705,-5.036,14.628,-2.2651,1.1268,-0.88334,-2.1571,0.15698,-0.56807,-0.57332,5.5219,0.91132,0.3978,-1.7212,0.48006,-2.1629,-0.017895,1.1314,-0.31356,-4.7597,-0.49489,-5.2896,1.1041,-0.019914,0.69081,1.0324,-0.060635,0.21922,-12.414,-16.525,-1.6916,1.5096,1.3333,0.05797,0.8676,0.86203,-0.19371
0,8.8023,1.941,1.6904,-0.04625,0.54572,-0.27218,-0.73396,-0.28983,-0.75075,3.8911,6.533,5.8425,0.066825,-0.62262,-0.047867,-0.38804,-0.83306,-0.72905,5.4043,-5.2143,6.2048,-0.009082,-0.05475,-0.79222,-0.34995,0.84576,-1.183,-10.265,-1.3691,3.3308,1.829,-1.0236,1.0132,0.53801,-0.45912,0.11749,-11.414,9.3619,-1.1216,-1.3912,0.60108,0.65503,0.29448,0.69732,0.1433
0,8.725,0.18671,3.7976,-0.5003,-0.090773,-0.20016,-0.72989,-0.002502,-0.9773,10.328,3.3542,2.1854,-1.4018,0.50182,-0.97335,-0.87128,-0.73767,-0.3574,10.449,-3.351,3.0251,-0.36069,-0.7553,-1.3488,-1.4943,1.5559,-0.17127,-15.458,-3.9205,-2.426,-0.14046,0.3732,2.5272,0.42946,-0.56842,0.36177,-9.2096,3.3912,-3.1188,0.066778,-0.16003,1.7346,0.44393,0.65903,0.25544
2,-0.75431,1.3381,-2.6118,-2.2508,-1.1674,-0.51162,-1.1297,0.039307,-0.48915,-8.9244,4.4278,-2.3887,0.82551,-0.70018,-4.7612,0.37229,-0.80639,-0.31026,6.3558,-20.862,9.0977,-0.84464,-1.1572,-3.3755,0.70272,0.51472,-0.94843,-1.6579,0.73799,-3.3519,1.4434,0.69371,2.425,0.58462,-0.34898,0.37362,-7.8552,-8.6251,4.2174,1.7241,0.45876,-0.68335,0.42576,0.61697,0.20499
5,9.3679,-0.91601,3.9315,-0.15491,-0.3057,0.11943,-0.6119,-0.13554,0.094446,6.581,4.2962,5.6858,-0.027545,-0.17755,0.16987,-0.89166,0.073357,-0.2233,5.1959,-5.9726,5.5743,0.079082,0.020393,-0.064088,-0.80115,0.16868,-0.66695,3.9735,5.9423,-1.0023,1.4097,0.69215,-1.164,0.32208,-0.57008,-0.24708,-1.0278,-13.206,-3.4034,1.9212,0.51974,-0.86434,0.35121,0.38082,0.27336
6,9.3016,-0.94526,0.81915,-0.13267,-0.086082,0.18728,-0.87399,0.32396,0.34866,3.7055,0.60947,8.7552,-0.029091,-0.18646,0.12786,-0.95381,-0.012578,-0.62098,1.2295,-1.4035,9.5461,-0.07582,0.076554,0.14514,-0.57851,0.55873,-0.73796,-0.69787,3.0753,0.47152,-0.33859,-0.044716,0.79768,0.56279,-0.57007,0.18207,-7.4521,-9.59,-4.7451,-0.000763,0.050622,0.25898,0.72408,0.3409,-0.1472
9,10.698,1.2959,-1.5033,-0.27837,-0.16489,-0.003536,-0.66975,0.21891,0.53554,6.8876,6.4657,-3.0172,-0.32418,-0.58435,0.47157,-0.80078,-0.27415,0.13809,7.6821,-3.4193,2.5294,-1.7101,0.25723,-0.31121,-0.55639,0.66602,0.15711,-9.3619,2.4229,-1.1601,0.50671,-0.22858,0.15939,0.74058,0.15505,0.47884,-9.2547,-2.3662,-0.81281,0.32267,0.055098,0.064651,0.80666,-0.1444,-0.2971
4,8.5619,1.2486,1.1624,0.23734,0.08031,-0.18873,-0.86311,-0.2629,-0.36646,0.66302,9.8043,4.9468,-0.27979,-0.89713,0.3484,-0.53183,-0.51801,-0.33624,2.7549,-6.3407,5.2167,-0.24425,0.004894,-0.93797,-0.006089,0.79027,-0.77575,-8.8848,2.4918,-0.27754,-0.19826,-0.067493,0.66527,0.66918,-0.30582,-0.000579,-7.9319,-3.4519,-1.827,-0.30746,-0.23295,0.75975,0.41581,0.4622,0.14122
5,6.4066,0.48811,6.2507,-0.017589,-0.21975,0.066202,-0.66114,-0.18166,-0.07627,5.4058,6.9765,-4.057,-0.030106,-0.005559,0.24981,-0.79772,-0.24863,-0.078042,6.0115,-7.0476,1.4241,0.002189,0.11843,-0.040969,-0.94481,0.31815,-0.60308,7.1505,1.7063,1.1121,0.21581,0.61134,-0.77197,0.12126,-0.57843,-0.40026,-0.48009,-11.236,-7.0505,0.82844,0.16767,-0.55193,0.33664,0.25711,0.31218
1,10.748,-0.056792,5.293,-0.12083,-0.1925,-0.14218,-0.8645,-0.15529,-0.66172,10.685,2.6025,4.2929,-0.3451,0.029976,-0.15937,-0.68203,-0.51853,0.030436,7.4813,-3.4247,2.1324,0.47311,-0.13531,-0.45879,-0.64959,1.7008,-0.42248,-11.13,0.74047,-1.8325,0.7265,-0.036596,-1.0664,0.71554,-0.07405,0.16436,-5.9032,-7.469,-0.42011,1.4702,0.27494,-0.2833,0.057542,0.64575,0.003706
3,11.419,-1.8405,-0.63472,-0.093401,-0.23664,0.051535,-0.90343,0.061933,-0.5256,-0.27175,8.8806,5.0401,-0.16654,0.076049,-0.60527,0.7371,-0.011053,0.24727,-2.2231,-6.9483,7.2068,0.22869,0.2529,0.37583,0.69141,0.36499,-0.36939,-13.864,-0.83137,-0.85179,0.33026,-0.024775,0.007675,0.6918,-0.37404,0.12091,-7.0771,-4.6607,-1.6067,0.4294,0.18747,-0.36948,0.40104,0.77661,0.20133
7,5.5029,0.71272,7.4762,-0.35821,0.66511,-0.18615,-0.30145,-0.11161,-0.90973,-3.7348,10.237,-1.273,0.19785,-1.0926,-0.45044,0.63951,-0.70976,0.040188,-2.0972,-3.8492,8.5191,-0.22536,-0.77243,0.52182,0.49535,0.057401,-0.82501,0.93012,9.0747,3.0955,-0.18164,0.2943,-1.0431,-0.4137,-0.75015,-0.44017,-1.8284,-8.7156,1.7979,-0.17052,-0.32778,1.2015,-0.22761,0.94507,0.004407
0,9.0105,0.68898,4.0359,-0.49923,-0.226,-0.15807,-0.71767,-0.016053,-0.98241,10.023,3.2213,2.7305,-1.3019,0.36927,-1.2239,-0.9327,-0.80273,-0.23141,9.6462,-3.7909,3.4621,-1.2838,-0.70856,-1.5134,-1.2272,1.5921,-0.22023,-15.18,-4.8921,-2.353,0.32046,0.46624,2.619,0.51724,-0.52064,0.33744,-10.919,0.26281,-2.2538,-0.082691,-0.080614,1.6069,0.38483,0.68026,0.28539
6,8.3202,-1.0017,3.7142,-0.12629,-1.0361,0.18198,-0.88197,0.46835,-0.090196,-1.6235,5.3702,7.4584,0.24385,0.22636,-0.017918,-0.34248,-0.24576,-0.88201,-0.595,-6.787,8.1932,0.010735,0.099725,0.15318,-0.23484,0.81744,-0.45706,0.28375,0.015945,0.36132,0.62369,0.48159,-1.2016,0.42847,-0.66056,0.24295,-8.7641,-10.687,-3.0053,0.40529,-0.1362,-0.73796,0.59366,0.5018,-0.38521
4,10.826,1.9337,0.73546,-0.8444,-0.16195,0.12163,-0.82106,-0.1131,-0.29318,2.6492,7.8626,7.0739,-0.63342,-0.58964,2.0739,-0.13392,-0.75499,-0.97589,-6.7979,-8.7685,4.9169,-0.67803,-0.26275,-1.9469,0.080837,0.51022,-0.64733,-4.9501,-2.0796,-1.0348,-0.44507,0.60133,-0.34444,0.52194,-0.31606,-0.088545,-11.245,-6.3078,-4.1033,-1.2904,-0.49212,0.79381,0.61272,0.11124,0.25391
9,10.49,-2.2501,1.9405,-0.75836,0.18753,-0.62149,-0.77109,0.12901,0.22181,4.0816,8.988,1.3201,-0.072199,-0.61042,1.0394,-0.72523,-0.32046,-0.006832,18.127,-13.573,-2.2161,-7.1372,1.4687,-0.19992,-0.85259,0.035664,-0.26518,-10.143,2.2978,-1.8778,0.42969,-0.058059,-0.59817,0.66398,0.42102,0.24297,-13.719,-9.0315,-10.305,0.97533,2.514,0.46034,0.76044,-0.2599,0.094413
2,20.822,-1.835,3.2266,0.98147,-6.3867,-0.41099,-0.71642,0.1948,-0.57337,-0.70169,9.8857,9.2157,-0.85815,0.30884,-0.70837,-0.050679,-0.18324,-0.67549,-2.1745,-8.2648,10.832,-0.52208,0.942,0.45033,0.44206,0.73882,-0.76763,-14.53,-11.095,-3.2785,4.2165,0.33118,-2.1646,0.41206,-0.70981,0.42275,-24.43,-0.73798,-0.19298,-0.78641,-0.85494,-3.8816,0.96157,0.50083,-0.13438
5,6.9796,0.73186,6.8352,0.012917,-0.22992,0.073396,-0.65929,-0.195,-0.067169,4.7471,7.4027,-4.1179,-0.013633,-0.021379,0.15116,-0.75004,-0.30856,-0.15632,5.6705,-7.7086,1.2489,-0.045013,0.085788,0.000288,-0.86167,0.39834,-0.67619,6.0768,2.8823,1.0616,0.2259,0.4649,-0.79304,0.13545,-0.5684,-0.40215,-1.1607,-12.957,-8.4322,0.8072,0.33567,-0.68864,0.33485,0.2744,0.29788
7,8.653,0.69654,5.386,-0.25265,-1.0686,0.27966,-0.53783,-0.22464,-0.7729,4.0538,1.6464,10.335,0.32382,-0.68794,1.3613,0.14897,-0.049439,-0.94994,5.3258,-2.3374,9.0269,-0.84722,-0.35091,-1.5901,0.027876,-0.1951,-0.93163,-2.6999,9.6394,2.4298,0.5279,0.53091,0.59321,-0.22975,-0.88613,-0.29247,-1.8708,-9.1856,2.8476,-0.69666,0.036871,-0.57763,-0.29102,0.92964,-0.063264
5,10.368,-1.0205,4.1347,-0.37646,0.25425,0.23087,-0.80158,-0.071913,0.076746,-1.4513,9.3598,5.3632,-0.010316,0.031725,0.12077,-0.099084,-0.49467,-0.070769,0.16198,-1.8528,10.252,-0.21508,0.15102,-0.015954,-0.55035,-0.12664,-0.56335,-3.3428,10.34,0.46268,-0.75118,-0.049595,2.5047,0.23003,-0.48897,-0.27777,-3.9136,-10.19,-0.26438,-0.11033,-0.91033,2.4809,0.25366,0.43243,0.16722
9,1.9171,5.8617,-3.2424,-0.057496,-0.74683,-0.23609,-0.98984,0.46317,0.1013,-8.2222,3.557,-4.7205,-1.2692,-1.3935,-2.7559,-0.48305,-0.81634,-0.074452,5.0081,-0.56066,2.1615,0.13638,-0.82397,-2.4219,-0.12197,0.94644,-0.29083,-5.28,0.6249,1.1743,-0.56473,0.027858,1.5432,0.64615,0.72663,0.28106,-12.448,12.93,-7.6861,-4.7113,1.8213,0.94657,0.94261,-0.2043,-0.15487
9,8.9935,-0.63437,3.6402,0.14089,-0.057295,0.085653,-0.5558,0.19084,-0.79431,-6.3186,2.4907,6.4611,0.12074,-0.12059,0.13458,0.90682,0.1748,-0.34013,-7.4007,-0.11611,6.4186,-0.083063,0.002317,-0.20873,0.95202,-0.11612,-0.18376,-9.6524,-2.448,-0.4968,-0.11454,-0.003805,-0.11144,0.98516,-0.38762,0.15761,-9.9117,-0.26019,-0.54322,0.24811,0.022934,0.064929,0.90811,0.54349,-0.16812
8,36.176,-3.7088,10.749,0.032092,0.11148,0.057433,-0.48718,0.008728,-0.6236,37.495,2.6045,8.9308,0.42005,-0.65919,0.75147,-0.49743,-0.37267,-0.40282,34.386,-6.754,3.0588,-3.8613,0.28583,-2.5912,-0.44538,0.25963,-0.51385,-30.929,-16.219,4.7847,0.80463,-0.55133,-1.2715,0.62216,-0.35872,8e-05,-30.04,14.729,2.999,0.54644,-0.23229,1.032,0.60697,0.30065,0.29974
7,9.0418,0.15098,3.7469,-0.11995,-0.85271,0.003245,-0.74354,-0.11824,-0.74902,-4.52,1.221,8.1143,-0.53085,0.29344,0.18679,0.72579,0.22459,-0.54,-4.6583,1.4772,9.4451,0.66253,0.36534,-0.14633,0.64333,-0.42692,-0.49441,0.1904,9.9479,-1.1498,0.27938,0.14807,0.72319,-0.47745,-0.78699,-0.085524,0.60195,-9.2519,-0.72822,-0.24783,0.097057,-0.64487,-0.48356,0.77059,0.1977
6,9.9934,-1.8039,0.3637,0.066582,0.10694,0.082892,-0.72224,0.36943,0.33741,1.4604,4.0148,8.7052,-0.096899,-0.13994,0.32406,-0.45823,-0.092811,-0.64981,0.56946,-2.4421,9.5503,-0.074831,-0.063065,0.056329,-0.37231,0.59518,-0.5243,-3.9111,7.5235,-4.1305,0.62104,-0.3782,-1.3245,0.49832,-0.36991,0.4092,-7.6811,-6.9647,-5.1733,0.88935,0.15103,-1.1901,0.62358,0.40948,-0.081356
2,13.166,0.83827,4.7866,2.3226,0.12304,0.0811,-0.70856,0.014391,-0.55179,-1.9096,10.87,-7.2309,1.8108,3.5027,-0.6726,0.11353,-0.64982,-0.033204,6.6297,-15.528,0.20737,0.48022,-1.8002,1.7992,0.28682,0.85922,-0.52122,-21.613,6.1209,1.7292,0.34282,-0.92318,-2.724,0.68857,-0.42988,0.33197,-15.708,4.8049,4.5584,1.7342,1.0106,-1.0297,0.8897,0.77128,-0.049193
7,6.1711,0.40214,8.0215,0.26036,-0.44291,-0.0052,-0.13758,-0.13442,-0.94973,-4.187,-1.5252,8.6754,0.98633,-0.42196,0.95613,0.49579,0.3568,-0.76686,-1.5874,0.90313,8.6897,-1.0727,-0.53979,-1.0537,0.28294,-0.39407,-0.82043,-3.5201,8.7251,1.3567,-0.056097,-0.053022,-0.13457,-0.18033,-0.91145,-0.2472,-2.9202,-8.6388,1.4882,-0.002271,-0.085712,0.11857,-0.24097,0.94191,-0.034201
4,8.8193,1.7522,0.1234,-0.20358,0.12214,-0.42626,-0.88975,-0.24296,-0.41297,-0.73875,8.7904,3.8049,-0.40979,0.16941,-1.9319,-0.48915,-0.59703,-0.38192,3.9296,-6.7051,6.4024,0.059564,0.34333,0.36872,0.053699,0.76299,-0.77045,-10.214,-0.006929,0.018367,0.13314,0.13544,1.0033,0.63464,-0.27147,-0.07406,-9.1194,-1.2675,-2.4788,-0.55137,-0.46734,0.8908,0.48306,0.38924,0.2264
2,20.647,2.1392,2.1657,-1.6198,0.53681,-0.45021,-0.93649,0.1644,-0.43648,4.443,13.197,2.2418,1.4479,-0.91323,-1.4612,0.27267,-0.72661,-0.41324,-3.1583,-22.591,0.89367,-1.6935,2.6427,-1.1457,0.14869,1.2849,-0.12917,-15.458,-14.535,-7.5546,0.081226,0.25843,2.8592,0.54602,-0.45573,0.37303,-25.594,2.0998,-8.8625,1.7213,0.47918,3.7258,0.86455,0.48368,-0.026571
5,9.7512,-0.68982,1.8605,-0.10269,0.090978,0.14734,-0.60702,-0.2613,0.10978,-0.37966,9.2181,3.0216,-0.13678,0.019464,0.091384,-0.12313,-0.56662,0.12432,1.2764,-3.6529,9.1258,0.41266,-0.032962,0.094876,-0.38246,-0.042218,-0.63407,3.5474,5.2187,0.18924,0.43603,0.22321,-0.97376,0.134,-0.63205,-0.30663,-2.3831,-12.215,0.52813,0.45549,-0.38094,-0.87262,0.26476,0.42841,0.1937
5,7.0994,0.73233,6.8091,0.11603,0.041689,0.023445,-0.62678,-0.25681,-0.086169,5.1253,6.9982,-4.4744,-0.021262,0.065846,-0.07198,-0.80341,-0.23897,-0.03595,6.9248,-6.8586,1.6081,-0.03476,-0.003828,-0.024213,-0.98573,0.18173,-0.58151,-1.9864,13.689,4.0811,0.25356,0.005874,0.038293,0.3476,-0.42269,-0.28225,6.0726,-2.0444,-1.4779,0.29063,0.15811,-0.37033,0.088302,0.46896,0.39302
6,9.7698,1.297,0.39552,-0.031955,-0.10106,-0.19562,-0.7921,0.22755,0.28039,0.40106,4.8856,8.5835,0.098453,0.069598,-0.27679,-0.38918,-0.1838,-0.6734,2.3393,-1.1882,9.3531,0.081436,-0.070972,-0.25029,-0.5301,0.48934,-0.52744,-7.8467,7.2035,-3.8662,-0.23829,0.38013,0.50927,0.60454,-0.13517,0.27731,-2.2311,-5.4702,-2.7288,-0.43807,-0.47091,0.54358,0.467,0.67804,0.030326
4,6.8836,-0.65347,0.033104,-1.6999,-0.40914,-0.71054,-0.7254,-0.27922,-0.50036,-6.6743,8.4522,4.9756,0.17247,-0.52833,-1.5002,0.033052,-0.70932,-0.5967,6.0755,-2.4348,7.176,-0.7386,1.3638,2.4694,0.30293,0.69822,-0.82467,-13.36,-5.7144,0.22458,-1.5962,-0.5179,2.2252,0.54172,-0.097385,-0.18161,-12.693,-4.9038,1.7682,-0.81648,-0.19517,1.8564,0.50412,0.41812,0.1807
4,4.2579,-1.2091,0.41837,0.31969,-0.4324,-0.19478,-1.0032,0.15558,-0.32142,3.174,6.1614,3.1977,-1.168,-0.44344,1.0734,-0.31447,-0.86601,-0.56628,-5.7278,-9.743,4.4797,0.051312,0.10548,-0.22112,0.16496,0.53209,-0.48437,-4.2095,1.9599,-5.3298,-0.17544,-0.63338,-2.1768,0.43129,-0.3725,-0.13583,-2.7247,-5.7747,-1.7395,0.30112,0.1767,-1.1066,0.59635,0.2128,0.16423
0,9.845,-2.7796,5.0185,0.4049,0.27169,0.13953,-0.74909,0.25312,-0.66662,3.5987,9.5709,1.0484,0.21373,-0.1992,-0.21053,-0.37737,-0.50377,-0.51048,4.2967,-5.0284,8.5389,-0.12453,0.34188,-0.1065,-0.035636,0.72697,-0.94227,-11.894,0.65809,-1.7698,0.64287,0.11425,-1.12,0.82349,-0.39137,0.12707,-11.441,-9.579,-6.8941,-1.3765,-0.2861,0.67626,0.76434,0.6679,-0.006021
1,9.0543,-1.0511,4.8598,0.40437,-0.84467,-0.34556,-0.70824,0.17925,-0.67341,-5.5371,9.2988,4.5073,-0.40343,-0.15726,-3.3853,0.33556,-0.54429,-0.53879,3.4902,-6.4609,8.0854,0.13522,0.22052,0.40377,0.05685,0.72613,-0.86275,-6.8372,-4.8272,0.51251,-0.10959,-0.98235,1.0741,0.27421,-0.84758,-0.0797,-10.214,1.8125,0.33234,-0.91965,0.084283,0.96146,1.0631,0.38727,-0.032278
5,9.3784,-2.1571,1.6687,0.064077,0.015727,-0.061138,-0.62189,-0.19554,0.15997,1.353,6.1689,7.1517,0.051264,0.014205,0.012114,-0.21771,-0.51204,-0.17282,0.88199,-3.1949,9.0857,0.034888,-0.054097,0.005203,-0.43472,-0.089973,-0.60595,-5.2426,11.838,-2.6119,-0.064404,0.31174,-1.7451,0.30058,-0.50487,-0.2176,0.79101,-7.7431,2.1902,0.09834,-0.47068,-1.4947,0.11551,0.5835,0.097664
1,6.4828,0.53087,2.2601,-0.09424,0.30377,-0.4357,-0.6285,0.14931,-0.60926,0.52296,8.6319,4.7054,0.004778,-0.30797,0.66409,0.022845,-0.1912,-0.61658,0.43054,-6.2715,6.733,0.21861,-0.46504,-0.49046,0.39983,0.83481,-0.66093,-8.5988,-0.049554,-3.8216,1.0909,-0.55991,-1.8788,0.58994,-0.5733,0.43951,-10.057,-1.2613,-0.71247,0.98233,0.10196,-2.385,0.89706,0.68532,-0.17898
6,9.1135,-0.87408,1.4219,-0.19087,-0.1001,0.40021,-0.88694,0.34714,0.28248,3.3246,0.73465,9.0901,-0.01076,-0.30307,0.1114,-0.93088,-0.019291,-0.64489,1.1154,-1.2246,9.4193,0.023141,0.24223,0.2304,-0.57267,0.56096,-0.73917,-1.8728,4.0417,-0.35986,-0.34931,-0.11389,1.0899,0.5691,-0.55385,0.18646,-7.9681,-10.309,-4.2176,-0.24746,-0.025043,0.63597,0.71506,0.35681,-0.14141
4,9.3951,-1.1559,2.255,-0.21612,0.29025,0.042279,-0.68115,0.11464,-0.57429,0.13886,8.2722,6.2998,-0.064223,-0.049043,0.83339,-0.13144,-0.88789,-0.72161,-8.0023,-6.5688,5.2543,-0.91418,-0.13842,-0.00234,0.33516,0.44964,-0.53954,-7.0336,1.9897,-3.7821,0.82603,-0.83856,-1.8184,0.39896,-0.4058,0.090206,-8.9502,-1.4968,-0.51864,-0.20059,-0.11644,-0.88708,0.62613,0.1858,0.076112
4,10.726,-1.1056,3.8892,1.508,0.10767,0.2647,-0.73624,-0.065218,-0.44843,-5.7317,7.3388,4.0043,0.2787,0.48496,0.01147,0.1222,-0.70544,-0.43624,-2.8655,-6.2375,6.6005,0.16878,-0.52811,-1.3446,0.47076,0.40632,-0.8118,-11.792,-0.40055,-2.3916,-0.31119,-0.5204,-1.3426,0.63617,-0.25924,0.10328,-6.617,-6.214,0.86453,0.14983,-0.08809,-1.133,0.28331,0.55281,0.006992
3,7.256,-0.28199,0.74148,-0.3427,-0.38778,-0.1598,-0.72795,0.061949,-0.62741,2.4136,5.6509,7.0013,-0.30967,1.2277,-1.2829,0.93378,0.048544,-0.38511,1.2863,-3.6263,9.1152,0.30637,0.93794,0.5977,0.19393,0.21104,-0.69836,-6.9664,4.0165,-3.4584,-1.377,0.45889,1.9595,0.70752,-0.59816,-0.10554,-7.1299,-4.9704,-1.88,-0.14388,0.2268,0.69271,0.69642,0.59835,0.38129
6,10.338,-2.4483,1.7247,0.77857,0.26349,-0.47559,-0.95248,0.55001,0.21173,-1.3815,9.308,3.9696,0.037075,-0.062053,-0.028041,-0.48956,-0.63082,-0.64635,-0.41877,-1.5978,9.888,-0.18743,-0.09358,-0.23204,-0.4601,0.58491,-0.68907,-8.07,4.8078,-1.2312,0.73332,-0.42063,-2.6862,0.52045,-0.45626,0.32369,-9.7737,-9.6223,-1.9081,0.33629,0.35335,-1.7366,0.59286,0.44051,-0.31999
7,9.5756,-0.56345,3.5957,0.31485,0.13204,-0.12978,-0.51508,-0.054022,-0.80933,-2.5812,7.5576,-2.5115,-0.21044,1.1041,1.1651,0.68626,-0.64415,-0.13205,-0.89947,-2.5633,7.8246,-0.19816,-0.42939,-1.4482,0.4596,-0.12799,-0.83986,1.3601,8.046,4.3721,0.26888,-0.044841,0.54053,-0.65064,-0.60728,-0.37237,-1.1267,-10.723,1.1708,0.40793,-0.047063,-0.76476,-0.51623,0.8251,-0.007828
5,7.8037,1.5956,5.0575,-0.05469,-0.018415,0.047933,-0.55565,-0.26278,0.017238,6.9645,4.1484,5.5671,0.035061,-0.046632,-0.03203,-0.89326,0.093758,-0.21333,6.3985,-5.5294,5.0677,-0.051448,0.23124,-0.041319,-0.88869,0.091991,-0.5735,1.2261,6.13,1.6474,0.69639,0.57516,-1.2303,0.36787,-0.54465,-0.22187,-0.033387,-10.998,-2.684,1.3232,0.12368,-0.95431,0.34318,0.41457,0.22283
5,9.6366,-1.2022,1.6499,0.060101,0.090701,0.14775,-0.60326,-0.22821,0.18773,0.30766,7.5682,5.8008,-0.077463,0.002003,0.023422,-0.16199,-0.55371,-0.082543,1.0628,-2.802,9.0433,-0.11361,0.11432,0.063735,-0.42617,-0.12434,-0.60909,3.6641,5.6597,1.1878,0.3832,0.11816,-0.83624,0.16216,-0.59929,-0.33505,-2.8249,-11.973,0.56664,0.73083,-0.22322,-0.89239,0.26751,0.41225,0.18862
4,4.3233,-0.4941,-0.63635,-0.1963,0.1491,0.29814,-1.0472,-0.069136,-0.20344,-4.669,9.0224,2.3996,-0.4469,-1.1349,-1.3318,-0.23445,-0.65764,-0.24335,2.4896,-5.858,6.8055,-0.081352,0.29184,0.23393,0.18707,0.52558,-0.98331,-7.5334,3.3932,4.0703,1.6246,0.27591,2.4779,0.61708,-0.23442,-0.10695,-6.3958,-1.7516,-2.0985,-0.91553,-0.16633,2.0205,0.41791,0.43223,0.17483
0,8.8135,-1.328,2.1577,0.24725,0.077963,0.33757,-1.0402,0.058119,-0.60022,2.831,7.5742,4.7371,0.17379,0.15903,0.16957,-0.32544,-0.63983,-0.80944,2.1573,-6.9655,6.6679,-0.020454,0.076888,-0.23838,0.081425,0.97214,-1.0014,-10.277,-0.46382,0.39933,-1.3562,0.91103,1.8579,0.19041,-0.6224,0.46184,-7.6649,-4.1433,-1.7735,-0.29241,-0.24694,1.4262,0.63513,0.5219,0.07728
8,6.8581,-1.6907,-0.17627,0.49494,-1.0535,2.0333,-0.90597,0.16811,0.5145,39.229,-6.4398,0.83175,4.3675,-0.35277,7.4601,-0.96757,-0.54614,0.037416,1.8629,-3.4236,0.5291,0.70181,-0.1188,-0.45445,-0.95649,-0.27088,0.15798,-1.1984,5.1546,3.7829,-0.64068,0.055706,-0.82374,0.88468,0.42341,0.27132,-9.8937,-5.5143,0.071607,0.85297,0.021371,-0.23673,0.86875,-0.25329,-0.30715
2,-0.078101,-3.6432,-4.6588,3.0619,0.50358,-1.0786,-0.79041,0.29466,-0.63459,6.5052,4.7636,-3.0146,-0.4448,-0.13767,-1.307,-0.71566,-0.42331,-0.28479,6.9795,-3.3612,6.5208,0.58252,0.11422,2.5224,-0.45277,0.61723,-0.96864,-3.2581,1.848,9.3398,-1.8558,-2.9975,0.17381,0.49824,-0.70995,0.17167,-3.2163,-4.8303,3.5745,-2.3406,0.12596,-2.3247,1.1149,0.17371,-0.26206
2,12.964,-4.7579,-10.186,5.8228,-0.003519,0.19363,-0.85603,0.27284,-0.37412,7.0267,5.8203,5.1325,-0.67607,-0.85786,4.6651,-0.076505,-0.41348,-0.51568,1.3883,-20.298,-0.7723,1.3641,-0.75905,3.3601,-0.59332,1.3098,-0.032295,-45.503,-11.194,0.46017,-2.0144,0.80836,-1.3993,0.64304,-0.68912,0.37979,-17.284,3.1835,-7.9708,1.0423,0.81766,-1.137,1.2821,0.32651,-0.22285
0,9.1422,1.2597,4.6138,-0.032325,-0.2968,0.088141,-0.65192,0.11039,-0.60137,1.1713,8.4647,5.5665,-0.001503,0.65687,-0.41996,-0.081049,-0.23282,-0.65253,1.8055,-5.4444,8.0057,0.063229,0.38346,0.57306,0.31129,0.72147,-0.84319,-11.089,9.7148,-8.6333,-0.307,0.22053,0.090861,0.34662,-0.72967,0.35817,-8.9851,-3.6835,-1.6622,0.45207,0.47818,0.96419,1.1151,0.2704,-0.10943
4,10.808,-2.3224,2.953,1.1433,0.61765,0.40777,-0.76335,-0.045079,-0.49598,0.52167,7.9188,6.4835,0.80298,-0.2603,0.055223,-0.25743,-0.60245,-0.65854,0.95673,-5.8557,6.8984,0.56123,-0.078922,-0.9102,-0.15707,0.33642,-1.0479,-11.954,-0.55652,-2.7002,0.64955,-0.18683,-1.1072,0.62025,-0.20779,-0.036371,-9.1345,-4.2626,-1.1043,0.82513,0.36919,-0.6149,0.42726,0.36293,0.15759
5,8.7797,-0.99841,3.6187,0.25545,-0.061117,-0.26496,-0.6119,-0.127,0.10926,6.2256,4.9612,5.7286,0.015672,-0.038214,-0.23803,-0.88997,0.031464,-0.22003,5.6161,-6.0408,5.2385,0.12091,-0.27283,-0.098097,-0.81744,0.14781,-0.64002,-7.6778,16.437,-3.0792,0.88341,0.22978,0.58913,0.55942,-0.37446,-0.061255,6.9628,0.80422,0.35263,0.31486,-0.24274,0.049311,0.016368,0.57411,0.23514
2,8.9865,-2.1623,3.1067,1.8422,0.52004,0.16382,-0.77004,0.136,-0.52861,2.9757,4.5111,5.4778,-0.7065,-0.77522,1.7271,-0.10496,-0.14366,-0.6746,3.7083,-4.0842,5.6648,-0.1375,-1.6044,-1.3283,0.29562,0.84378,-0.79752,-16.133,-0.94947,-3.3356,-0.051883,-0.083243,-4.4921,0.69478,-0.43808,0.40613,-11.048,5.3929,-3.9139,-1.1298,0.46124,-1.5211,0.66429,0.78402,-0.16449
9,7.0201,-0.7952,-0.2346,-0.37797,-0.84662,-0.1071,-0.89774,0.29065,0.38574,14.173,0.79175,-0.9177,-0.62769,-2.2854,-3.0876,-0.76807,-0.4723,-0.13826,-0.94575,-0.44756,0.63694,-1.3501,2.6794,1.0017,-0.78765,0.32147,-0.37853,-8.6875,5.0559,1.9854,1.9203,1.7528,-0.1909,0.79925,0.20133,0.38224,-8.0537,-7.8992,-1.841,-0.48211,-0.42344,0.79454,0.68048,-0.55449,-0.23844
6,9.2125,-2.8061,1.3046,-0.019921,0.13199,-0.18034,-0.95113,0.54364,0.25469,-1.4619,8.3845,4.8925,0.14298,0.17517,-0.082542,-0.49499,-0.57319,-0.63928,0.69328,-3.0588,9.2051,-0.090409,-0.12853,-0.10468,-0.41908,0.65538,-0.67793,-1.0943,2.5084,0.016701,0.7758,0.66117,-1.4184,0.45516,-0.58565,0.27335,-8.6848,-8.1312,-1.2108,-0.39863,0.24823,-1.1124,0.61365,0.3599,-0.37149
7,10.695,0.70994,5.548,-1.0529,0.88441,-0.53562,-0.57889,-0.19357,-0.7403,3.0357,10.332,2.2309,-0.21371,-0.22507,-0.61296,0.43152,-0.81456,-0.20334,2.6824,-1.6069,9.9825,-1.2753,0.5684,-0.043906,0.2648,0.025908,-0.91631,1.0248,7.8598,3.5294,0.043062,0.23931,-0.86615,-0.59512,-0.64113,-0.40487,-0.023874,-8.2847,1.2061,-0.28099,-0.10216,0.92705,-0.45401,0.8574,-0.056461
6,9.7414,1.872,0.51252,-0.16955,0.1896,0.095999,-0.78964,0.20117,0.30282,-1.6909,5.5452,8.1922,0.015971,-0.1872,0.048656,-0.25268,-0.26637,-0.70963,2.2106,-1.7413,9.514,-0.14914,0.1014,-0.077134,-0.50576,0.50408,-0.51811,-7.0678,8.1212,-4.7798,-0.027436,0.22098,1.6597,0.59673,-0.24474,0.32378,-6.7217,-6.5052,-5.4024,-0.48668,-0.69875,1.479,0.57379,0.52621,0.007091
9,7.0597,-1.4598,6.8822,0.073929,-0.053971,0.04209,-0.33257,-0.17774,-0.89446,-8.3429,-3.1663,4.4517,0.035694,-0.12026,0.041882,0.87874,0.40314,0.10157,-9.1436,-3.6385,-0.008766,-0.35963,0.088681,-0.079776,0.8371,0.096704,-0.46527,-9.6991,-1.2128,-0.29558,-0.036072,0.006443,0.001274,0.8399,-0.37758,-0.32746,-9.6652,-1.096,-1.1947,-0.007286,-0.02011,-0.007692,0.73325,0.66516,0.29414
0,8.1612,0.72579,4.0138,-0.1337,-0.089942,0.11997,-0.62086,0.10465,-0.62171,7.6626,1.8516,-1.8658,-0.14726,-0.03283,-1.1085,0.25014,-0.023894,-0.47341,7.0318,-3.7936,5.1696,-0.43117,-0.47003,-0.27008,-1.1014,0.459,-0.020097,-7.0255,-3.0215,1.6603,0.40441,-0.023909,-0.83945,0.51251,-0.62664,0.28397,-10.655,1.1382,-1.3435,0.14202,-0.061621,0.97366,1.0998,0.46269,-0.031763
5,9.1238,-1.0432,3.0461,0.067575,0.079037,-0.19283,-0.61016,-0.11376,0.11761,6.6286,5.118,4.9343,-0.075352,-0.005004,-0.11715,-0.88077,0.029287,-0.24637,5.5696,-5.8349,5.3512,-0.022821,-0.15257,-0.069754,-0.80396,0.16516,-0.64238,-11.052,12.235,1.2244,-0.48227,-0.43898,-1.9292,0.5459,-0.36939,-0.11145,2.2531,-6.355,-1.0179,-0.064606,0.42281,-2.0287,0.1071,0.5469,0.25639
1,10.027,0.59981,3.4861,0.32565,-0.3049,0.14941,-0.69011,0.13566,-0.51762,-1.1455,8.9709,5.5864,0.12374,0.55516,-0.53319,0.03727,-0.15342,-0.63029,-1.0187,-8.0702,7.9083,0.04965,0.49811,0.65359,0.49146,0.83921,-0.55586,-4.8798,8.0305,-4.4352,0.31067,0.43247,0.33143,0.13173,-0.84667,0.31269,-10.271,-5.0958,-1.9931,-0.21673,0.38836,1.2925,1.0846,0.36139,-0.11989
0,11.212,-0.071061,4.958,-0.30593,0.65221,-0.28214,-0.74816,-0.017294,-0.96096,12.133,3.9816,3.5805,-0.52625,0.32278,-0.68371,-0.73641,-0.47172,-0.24783,11.844,-2.5915,2.7882,-1.1425,-0.92853,-2.1489,-0.65388,1.3433,-0.94369,-11.333,7.191,-1.1064,0.37548,-0.67009,0.82737,0.69354,-0.23024,0.35049,-16.207,0.27672,2.7439,3.3872,-1.122,0.060555,0.31443,0.71965,0.25531
8,25.495,-6.5127,3.0719,0.018121,-0.4047,0.057877,-0.71884,-0.34737,-0.26842,29.75,8.6586,-5.3714,-0.19775,-0.55077,0.45544,-0.35632,-0.56691,0.40275,25.335,-8.4209,7.0941,1.5418,0.17699,-0.41533,-0.41072,-0.035339,-0.63933,-30.189,-2.3809,-2.7087,-1.1093,-0.15924,0.42061,0.53818,-0.2497,-0.43018,-31.229,-14.239,-1.4249,0.35288,2.0069,-0.023811,0.36657,0.20397,0.65974
3,-3.6228,4.4582,2.8485,0.15389,-0.052026,-0.93076,0.52106,-0.24341,-0.79491,4.8,6.2975,-2.7752,0.11712,-0.5787,-0.43442,0.65799,-0.5882,0.47298,4.6214,-5.7313,3.7774,-0.31291,0.55304,0.53163,-0.23078,0.56521,-0.54306,-6.0783,1.7278,-1.459,0.61247,-0.83887,2.3563,0.77897,-0.26048,-0.41886,-8.0664,-3.5621,-1.574,0.005985,-0.17967,1.0551,0.66065,0.58038,0.61859
2,-0.28186,0.95898,-1.696,-2.1885,0.085069,-0.30374,-1.1082,0.040917,-0.52153,-8.6771,5.1885,1.5425,1.7238,-1.702,-3.528,0.27269,-0.82272,-0.25873,5.9266,-11.735,7.1927,2.3454,-0.015458,-3.6018,0.77407,0.45522,-0.93323,-2.7568,2.9257,-2.0483,1.811,0.80235,2.7757,0.57103,-0.38796,0.38655,-8.7738,-1.0665,1.5029,1.475,1.5908,-0.12156,0.39593,0.64009,0.1902
7,8.2424,0.41431,5.6517,0.24984,1.3695,0.032171,-0.49389,-0.060026,-0.90511,3.0955,1.044,10.123,-0.018791,1.1316,-0.60337,0.24533,0.057519,-0.93251,3.5792,-1.3274,8.6609,-0.10073,0.25047,0.52248,0.21066,-0.054241,-0.94571,-3.1861,10.093,-0.60087,-0.014389,-0.002304,-0.056173,-0.24884,-0.93303,-0.12308,-2.214,-10.183,-1.9,-0.02764,0.002796,0.047438,-0.35342,0.89542,0.19735
5,9.3344,0.69236,2.7668,-0.22658,0.024216,-0.024529,-0.58309,-0.20572,0.16187,3.057,1.4543,9.2514,-0.011534,-0.047931,-0.005903,-0.29727,-0.18786,-0.22156,2.2752,-0.49213,9.3929,-0.025899,-0.044179,-0.006562,-0.66614,-0.16921,-0.46666,-1.6937,9.4545,-0.076136,0.25044,-0.28339,2.0361,0.24984,-0.59691,-0.23706,-3.8311,-12.215,-5.6514,-0.99344,-0.40056,1.6963,0.37814,0.34163,0.29895
5,6.6921,0.092178,6.5294,0.12619,-0.29605,0.077803,-0.78067,-0.088694,-0.023286,4.5351,8.4446,0.60603,-0.009378,0.10277,-0.045019,-0.78965,-0.26741,-0.2234,7.8122,-3.1904,5.3054,-0.072523,-0.007887,-0.37162,-1.0099,-0.16646,-0.62428,-3.2176,14.19,-0.82377,-0.53407,-0.29534,-1.2144,0.28818,-0.40309,-0.21188,1.8346,0.28035,-0.1102,0.44761,0.71864,-2.0798,0.085756,0.55004,0.21555
4,12.283,2.2506,4.0178,-1.2005,-0.78928,-0.78585,-0.69496,-0.18085,-0.51571,-0.37053,7.9405,4.3509,0.25969,0.066019,0.52089,0.006078,-0.6655,-0.84714,-2.279,-6.6155,6.1637,0.19954,0.60005,0.81814,0.43193,0.53123,-0.64235,-11.309,4.2954,-0.97528,0.10152,0.23422,2.2749,0.47649,-0.22051,-0.12945,-14.027,1.3377,-2.046,1.0139,-0.24995,2.4959,0.62517,0.27094,0.15966
2,47.612,-2.7016,5.6465,2.3697,-2.0278,0.55586,-0.94001,0.18024,-0.48358,4.3702,13.196,2.5218,-0.61143,1.0199,-0.24319,-0.56972,-0.57821,-0.41106,3.4179,-3.5514,10.21,-0.041694,-1.2307,-0.67761,-0.021939,0.69652,-0.9671,-44.796,6.0315,1.3832,-1.7711,1.7308,-3.9112,0.67271,-0.64,0.032779,-24.102,8.3795,1.9898,-0.36763,0.29886,-4.6897,0.90724,0.52965,0.066063
1,11.744,0.010806,6.241,-0.32011,0.22325,-0.14641,-0.86297,-0.1203,-0.69896,11.702,2.2952,4.3881,-0.31478,0.072864,-0.35765,-0.65555,-0.55914,0.034863,9.9023,-5.0427,2.4264,0.14529,-0.29222,-1.5311,-0.7943,1.8758,0.16534,-12.84,2.0387,-1.5051,0.84374,-0.24269,-0.71701,0.6913,-0.043991,0.17615,-8.4254,-2.1835,-2.6566,0.66858,0.95909,1.0413,0.039371,0.65297,-0.031049
6,9.806,-1.4766,-1.7728,0.32589,0.008067,-0.55238,-0.88895,0.49871,0.44829,-3.0351,6.6561,6.0325,0.15053,-0.049302,-0.16613,-0.29359,-0.42431,-0.81727,-1.1579,-3.3972,9.6955,0.27214,-0.043373,-0.090442,-0.33491,0.62898,-0.65965,-6.0403,8.3603,-4.173,0.044616,-0.42861,-2.5216,0.45453,-0.49842,0.36186,-5.4986,-10.379,-2.3306,0.35572,0.33777,-1.9264,0.49256,0.6832,-0.26911
0,13.505,1.1458,2.1791,0.25811,0.37608,-0.27141,-0.85057,0.051739,-0.57535,12.738,0.5825,3.9831,0.43905,0.11517,-0.42915,-0.46768,-0.30071,-0.83965,12.051,-2.4207,2.4147,0.045688,-0.8918,-1.3224,-1.0399,1.3054,-0.48446,-12.394,7.0902,-4.0404,0.7714,-0.10708,0.87909,0.72613,-0.017238,0.48259,-16.391,-2.4056,9.984,4.2672,-0.07267,1.7227,0.78142,0.61918,-0.24367
4,-5.8023,3.8082,2.7572,0.94819,-0.12796,-0.81314,0.6503,-0.30786,-0.42996,4.3852,7.3624,-0.34899,-0.83216,0.34757,0.78397,-0.19958,-1.1137,0.15432,-5.8483,-11.438,3.7458,0.050461,-0.51061,-0.39925,-0.057889,0.70861,-0.47072,-5.3572,2.1856,0.31975,0.86717,0.58134,-0.96059,0.4979,-0.30959,-0.16653,-7.9675,-3.7916,-0.41694,0.48145,-0.23092,-0.51889,0.62722,0.29842,0.13462
3,6.7223,0.92374,-0.94764,1.793,-0.45246,-1.1576,-0.8218,-0.033721,-0.65404,0.24256,8.9601,1.9576,0.97023,-0.16335,-2.1632,0.69846,-0.47092,0.35729,7.1137,-3.297,5.7974,0.21254,1.0882,0.50158,-0.16059,0.31647,-0.67401,-7.0373,0.71136,-1.9,-0.53168,-1.2114,1.7118,0.70465,-0.35785,-0.50059,-8.1812,-4.972,-2.9227,-1.3216,-0.16932,1.0544,0.76558,0.44852,0.48228
7,9.2434,-0.93595,2.218,0.29501,0.96692,0.10772,-0.76835,0.07319,-0.66964,3.5934,0.37041,8.0619,0.39964,0.30501,0.0814,0.079924,0.077321,-0.94813,3.268,-0.89522,7.0032,0.50411,0.23667,0.20166,0.16151,-0.068298,-0.93963,-0.075135,11.038,0.42168,0.46546,0.12535,-0.6408,-0.4004,-0.8607,-0.23206,0.39387,-10.329,-0.076613,0.021662,-0.11874,0.62154,-0.48905,0.85142,0.020672
6,8.6728,1.3531,5.1822,-0.83164,0.10732,0.34776,-0.92417,0.2337,-0.13547,1.3263,8.524,5.0349,-0.22192,-0.27827,0.20721,-0.71127,-0.52095,-0.55124,0.99054,-4.7547,8.6029,-0.10614,0.2772,0.056642,-0.6426,0.67359,-0.56415,-9.722,7.9893,-0.68024,-0.24995,-0.63659,2.0372,0.68458,-0.33812,0.17061,-9.7958,-7.9557,-5.7208,-1.6579,-0.68257,2.2839,0.63721,0.53693,-0.053578
1,10.475,-0.8708,1.4439,0.30537,-0.50179,-0.26333,-0.83037,0.068865,-0.3219,6.9779,4.4723,4.8218,0.43731,0.30385,-1.213,0.94668,-0.018566,-0.26695,7.3626,-5.3699,4.5772,0.02247,-0.15475,0.033165,-1.2987,0.887,-0.83217,-10.187,-1.7531,-1.75,0.8366,-0.15454,-1.0102,0.92268,-0.18165,0.26111,-7.6515,-6.4977,-2.1637,2.09,0.34372,-0.17308,0.48527,1.0568,-0.13234
4,9.6401,-1.5885,3.3225,1.4072,-0.10598,0.04725,-0.77325,-0.030734,-0.46708,-0.15364,6.8064,5.8624,0.68414,-0.043911,-0.17115,-0.17849,-0.63899,-0.68266,-2.3145,-4.9873,6.1153,-0.21607,-0.5405,-0.38913,0.10055,0.39861,-0.97979,-11.816,-0.23989,-2.204,0.095575,-0.020412,-1.5345,0.58781,-0.23561,-0.0585,-9.868,-5.1356,-1.3896,0.35932,0.21998,-1.207,0.42515,0.35663,0.17695
0,9.2519,0.4629,2.1479,-0.15675,-0.016239,0.084444,-0.87714,0.15252,-0.51389,8.0983,0.4789,2.338,-0.31625,0.37013,-0.22335,0.042107,-0.17583,-0.69007,7.9388,-0.75375,3.2344,-0.004465,0.026618,0.30883,-1.2684,1.1479,0.13592,-11.642,0.50781,5.075,2.2097,0.61125,-1.9378,0.52418,-0.51587,0.39864,-10.507,-1.3511,-0.61588,0.13429,-0.22203,1.0589,0.94491,0.27362,-0.04018
3,8.9266,2.7413,2.8326,-0.41449,-0.29554,-0.079642,-0.7152,-0.12069,-0.76292,-3.5694,11.89,0.43763,-0.11338,0.20535,-1.8392,0.87103,0.67214,0.79355,0.17806,-6.5225,7.792,0.44838,1.0352,1.387,0.14099,0.39816,-0.65242,-13.587,6.1091,0.89356,-0.14482,-0.94076,1.8263,0.81568,-0.43407,-0.40413,-10.427,6.8232,-4.9982,0.5358,0.81562,-0.075371,0.78807,0.29929,0.50586
2,9.3661,-1.6123,2.7705,-1.7302,0.60719,0.18793,-0.90382,0.13192,-0.82347,1.7097,11.371,2.6452,0.63611,-1.7696,0.53221,0.56968,-0.91001,-0.58841,-4.7655,-10.31,4.8669,-0.65453,1.3969,-0.89394,0.42585,1.2024,-0.54649,-8.5824,-13.63,-0.3716,-3.7517,-0.84348,1.6348,0.25578,-0.783,0.16756,-17.322,-5.5157,-0.5675,-2.4189,-1.2179,3.2271,0.69568,0.38799,0.3099
2,26.623,-10.818,46.238,-0.94574,5.743,1.8964,-0.82676,0.36331,-0.44868,27.32,27.401,-1.2863,1.2626,1.3034,5.2778,-0.10662,-0.53481,-0.6963,28.696,-40.066,-6.1755,3.2787,-1.7794,6.5809,-0.062541,1.4157,-0.034146,-4.0516,-18.891,-2.855,1.4575,-0.076633,-1.5618,0.7457,-0.57691,0.33252,-26.392,7.6248,0.73411,-0.91383,-0.46935,-3.9641,1.1127,0.58937,-0.13745
4,16.359,3.6017,2.4364,-3.0048,-1.4256,-0.33659,-0.79955,-0.18078,-0.31698,-1.2377,9.3232,4.1102,0.051129,0.21629,-0.019094,-0.031952,-0.64695,-0.93406,-0.15914,-7.8716,5.2992,-0.28675,0.5544,1.1536,0.21256,0.52223,-0.8398,-14.572,-1.2855,-3.9615,-1.1164,0.71435,2.254,0.55293,-0.34201,-0.060805,-14.45,-1.2208,-4.0093,-0.3823,-0.47809,0.96567,0.57251,0.23039,0.27119
0,8.9797,1.6938,1.5035,-0.28788,0.14409,-0.18191,-0.79372,-0.24688,-0.72686,4.3517,5.6447,6.652,0.036548,-0.80645,-0.084564,-0.45036,-0.79655,-0.72984,6.092,-4.8607,5.4101,0.14001,-0.43478,-0.54349,-0.44931,0.80177,-1.0436,-14.399,-4.0124,-1.9512,0.73069,-0.063637,2.249,0.5112,-0.50014,0.12901,-10.43,2.243,-3.1765,-1.1907,0.15356,1.5761,0.33667,0.64375,0.205
4,4.2495,1.3356,-0.77018,2.0314,-0.14653,-0.3307,-1.008,-0.21429,-0.28794,-12.034,9.5229,1.7699,0.096698,-1.1223,0.35992,-0.18272,-0.67074,-0.24341,3.1901,-6.1405,8.2886,-0.015528,-0.78889,-1.0875,0.27815,0.49488,-0.98985,-6.2572,2.4391,-0.31355,0.69207,0.22085,1.7566,0.61379,-0.1784,-0.11145,-7.3343,2.3072,-0.75552,0.501,-0.19411,0.90116,0.33167,0.363,0.092934
2,22.596,-4.8567,2.9783,2.3226,0.73934,0.53519,-0.9145,0.11545,-0.47128,3.4479,25.61,2.4836,2.8956,2.6143,1.7305,0.14964,-0.72656,-0.38236,6.712,-21.924,-5.4237,0.80606,-1.0184,4.6825,0.56641,1.0822,-0.085322,-21.106,-11.714,-10.599,-0.81842,-1.049,-3.4644,0.63816,-0.32165,0.46077,-24.695,6.0543,-6.0562,-1.1109,0.075241,-2.6311,0.93071,0.56288,-0.17894
8,-7.3213,-0.57266,-2.7017,0.23879,-2.3426,0.11976,-0.63746,-0.029817,-0.13334,-0.44053,0.89958,-2.164,-0.92261,1.0358,1.3578,-0.50596,0.001336,0.11321,1.4545,-1.1564,4.0312,2.0565,-0.93415,-0.54757,-0.4963,-0.12873,0.062744,-2.3534,-1.3646,0.5148,-2.0915,0.97808,1.2086,0.45044,0.21099,-0.005405,-3.5133,4.6965,-2.1935,0.8695,1.0633,-1.3633,0.46484,-0.16205,0.038818
5,6.7318,1.3325,6.2349,-0.000157,0.24962,-0.033634,-0.65011,-0.23011,-0.047563,4.9524,7.5143,-4.0254,0.022863,-0.029753,-0.12697,-0.78497,-0.28364,-0.096024,6.8422,-6.6959,0.89655,0.041812,-0.083268,0.01365,-0.97157,0.24495,-0.59704,-4.1265,11.936,4.3943,0.09407,-0.64189,0.68091,0.35211,-0.41681,-0.29759,4.0117,-3.5021,0.74196,-0.13757,-0.085364,1.0642,0.13662,0.50411,0.32282
3,15.911,-0.57626,4.1414,-0.27255,0.005654,0.2638,-0.65992,0.13594,-0.62821,3.4782,10.146,3.9864,0.1471,-0.22446,0.75636,0.3347,-0.36138,-0.092943,2.0637,-7.5238,8.5102,0.37688,-0.11597,0.069104,0.25273,0.3422,-0.7225,-10.94,4.7127,1.2908,1.0755,0.23891,-0.6585,0.40012,-0.86008,-0.10691,-15.189,2.2804,-0.41799,0.47696,-0.31772,0.3226,0.91149,0.34143,0.19753
0,7.5722,1.1919,2.3829,0.29472,-0.057903,0.037111,-1.0121,0.036814,-0.64116,2.7936,7.1786,5.1838,-0.48696,0.22283,-0.21503,-0.32868,-0.64095,-0.83897,2.732,-5.9335,6.9824,0.14723,0.32008,0.092885,0.005133,0.92249,-1.0125,-6.3524,-3.6281,-0.30462,-2.2304,-0.22492,0.49605,0.019771,-0.77488,0.24434,-9.9825,-0.76213,-1.0041,-0.22545,-0.083951,1.1912,0.71114,0.42552,0.062899
4,7.1907,-0.92769,2.8334,2.45,0.57116,0.077695,-0.82643,-0.22868,-0.59468,-10.945,6.7676,-3.5194,-0.29071,0.030558,1.7661,-0.10147,-0.73628,0.065448,3.8632,-7.2766,8.2792,2.5186,-0.668,-2.939,0.14572,0.7547,-0.76487,-7.7064,12.029,6.3202,0.61053,-0.421,1.3523,0.63703,-0.12832,-0.16043,-3.2543,1.5622,0.15676,-0.6394,-0.36324,0.38154,0.35403,0.49314,0.079393
9,9.224,0.5283,0.37059,-3.2988,-0.29929,-0.032229,-0.74471,0.14497,-0.71065,7.678,10.173,-12.936,-2.6838,-2.7252,-1.608,-0.24643,-0.67371,0.63556,12.36,-9.9288,0.4629,-7.4451,-0.42035,4.077,-0.48909,0.85635,-0.12543,-20.718,-4.1331,-1.9475,-0.25243,0.060182,2.2149,0.8895,-0.35035,-0.1337,-5.5496,19.541,-6.6149,1.4144,0.36778,0.60034,0.61074,0.69664,0.26811
3,9.857,-0.69503,1.4391,-0.18293,0.36997,-0.052167,-0.71452,0.16468,-0.56336,6.0772,6.4404,3.9962,-0.003982,0.047023,-0.61421,0.22401,-0.40172,-0.12466,4.542,-5.5471,6.3579,0.035674,0.38987,0.50168,0.075683,0.43704,-0.69608,-9.0111,3.5759,-1.1082,-0.91175,0.143,1.1649,0.49938,-0.78255,0.049332,-9.7134,-0.90316,-3.1657,-0.51687,-0.17994,0.6474,0.81496,0.4559,0.17382
7,5.2112,-1.4607,6.9157,-0.065797,0.5274,0.16215,-0.31625,0.063767,-0.91562,-2.0467,9.4521,-2.4222,0.7422,-1.6442,-0.45636,0.74285,-0.60895,0.022014,0.51283,-1.1418,13.255,0.35272,-0.18678,1.4334,0.5188,-0.08853,-0.81606,0.093251,9.1769,4.3175,-0.17468,0.45302,-0.80242,-0.31432,-0.78441,-0.45663,-2.5999,-11.09,-0.29971,-0.39998,-0.18467,1.4658,-0.11781,0.9633,0.074609
6,9.4488,-0.2729,0.59584,-0.21867,0.24174,0.27106,-0.77221,0.30446,0.28142,2.2077,3.6565,8.8245,-0.037032,-0.085281,0.33131,-0.51698,-0.08151,-0.60529,3.129,-1.9666,9.2215,-0.071483,0.082646,0.010566,-0.57329,0.51872,-0.45527,0.21646,2.6829,-0.93673,0.32044,0.33066,-0.088049,0.47071,-0.53712,0.32958,-7.1985,-5.9144,-7.5067,0.29359,-0.14821,-0.21976,0.63002,0.36857,-0.009974
2,9.6898,-1.0798,2.4985,-2.1931,0.73903,0.16319,-0.93796,-0.037215,-0.78592,3.2384,11.9,1.4952,0.49593,-1.509,1.9576,0.60009,-0.97704,-0.56202,-3.3007,-8.106,3.2561,0.060825,0.81596,-0.35493,0.38882,1.194,-0.55641,-8.1286,-8.3506,-0.83491,-3.2588,-0.58624,2.4137,0.26183,-0.83892,0.11579,-19.175,-2.8973,-0.93096,-2.2797,-1.3085,3.3932,0.65006,0.39463,0.3542
6,9.7096,-1.2751,0.99125,-0.024862,-0.12705,0.12019,-0.87856,0.32247,0.33037,4.0401,0.38051,8.9892,-0.031798,-0.11432,0.090797,-0.96844,0.023609,-0.60176,0.95188,-1.4267,9.5568,-0.030357,0.13117,0.09753,-0.57222,0.56857,-0.73709,-0.91538,4.8578,0.87037,0.076973,0.1357,-0.093619,0.55516,-0.58307,0.19263,-7.3889,-8.0671,-4.3529,0.55329,0.03635,-0.14147,0.72839,0.34011,-0.13513
4,7.3207,-0.50277,0.21368,1.2912,-0.068281,0.30074,-0.81954,-0.096038,-0.35113,4.2993,4.5462,7.1062,0.042058,0.90851,-2.5646,-0.22703,-0.69757,-1.0704,-7.2395,-8.732,3.8984,0.52037,-0.20666,2.7247,0.19646,0.54743,-0.69307,-13.051,0.47589,-1.93,-0.093684,-0.12259,-1.9394,0.63163,-0.17045,-0.003192,-14.792,-1.3996,-1.3724,0.51688,1.6095,-2.6395,0.49806,0.25108,0.26262
2,27.714,5.7801,8.6008,-5.1226,-5.7054,0.53976,-0.88705,-0.11991,-0.62736,2.3053,6.901,9.1022,1.0273,1.2548,-0.48039,0.034983,-0.79556,-0.82096,-0.088461,-5.706,9.6764,0.89377,0.91334,0.22147,0.1148,0.66262,-1.1225,-18.792,-0.88385,-2.2628,-1.3476,0.67757,3.238,0.46995,-0.58517,-0.015893,-13.989,23.903,-6.2578,-3.1811,-0.3291,2.9142,0.31955,0.5991,0.24114
2,35.02,-11.72,11.549,-5.5556,1.0622,0.15643,-0.891,0.15058,-0.43117,1.3788,10.8,9.9548,2.1499,2.345,2.3467,0.23891,-0.70384,-0.29168,8.6383,0.23482,21.57,6.0096,-0.14014,3.667,0.77115,0.21878,-0.46245,-19.871,-17.956,-4.5555,1.2895,-0.33113,-3.6006,0.60167,-0.42636,0.45595,-15.5,5.7672,-3.1521,-0.75233,0.3968,-2.7385,1.0774,0.49743,-0.18935
8,3.6762,-0.21709,-0.70551,3.0081,-0.43187,0.012713,-0.93981,0.12428,0.36683,10.296,7.8381,-4.0043,-1.6459,-1.8065,2.3227,-0.93296,-0.33484,0.027716,-2.6232,-1.856,-0.60081,-0.11519,-0.030429,-0.56748,-0.88043,-0.28026,0.26064,-5.6976,-5.6939,-3.4239,0.46044,1.3803,-1.2014,0.85839,0.40726,0.32354,-9.9728,7.4161,-0.31527,-0.20426,-0.033917,0.011566,0.82505,-0.28227,-0.35921
1,7.6374,-0.26954,4.418,-0.025208,-0.66408,0.11383,-0.61326,0.15579,-0.63944,0.11904,7.5847,5.0633,-0.049857,0.25376,-0.52487,0.082081,-0.19501,-0.61599,0.25962,-6.222,7.0096,-0.016829,0.57342,0.42717,0.42744,0.79407,-0.72589,-9.4472,-1.2089,-2.5226,0.12927,-0.32346,-1.207,0.77954,-0.35231,0.39146,-6.5541,2.0041,-1.9297,-1.6964,-0.20119,-1.8997,0.59315,0.90773,-0.27161
1,8.8336,0.33856,1.8849,0.31353,-0.1346,-0.42127,-0.749,0.00064,-0.49966,8.8686,3.9923,-0.043993,0.46426,-0.21534,0.16406,-0.59479,-0.58255,-0.73662,7.9243,-1.8492,2.416,0.67313,0.77268,1.1615,-0.85248,1.1941,-0.76452,-9.4922,-0.24013,-2.5559,0.029308,0.24251,-0.82206,0.76969,-0.33664,0.30143,-4.7717,3.9689,0.56154,-0.70738,0.069466,-0.1615,0.66658,0.97265,-0.16717
1,11.54,0.51348,5.3731,0.20122,-0.18563,0.38707,-0.87678,-0.022207,-0.66929,8.7702,1.6438,2.4509,-0.35501,-0.2909,0.33913,-0.53925,-0.75148,-0.43921,11.479,-5.0096,3.1455,0.96686,-0.024055,0.24775,-0.94546,-0.014037,1.3538,-7.4272,6.657,-0.57755,-1.6335,0.18682,0.19317,-0.033653,-0.57822,0.058375,-10.843,0.87384,-0.98,-0.52773,-0.18403,0.86926,0.72561,0.067852,0.14566
9,9.0772,-0.56183,-0.17434,-0.58378,0.18348,0.061281,-0.99757,-0.35036,0.11706,2.96,10.755,2.5859,-2.4678,-4.5821,3.4536,-0.23872,-0.94576,-0.24711,0.50181,-7.1757,6.186,6.2776,-9.7464,-3.1363,-0.60431,0.019224,-0.82774,-9.5621,1.3286,-0.33157,0.99691,-0.51028,0.23612,0.98155,-0.008477,-0.53598,-11.17,-2.6086,-0.85814,-0.31351,0.099279,0.86231,1.0036,0.071477,0.48475
9,4.4868,1.5185,-3.7645,-0.7945,0.48785,0.56063,-0.38033,-0.15002,0.81322,1.6277,-2.7074,-9.6822,-2.939,-1.4443,-4.4368,-0.65362,-0.55783,-0.1463,5.365,-4.4629,-0.16229,-1.5706,0.065586,0.70532,-0.86532,-0.29034,-0.076701,-4.2871,6.7155,-6.6327,-1.6735,0.1845,0.36025,0.89614,0.086945,-0.25886,-9.6902,1.8878,0.62477,0.65014,-0.70537,4.4859,0.83206,-0.22293,0.32593
4,11.703,2.9497,4.4367,-0.54735,-0.063843,-0.62491,-0.70282,-0.14235,-0.51914,2.0816,11.576,4.3977,-0.69597,-0.081663,1.4878,-0.02335,-0.69515,-0.70373,-1.8876,-8.0103,7.0694,-0.23144,0.24172,0.29933,0.29833,0.52386,-0.70081,-10.793,2.6064,-0.41476,1.2561,0.082398,1.8688,0.46749,-0.19712,-0.11678,-10.163,-6.8836,-2.327,1.7321,-0.53471,0.92431,0.60273,0.31385,0.11479
1,14.304,0.33537,-1.4392,0.42078,0.47698,-0.43026,-0.94522,0.030934,-0.39126,13.507,3.6502,4.4755,0.97229,-0.085043,-0.34466,-0.26486,-0.48909,-1.2714,13.023,-2.0375,1.0078,0.32899,-0.31683,-0.86559,-0.65208,1.2067,0.064822,-15.028,4.6533,-3.5392,-0.083472,-0.4732,0.86261,0.77245,0.034261,0.38942,-12.11,1.3715,-0.71115,-1.0683,0.4844,0.14081,0.69509,0.84938,-0.19574
0,12.802,1.1425,3.5332,0.20837,0.25521,0.076501,-0.6638,0.11834,-0.59151,11.077,2.8818,-1.4855,0.35162,0.25332,1.0925,0.12901,0.23244,-0.85029,11.204,-5.0746,6.3547,1.7948,-0.13731,0.73031,-1.2,0.47387,0.25253,-3.9854,-1.8318,-1.5812,0.94837,1.1345,0.049146,0.45256,-0.67261,0.29136,-12.092,-5.9004,-1.8748,-1.4157,-0.51311,-0.031592,1.1743,0.37907,-0.1038
9,9.7253,-1.6239,0.97394,0.3069,-0.21782,0.31501,-0.92749,-0.21176,-0.33428,6.2518,7.5167,1.97,1.1424,0.67676,1.1887,-0.49261,-0.85535,0.072156,9.522,-0.71377,3.6711,-2.6361,1.7643,1.412,-0.69968,0.10526,-0.74317,-11.306,0.49878,-1.4459,-1.2654,0.9371,0.48163,0.90064,-0.48778,-0.37264,-8.9853,-0.78725,-4.1135,-1.4376,0.20474,0.24703,0.67389,0.45222,0.62619
9,4.3011,2.032,-1.5279,-1.1565,0.41409,-0.84702,-0.66286,0.001442,-0.7978,9.2946,9.7309,1.9532,-0.67293,3.2182,-3.9004,-0.98872,-0.12385,0.010714,4.33,-4.2528,4.6871,-2.5649,2.5532,1.8631,-0.72233,0.15015,-0.57515,-7.4301,1.1534,0.41665,1.3224,0.16151,-0.07248,0.91202,-0.38396,0.034438,-3.1603,2.8622,-3.1874,-1.1399,0.003923,0.31966,0.53075,0.82425,-0.15898
4,10.45,-0.35068,3.4556,-1.434,0.051732,-0.40402,-0.75559,0.053702,-0.48777,0.38858,7.7632,5.5636,-0.27248,-0.053585,0.78463,-0.20257,-0.69153,-0.78786,-3.0348,-6.1082,7.395,-0.46024,-0.36591,-0.59075,0.023103,0.39646,-0.84784,-8.2602,5.4499,-0.56152,-0.69351,0.43238,0.84473,0.47226,-0.27459,-0.22008,-11.57,0.092867,-1.9496,-0.3948,-0.38978,1.3358,0.58153,0.041472,0.29078
8,10.561,-0.045373,1.6879,-0.11745,1.7637,0.13273,-0.63378,0.46154,-0.2473,3.1185,5.6107,3.9475,-1.4442,0.63345,-0.80654,-0.4158,-0.28129,-0.62359,4.2169,-5.2761,-1.1948,0.30019,-0.12227,0.93201,-0.002881,0.6097,0.4675,-12.683,6.9441,-3.4881,-1.7949,-0.23287,-1.4503,0.46112,-0.10072,0.50751,-10.413,-7.7076,-1.0396,0.3353,-0.15414,1.3933,0.46236,0.16777,-0.4446
1,9.7047,-0.35592,4.8439,0.079348,0.49189,-0.12722,-1.1697,0.11501,-0.36733,1.9352,7.9341,5.5993,-0.19892,0.55725,-0.5039,-0.26599,-0.58007,-0.79997,1.7757,-6.8434,7.3332,-0.047827,0.25004,0.43492,0.084638,1.0264,-0.82051,-9.5376,1.8478,-3.4962,0.21421,-0.26547,-1.6783,0.61419,-0.44441,0.36533,-7.4044,0.70538,0.50067,-0.8398,-0.21918,-0.69374,0.17067,0.74578,0.22259
2,7.8282,-0.53272,2.8606,-1.7887,0.44685,0.13387,-0.90862,0.020837,-0.82406,3.3518,6.2487,1.509,-0.13622,-1.9187,0.62343,0.60379,-0.88163,-0.68952,-4.7536,-7.5202,2.9403,-0.23848,1.4281,-0.24662,0.37631,1.27,-0.54124,-3.3794,-11.853,-3.2795,-4.3218,-0.76073,0.82829,0.22954,-0.83656,0.090122,-16.213,-5.5116,-0.7012,-2.5869,-1.2792,2.9081,0.70476,0.35546,0.31968
1,12.67,-0.27252,-1.5776,-0.17972,0.57759,0.22694,-0.95096,0.15982,-0.45835,10.69,-0.5799,4.4986,0.016644,-0.31411,1.1364,0.001807,0.52955,-0.94175,14.196,-4.793,3.3463,-0.39749,-0.41935,-0.31905,-0.59378,1.4014,0.57267,-11.694,0.71774,-2.4181,1.4413,0.15061,-1.3091,0.40579,-0.65601,0.38851,-12.371,-13.288,1.0633,-0.47929,-1.158,-2.0164,0.98464,0.20985,-0.027356
2,3.0661,-4.2265,-2.6998,1.3136,-0.7688,0.51488,-0.86696,0.30836,-0.40564,3.9875,-0.83273,1.851,1.139,0.5426,3.0438,0.067842,-0.62944,-0.50516,-0.60212,-14.367,-1.6736,1.2372,-0.86518,3.1672,-0.42853,1.2931,-0.23284,-26.47,-10.502,-8.5375,-1.7916,2.3612,-1.244,0.63983,-0.63945,0.27931,-10.984,0.049083,-2.1069,-0.20448,0.43041,-1.7307,1.1579,0.43864,-0.21506
7,9.3803,-1.3758,1.9663,-0.3847,0.15028,0.3949,-0.82805,0.30961,-0.71869,-0.24434,7.2381,8.6824,-0.052151,-0.24539,0.09137,0.51253,-0.53596,-0.59719,2.1759,1.9555,10.766,-0.067397,-0.1861,0.10811,0.28763,-0.32418,-0.84383,-0.64252,8.4284,4.088,-0.59054,-0.087473,-1.0439,-0.44077,-0.80215,-0.28788,0.32328,-8.6131,-0.27936,0.037855,-0.65657,0.85791,-0.50804,0.80744,0.18495
1,7.7258,-2.7568,0.48798,1.5519,0.3601,-0.11267,-0.78734,0.2129,-0.39912,8.1361,-1.6559,2.1338,-0.38986,0.59088,-0.49167,0.329,-0.25906,-0.44411,8.0053,-3.8274,4.2626,-0.10726,-0.086278,0.17834,-1.3665,0.8103,-0.82608,-9.2196,0.93284,-1.8746,0.68994,0.12347,-1.4414,0.68494,-0.57086,0.27699,-11.149,-0.55505,-1.7958,0.89416,1.3153,-2.1593,0.97579,0.66132,0.098807
5,9.5153,-0.40715,2.6634,-0.10536,0.10327,0.076946,-0.59656,-0.18718,0.14754,2.8281,0.51545,9.5217,-0.064663,-0.054062,0.073838,-0.28279,-0.15669,-0.2392,1.4795,-0.88057,9.5201,-0.090575,0.060995,0.064891,-0.63296,-0.11461,-0.5135,4.0256,3.612,1.1904,-0.30556,0.039639,0.98685,0.1528,-0.62647,-0.27169,-3.3119,-16.409,-4.4778,-0.34869,0.034273,0.58816,0.44083,0.24303,0.27818
9,0.7722,2.2144,-0.16117,-1.08,-0.53078,0.5313,-0.96192,-0.31881,0.1319,1.8298,-2.0574,-5.3372,0.11904,0.82025,-0.15407,0.95283,-0.009116,-0.17713,4.1302,0.475,-5.0461,0.099296,3.7855,2.212,0.61337,-0.69103,-0.22683,-0.16371,0.9831,-0.69305,-0.81724,-0.101,0.72182,0.98022,0.18695,-0.34136,-1.0719,1.1023,0.30133,-0.5377,-0.98827,1.1145,0.92614,-0.38586,0.060362
0,9.0556,-0.98235,2.4189,-0.15304,-0.44659,0.29189,-0.75972,0.30728,-0.53234,6.6773,2.6505,0.50661,-1.7985,-0.15002,-0.71247,-0.30268,0.084455,-0.64546,8.3297,-3.4567,2.9679,0.045864,-0.17223,-0.35328,-1.0923,0.41379,0.006841,-6.2782,-4.1918,0.81743,-0.31982,0.4273,-0.13743,0.58545,-0.64838,0.41399,-9.5575,0.71529,-1.5444,-0.12303,0.13738,0.93601,1.2879,0.41133,-0.22146
5,9.0989,-0.531,5.3829,-0.37569,0.1172,0.18472,-0.64972,-0.10856,-0.017533,6.5588,4.5218,6.0414,-0.1826,-0.38689,-0.034754,-0.8946,-0.015244,-0.149,6.1493,-4.8833,6.5596,-0.20036,0.48907,-0.20801,-0.81087,0.033244,-0.63511,1.158,2.6511,0.73947,-1.2641,0.46142,1.8264,0.1362,-0.65197,-0.13544,-3.8617,-16.901,0.66347,1.0848,0.51318,1.0612,0.43092,0.36685,0.16835
6,10.166,-0.54164,-0.94419,0.55462,0.021313,-0.4644,-0.95789,0.45996,0.37713,-2.5894,6.6385,6.6571,0.076959,0.058514,0.030616,-0.35302,-0.40507,-0.82851,-1.1844,-2.3443,10.117,0.19653,-0.15037,0.057707,-0.39938,0.56241,-0.72189,-7.8773,8.8796,-2.7549,0.37367,-0.59152,-2.076,0.45527,-0.46532,0.35199,-5.8566,-9.6165,-1.9909,-0.27361,0.25824,-2.0681,0.48625,0.6933,-0.27163
8,6.517,0.38971,-0.10575,0.21295,-0.068457,-0.012052,-0.76087,-0.36491,0.20847,5.6146,2.0013,1.527,-0.6357,-0.013637,-0.25192,-0.63286,-0.064683,0.46355,7.2202,-0.71601,1.7367,0.7573,0.19503,-0.14499,-0.5422,-0.44836,-0.004541,-6.0607,3.9795,-0.71282,0.22963,0.49356,1.3179,0.47988,0.07323,-0.46218,-6.989,-3.9823,-1.8147,-0.80737,0.34846,-1.0011,0.43,-0.29696,0.52265
4,7.4032,-0.98385,0.53637,-0.58935,0.087202,-0.097831,-0.97458,0.22065,-0.36841,1.2349,10.329,3.6679,-0.94606,0.19066,2.087,-0.093339,-1.2154,-0.80014,-13.376,-8.0602,-0.21232,-0.58607,-0.30793,-2.2294,0.3708,0.52817,-0.42553,-5.4514,-0.73318,-1.4118,-0.57715,0.21873,-2.178,0.34419,-0.40913,-0.10809,-7.2107,-5.3998,0.76325,-1.2958,-0.37262,-1.1015,0.57486,0.18078,0.15074
9,9.8454,0.021,0.53927,0.086995,-0.1527,-0.11973,-0.88295,0.2918,0.33659,7.9348,-2.0733,-2.9168,0.69606,0.050496,-0.30406,-1.0039,0.031068,0.062439,7.7817,0.62839,-1.9897,-1.0894,-0.22017,-0.5203,-0.84217,-0.038654,0.47165,-9.6997,-1.0806,1.2889,0.019867,-0.009893,0.022107,0.93914,0.4721,0.06013,-9.5189,0.26943,-1.4662,-0.10302,0.018393,-0.070309,1.0324,-0.35615,-0.11481
4,-7.7856,5.1166,5.3508,2.2485,2.7681,-1.7707,0.66155,-0.36424,-0.32509,1.6288,10.133,-3.2647,-1.0604,0.79519,1.1523,-0.16399,-1.5319,-0.038245,-7.0788,-13.937,3.884,-0.99592,0.21803,-2.1183,0.032088,0.69535,-0.51337,-0.04484,-3.4788,0.9047,0.34185,0.60548,-0.29491,0.50401,-0.29891,-0.23075,-10.311,-5.4719,-1.9738,0.33922,-0.12684,0.349,0.63005,0.27421,0.20169
0,10.984,1.2041,4.497,0.068024,-0.53712,0.11486,-0.83516,-0.1338,-0.70487,4.3709,7.5936,5.0625,0.23114,0.33055,-0.35109,-0.32576,-0.89261,-0.76109,5.3014,-5.1718,7.0198,-0.36325,0.57229,0.73117,-0.32479,0.80338,-1.2259,-14.376,10.72,0.66247,-1.36,0.48196,0.61407,0.022944,-0.78872,-0.17606,-10.494,-5.1911,-1.6418,-0.70288,-0.018288,0.89487,0.67762,0.29456,0.10989
2,8.1882,-2.646,1.518,-1.8082,0.54177,-0.19241,-0.88693,0.14734,-0.49684,4.3285,4.542,3.3482,3.3263,-1.6975,-1.5086,0.32725,-0.53365,-0.5921,-3.8719,-7.6206,2.3522,-0.38378,2.2633,-0.018617,-0.087121,1.2245,-0.055605,-3.1769,-12.492,-1.6718,0.26134,0.20513,0.62875,0.53722,-0.4549,0.47036,-20.069,-9.2129,3.5719,-0.63584,-0.6147,4.3969,0.94735,0.36402,-0.057157
6,8.6969,0.45259,-1.3541,0.44535,0.15718,-0.51565,-0.98872,0.44116,0.3586,-1.2929,6.3216,7.3349,0.07109,-0.21127,-0.27534,-0.46637,-0.33134,-0.86816,0.058305,-1.1242,9.6863,0.15032,0.015359,-0.058145,-0.47789,0.47984,-0.79526,-7.3812,9.7838,-3.507,-0.075976,-0.25316,-1.0008,0.54351,-0.32944,0.28603,-1.0499,-5.0473,-1.3015,0.00945,0.61623,-1.6927,0.29699,0.83759,-0.24141
6,8.6308,-1.3155,4.5544,-0.50315,0.17059,0.18982,-0.88465,0.46653,-0.115,-0.29238,5.5888,7.8145,-0.23825,-0.21181,0.057409,-0.46299,-0.19156,-1.0196,1.8236,-3.7518,9.3317,-0.51951,0.27543,0.29071,-0.60026,0.64328,-0.61184,0.83247,1.161,0.69551,0.15883,0.010018,1.1228,0.43254,-0.68404,0.21356,-9.2786,-9.8645,-2.8567,0.004009,-0.30892,0.44917,0.60747,0.49411,-0.35363
6,9.2995,1.0246,3.9183,-0.52069,-0.058497,0.25523,-0.92185,0.29446,0.026562,2.1776,8.5983,5.0479,-0.37421,-0.24168,0.32602,-0.77167,-0.50006,-0.50961,1.3457,-4.2388,8.6255,-0.17766,0.26108,0.014367,-0.66631,0.67874,-0.55148,-10.714,9.12,-0.75124,-0.4873,-0.83995,2.202,0.67479,-0.37736,0.14748,-9.3149,-8.1994,-5.1615,-1.1107,-0.63031,2.2066,0.65236,0.51535,-0.047629
6,9.9539,1.4206,-1.8767,0.24161,0.04057,-0.48838,-0.9671,0.41664,0.41558,-1.5779,6.3702,7.5937,0.1182,0.13402,-0.10968,-0.48326,-0.36014,-0.82442,-0.4937,-1.1387,9.7657,0.24642,-0.14747,-0.000213,-0.48008,0.43629,-0.80775,-6.4763,10.044,-3.0444,0.16938,0.016151,-0.10342,0.55884,-0.32239,0.24018,0.18021,-3.7214,1.0793,0.33846,0.3687,-0.52522,0.27992,0.85521,-0.20135
2,30.695,2.8717,2.7965,-1.5374,-2.6756,0.18781,-0.87492,0.044119,-0.48877,-3.2311,27.369,-0.1789,0.39557,-1.8316,-1.0749,0.17577,-0.66946,-0.32589,16.244,-29.669,-3.3322,-1.1164,3.0189,-2.994,0.24007,1.0917,-0.3025,-45.17,-13.328,-4.6273,1.4656,0.42881,3.841,0.71948,-0.27083,0.38836,-31.109,21.138,2.0151,-0.16404,0.41401,1.5882,0.90078,0.61557,-0.081761
9,10.026,0.90411,1.1132,-0.20666,0.008133,-0.39392,-0.99186,-0.35275,0.027537,4.3133,10.151,-1.8585,0.033893,0.2904,-0.22112,-0.009937,-0.94748,0.32994,0.78486,-9.8566,12.063,0.016253,4.3073,3.2423,-0.4441,0.14115,-0.91235,-9.4001,9.1424,-0.22429,2.3066,-0.052274,0.42985,0.8874,-0.48878,-0.43273,-9.6979,-1.8113,-2.958,0.78619,0.52897,-0.3804,0.99268,-0.046509,0.40314
6,9.9478,0.59406,-0.99904,-0.46695,0.001798,-0.016939,-0.9705,0.42597,0.39053,-2.2308,6.9452,6.4511,0.064811,0.086795,-0.18453,-0.382,-0.40889,-0.82101,-0.49352,-1.4004,9.7535,0.12369,-0.046934,0.15439,-0.47052,0.49364,-0.75452,-6.4591,8.696,-3.9945,0.068981,0.48016,0.53072,0.55112,-0.32622,0.27403,-0.60572,-6.0735,-0.87816,-0.23058,-0.019856,0.97733,0.3076,0.83144,-0.21493
4,11.569,-1.5211,3.092,-0.30258,-0.016369,0.029096,-0.73253,0.07834,-0.54418,4.826,11.188,3.9843,0.61858,0.38403,1.7576,-0.29397,-0.86612,-0.53735,-2.7284,-8.7257,7.5511,-0.60396,-1.234,-1.5238,0.030496,0.53055,-0.63638,-8.6352,1.9817,1.1022,0.79146,0.18477,0.01011,0.47834,-0.35737,-0.085338,-10.822,-4.1478,-1.8128,-0.62675,-0.49176,0.34937,0.68141,0.14255,0.21238
5,6.8157,0.70413,6.8538,-0.12157,0.059031,0.11589,-0.65568,-0.20755,-0.095408,4.4771,7.6152,-4.3286,-0.052204,-0.029208,0.17215,-0.7502,-0.34902,-0.11365,5.8464,-7.716,1.4732,-0.16665,0.14,0.15838,-0.89823,0.37271,-0.6505,-0.59264,7.6508,1.0713,0.29388,-0.43295,1.8892,0.22059,-0.53513,-0.3768,-3.1216,-10.556,-4.108,-0.18187,-1.2177,1.6197,0.28395,0.33285,0.32836
9,4.3159,2.695,-8.4811,0.90651,3.4771,1.1464,-0.56967,-0.41682,0.60178,1.546,2.6155,-8.2509,0.022493,-1.7018,1.2238,-0.57194,-0.20122,0.67661,6.5274,-2.8665,-0.59493,-0.78349,1.1867,0.096663,-0.73184,0.54212,-0.19703,-6.668,-0.70842,-2.7593,2.0192,-0.77312,-0.31165,0.71017,-0.23715,-0.59862,-22.03,-18.804,14.696,0.24678,0.75337,0.037206,0.71648,0.52009,0.31497
6,9.7704,-0.28936,1.9991,-0.34065,0.093847,0.23777,-0.91246,0.311,0.23477,2.8373,1.152,9.4544,-0.037512,-0.14154,-0.006235,-0.88403,-0.032186,-0.70104,1.2219,-1.1085,9.6271,-0.018264,0.17464,-0.12478,-0.57508,0.54862,-0.74324,-7.8221,7.7159,-2.5086,-0.73978,-0.37792,1.7932,0.62606,-0.34786,0.26879,-8.5125,-8.2626,-4.015,-1.0297,-0.46265,1.6292,0.65692,0.47219,-0.10471
5,10.043,-1.4386,5.3125,-0.092108,0.36336,0.3199,-0.79809,-0.043781,0.04309,-1.8904,9.2067,2.8295,0.086668,0.10075,-0.016587,-0.11623,-0.55324,0.012264,-0.20148,-3.3317,9.741,-0.34183,0.307,0.10765,-0.49407,-0.088623,-0.60502,-4.7203,10.634,-0.55327,-0.77685,-0.079291,3.1831,0.19911,-0.53037,-0.26313,-6.6224,-14.561,-2.1475,0.5822,-0.88639,2.8481,0.29392,0.37413,0.19245
6,6.5853,-5.5406,2.6693,0.026511,-0.011074,-0.38808,-0.40305,0.86374,0.10511,9.5618,2.6314,1.0995,0.19361,0.047667,-0.066835,-0.79705,0.19067,0.20036,9.2629,-2.7916,-0.40549,0.30643,-0.14472,-0.15093,-0.6934,0.21448,0.45008,-10.321,5.9876,-3.6538,-0.58451,-0.002232,0.64711,0.6467,0.10495,0.17035,-1.656,-4.8943,-1.585,-0.851,-0.3903,1.3342,0.4615,0.63151,-0.17176
6,9.9486,0.98607,-0.34669,-0.13226,-0.019491,0.07897,-0.76145,0.2443,0.35194,-0.38197,4.4716,8.7664,-0.032362,-0.093371,-0.13223,-0.36871,-0.19984,-0.67959,2.7922,-1.7704,9.2083,-0.10008,0.12147,-0.071597,-0.52984,0.53168,-0.48163,-8.3319,7.6867,-4.025,-0.20673,0.17608,1.315,0.58858,-0.16839,0.32716,-4.8588,-5.6896,-4.5964,-0.53187,-0.72149,1.6515,0.53414,0.59625,0.011465
4,10.414,-1.6413,3.8872,0.98232,-0.19962,0.18036,-0.76028,-0.06538,-0.50268,-0.77175,7.4661,5.8903,1.4029,-0.50414,0.37857,-0.26535,-0.60803,-0.60156,1.3023,-5.8754,7.4076,-0.76024,0.1205,-1.132,-0.16625,0.35701,-1.0691,-11.83,-1.5012,-2.6817,0.55936,-0.2044,-1.1199,0.63395,-0.18583,-0.035104,-9.4639,-4.3519,-0.74399,0.66688,0.38928,-0.39533,0.42506,0.37085,0.1493
9,7.1962,3.5455,-6.6656,-0.080878,-0.1926,0.36495,-0.51131,-0.096354,0.69511,5.0015,3.4784,-5.7143,2.0902,1.662,-0.9731,-0.70534,-0.48081,0.21398,7.4028,-9.0908,-6.1734,-1.0276,-1.7828,-0.17287,-0.81373,-0.23071,0.11268,-7.6294,-5.5462,0.69698,-0.7468,1.4822,-0.007588,0.44667,0.68504,-0.38086,-10.24,-1.6466,-1.2176,0.1651,0.18474,0.035422,0.87944,-0.068195,0.16657
8,10.725,-0.63159,2.0569,-0.51197,0.16207,-0.19163,-0.79214,-0.38036,0.12742,10.472,3.9383,2.8277,-0.067738,-0.12908,0.14809,-0.65762,-0.007671,0.43793,10.705,-2.7106,-0.17286,-0.6105,0.1039,-0.72704,-0.61162,-0.40769,-0.033753,-9.9634,-0.3798,-1.8714,-0.23953,0.24235,0.015724,0.48428,0.16769,-0.51214,-11.54,-9.9151,-2.4394,1.4121,0.076731,0.30912,0.46868,-0.40081,0.45101
9,14.307,3.0485,2.8488,0.26479,-0.07224,0.47958,-0.68648,-0.53779,-0.29437,7.341,46.64,-9.1758,-7.6925,-1.3005,-7.5906,0.5155,-0.70018,0.27721,17.51,-37.07,11.788,5.0944,2.2017,8.6899,0.077143,0.49893,-0.74729,-18.136,0.21032,-7.0981,-1.6553,0.54047,3.7294,0.57541,-0.53184,-0.42884,-12.074,3.7273,-2.1358,-1.5233,-0.82575,0.85644,0.42009,0.31738,0.75069
7,7.9198,0.80358,-5.7858,-0.49576,-0.41828,-0.12231,-1.0182,-0.021152,-0.080865,3.7722,5.8265,8.8013,0.97918,0.018952,1.392,0.40184,-0.32717,-0.73172,3.2917,-0.85067,9.9703,0.24775,-0.13317,-0.53792,0.34846,-0.2366,-0.78528,3.1871,8.5013,-2.1945,0.29103,0.010947,0.007554,-0.78766,-0.51511,-0.087775,4.3529,-7.1461,-1.4478,-0.13345,-0.28182,-0.41764,-0.80461,0.42218,0.18301
4,6.7373,0.75006,1.7811,1.8356,-0.71209,-0.17858,-0.99848,-0.10586,-0.32703,-11.44,11.829,1.7257,0.7447,0.22994,1.6498,-0.12867,-0.65768,-0.2053,1.9663,-7.7379,6.4399,0.45439,-0.12179,-2.3084,0.33564,0.63338,-0.87849,-6.1646,3.3986,-0.12516,0.84627,-0.24623,1.1905,0.63187,-0.17333,-0.11927,-5.4022,1.6858,-0.62148,0.20682,-0.27552,1.5626,0.30317,0.43505,0.14991
8,28.398,-7.5226,-0.86368,-0.18018,0.17248,0.24147,-0.58924,0.40093,0.35125,26.339,-0.27286,0.73599,2.2921,1.0502,-1.0903,-0.58698,0.13509,-0.28118,28.12,1.3661,3.0959,-1.4104,0.85177,1.1154,-0.76182,0.34769,0.087732,-19.684,-3.2806,-5.7941,-0.50358,-0.32337,-0.20061,0.5364,-0.052518,0.71769,-22.061,2.4509,-6.8033,-1.031,0.1676,0.69578,0.61976,-0.078051,-0.32132
2,1.466,-1.4926,-0.14739,-0.88923,0.32037,0.30254,-0.89307,0.094942,-0.82315,2.2206,2.9641,0.96213,-0.77564,-2.3073,0.71223,0.56615,-0.9086,-0.62224,-9.3268,-3.6899,3.0981,-0.48453,0.76888,-0.27479,0.22867,1.2784,-0.46266,6.4001,-19.678,-2.886,1.0986,-0.27125,-0.90427,0.29033,-0.81586,0.056725,-6.1219,-7.361,-4.4204,-2.2146,-0.91722,1.4706,0.78818,0.14949,0.30815
5,9.6832,-0.51696,1.7174,-0.092173,0.13602,0.16034,-0.58881,-0.25703,0.18313,0.22731,7.4099,6.0255,-0.11617,-0.032815,0.036053,-0.14476,-0.55689,-0.080461,1.1363,-4.4165,8.7048,-0.15358,0.1137,0.10424,-0.41786,-0.035463,-0.62848,3.1831,6.3004,1.0625,0.31791,0.18024,-0.57708,0.14785,-0.61073,-0.33114,-2.3529,-12.044,-0.102,0.6449,-0.20201,-0.75528,0.26643,0.39315,0.19434
7,9.9399,0.090829,1.9213,0.032571,-0.78725,0.015717,-0.76334,-0.086853,-0.59114,0.98134,4.7587,10.284,0.59075,0.73968,0.45866,0.36963,-0.25943,-0.84424,2.4725,-5.3339,10.515,0.29826,0.51426,-0.53007,0.11204,0.10629,-0.93778,-2.9132,11.164,1.0187,0.43701,-0.14672,0.74241,-0.24383,-0.88345,-0.28512,-1.0578,-10.826,1.6293,-0.59074,0.21608,-0.76924,-0.3096,0.92562,-0.02511
1,7.361,0.6861,1.2352,-0.58537,0.29087,0.28953,-0.74251,0.078533,-0.4521,7.2655,2.838,-1.4465,-1.3818,-0.094417,-1.3187,0.50607,0.39679,-1.7719,6.7254,-2.0865,2.7884,-1.3428,-0.060526,-0.27893,-1.1412,0.43311,-0.015941,-3.6301,-4.2468,-2.1034,0.082434,0.3601,0.75559,0.4143,-0.74072,0.29142,-8.4057,-3.6228,-2.7161,-0.088236,-0.17666,1.3016,1.1142,0.45875,-0.028655
2,-0.64018,0.27028,-2.3375,1.9014,5.0031,0.30676,-0.49988,0.017095,-0.77242,3.5196,3.7319,3.7419,-0.14058,0.031169,-1.6277,-0.12387,-0.15168,-0.67435,4.0497,-6.0504,4.1437,0.034663,1.1266,0.50645,0.16439,0.72709,-0.93258,0.50333,16.882,-4.7767,0.24207,0.20937,2.2825,0.81304,-0.1324,0.35053,-1.8696,-0.066602,-0.93944,0.71139,-0.25307,-0.53214,0.64068,0.78694,-0.15449
2,-0.9392,-2.6705,1.3712,2.2312,2.019,-0.4784,-0.70693,0.0834,-0.83677,6.8681,1.0296,-3.0718,0.7783,-1.2249,1.1187,0.48776,-0.69311,-0.66074,-7.4129,2.2403,1.2608,-0.5285,0.25325,0.13251,0.55552,0.95169,-0.6107,-0.98671,10.248,2.7693,-3.5731,0.88826,0.92133,0.15569,-0.66126,0.10529,1.7677,-20.916,3.9232,0.97731,-0.32077,0.53887,0.74691,0.16024,-0.013146
6,9.0979,0.8344,3.6848,-0.058992,-0.28085,0.017811,-0.93148,0.24318,-0.082277,1.0811,8.7815,5.2466,0.040979,0.052174,-0.041154,-0.71598,-0.57144,-0.50236,1.0851,-4.3343,8.6209,0.002805,0.004773,0.024567,-0.66147,0.66695,-0.56709,-9.4653,9.2251,0.26436,0.36288,-0.16656,0.75277,0.69481,-0.17493,0.21032,-1.1668,-2.5352,0.074149,-0.20799,-0.006068,0.52336,0.53138,0.69045,-0.097852
1,9.5271,2.6534,0.34366,-0.51104,0.53117,0.17464,-0.727,-0.036397,-0.48119,11.982,4.4653,-1.3432,-1.3456,0.37364,-1.5479,-0.77587,-0.49178,-1.3659,9.851,-1.0674,3.3387,-1.4135,-1.015,-1.6304,-1.5365,0.62403,-0.32464,-13.873,-3.4409,-2.0207,1.9887,-0.65089,2.5551,0.73204,-0.45912,0.18852,-9.9161,0.32629,-4.0938,-0.99624,-0.21893,1.5109,0.89642,0.83593,-0.044976
4,9.1741,-1.6525,1.7511,0.91247,-0.067681,0.22415,-0.77416,0.13459,-0.50619,3.0429,6.3512,6.6863,0.067339,0.59105,-0.67377,-0.39836,-0.66916,-0.84448,-3.2514,-7.315,6.7282,0.78382,-0.2667,1.7741,-0.056642,0.43921,-0.76715,-9.6472,1.6828,-1.4857,0.17149,0.043377,-1.0999,0.50897,-0.30855,-0.076213,-10.444,0.62924,-0.88313,-0.2546,0.26858,-1.498,0.55085,0.18808,0.21586
3,5.4224,0.90358,-3.0698,-0.73136,-0.17535,-0.19259,-0.89628,-0.22951,-0.2355,4.8941,7.0454,3.1618,0.16923,-1.4471,0.54721,0.52447,-0.6615,-0.10474,6.9699,-4.6009,3.2343,0.4512,-0.3832,-1.2702,-0.37344,0.43644,-0.52968,-9.1597,3.1076,-2.3595,-0.33642,0.21106,0.955,0.85724,-0.2541,-0.31768,-7.4115,-3.9962,-0.23101,0.026142,-1.0338,1.6861,0.72818,0.45907,0.60001
9,9.4384,-2.6637,0.8393,-1.4648,0.26395,-0.55641,-0.98725,0.27508,0.32825,4.7068,9.2,0.48863,-0.26087,-1.0117,0.27745,-0.80387,-0.60262,-0.019002,1.245,-4.5369,4.7418,-0.51263,3.5766,1.1301,-0.70115,0.57548,-0.46869,-9.8795,0.5182,-2.1864,0.78828,-0.26071,-0.34087,0.9899,0.39097,0.19941,-8.6069,-1.4467,1.2749,1.892,-0.60857,0.36497,1.0367,0.12811,-0.27589
0,9.426,1.4511,0.62903,-0.14829,0.47544,-0.12245,-0.81515,0.024122,-0.59431,10.925,1.7046,4.5317,0.22228,0.58015,-1.1085,-0.2544,-0.34167,-0.96042,10.738,-1.8843,3.7795,0.51394,-1.0937,-1.6062,-1.0109,1.0809,-0.38975,-11.211,-1.1241,-0.84101,-0.19172,-0.37299,2.9318,0.74666,-0.11441,0.46978,-5.9562,16.003,-5.5102,-0.67093,1.3172,-0.18534,0.83087,0.62936,-0.3095
6,10.045,-0.85147,1.5453,-0.12988,-0.041666,0.17054,-0.88704,0.32489,0.30798,3.4651,1.023,9.2656,-0.024253,-0.040417,0.044481,-0.93554,-0.017343,-0.64142,1.3666,-1.024,9.7044,-0.017584,0.20245,-0.064641,-0.60078,0.55531,-0.72682,-8.3116,8.28,-2.3411,-0.91873,-0.36788,1.8156,0.626,-0.34658,0.26623,-8.066,-7.7063,-3.8851,-0.9972,-0.44324,1.5502,0.65064,0.48664,-0.10739
3,9.4213,-1.1088,2.1038,0.32374,0.17223,0.04426,-0.66713,0.11097,-0.63119,5.7463,6.1024,4.755,0.12682,0.58134,-0.69834,0.21305,-0.39104,-0.13808,4.1276,-5.4135,6.8913,0.19471,0.52744,0.54441,0.13195,0.42696,-0.70326,-9.7478,1.4715,-0.97787,0.09701,-0.047583,-0.74697,0.65511,-0.54848,0.18445,-8.9145,-3.1675,-1.8882,-0.07694,0.45138,-1.3305,0.64509,0.63008,0.21141
6,9.6083,-0.017697,0.37717,0.23958,0.033017,-0.14331,-0.7599,0.31819,0.30057,-1.5335,9.1606,-3.3531,0.21816,0.10719,0.018224,-0.2084,-0.77216,-0.034805,1.5899,-5.1231,8.0978,-0.029939,-0.089196,0.007707,-0.44087,0.74046,-0.30559,-7.803,6.5893,-5.2648,0.055921,0.62671,0.15175,0.59847,-0.10991,0.29434,-0.5724,-1.1047,0.35698,0.37548,-0.19483,0.3105,0.48019,0.6733,-0.005822
2,8.6524,2.6041,23.731,-5.5725,-8.7144,-1.1741,-0.47961,0.12095,-0.75105,1.1732,13.324,4.6956,0.93272,0.94741,-1.164,-0.072113,-0.17322,-0.68048,2.3897,-5.9406,5.9096,0.72499,0.94893,0.22375,0.39211,0.74425,-0.77956,-31.472,-3.356,-2.9974,0.91191,0.018757,4.6497,0.76267,-0.46258,0.35405,-10.939,43.226,-8.2311,-0.72991,-1.7384,-1.9483,0.64213,0.81604,-0.14722
1,8.3059,-0.1671,-3.0572,0.38036,0.88516,-0.092279,-0.79979,-0.052837,-0.32348,8.3715,3.6492,3.3654,0.063374,-0.10049,0.27288,0.79678,-0.29235,-0.19365,9.1546,2.4042,3.4961,0.52172,-0.071978,-0.65198,-1.7317,0.14307,-0.61438,-11.784,-1.0339,-2.5153,0.020082,0.099012,2.0695,0.80463,-0.35337,0.2604,-8.7289,-0.79553,-0.99258,-0.50281,-0.25689,1.3271,0.84093,0.74251,-0.12074
5,7.8897,0.38711,5.5995,0.014861,-0.26652,-0.014353,-0.65026,-0.16474,0.06532,4.2285,6.6803,5.2034,0.07721,0.071533,0.13121,-0.82076,-0.44543,-0.26036,6.7358,-5.8527,5.3095,0.00996,0.045928,-0.058461,-0.99114,0.16182,-0.49887,5.961,-0.22762,2.1281,0.79393,0.072714,-0.47513,0.22882,-0.5492,-0.38466,-5.0067,-10.064,2.9993,-0.56976,0.046002,-0.92761,0.39083,0.28559,0.11366
5,8.303,-0.051475,5.6336,-0.61395,0.78562,-0.097594,-0.6445,-0.12092,-0.033248,6.469,4.8019,5.7845,-0.13756,-0.20649,-0.019031,-0.89416,-0.034506,-0.15148,6.2784,-4.7184,6.3142,-0.12478,0.36222,0.067429,-0.81041,0.017503,-0.63351,0.33476,4.9361,-1.2454,-1.8162,0.21277,2.2988,0.13846,-0.65737,-0.09926,-2.7077,-15.96,-0.65925,-0.63776,0.16367,1.5184,0.41803,0.39423,0.14468
3,10.621,-5.9565,2.9282,-0.47628,-0.072287,0.59949,-0.9197,0.20101,-0.3998,2.4425,6.7188,7.3939,0.20678,0.31287,-1.1104,0.57637,-0.39209,0.053746,2.703,-8.2158,5.9563,0.17343,-0.071827,-0.26123,0.027096,0.51114,-0.55004,-12.032,-4.622,-2.757,-0.16873,0.06375,-0.13126,0.88175,0.18154,-0.35131,-8.1265,-1.28,-2.1305,0.20549,-0.067706,-0.2397,0.67746,0.66803,0.50647
4,7.838,0.16889,2.8726,-0.75812,0.16432,-0.28715,-0.74183,-0.13457,-0.56861,-1.3947,8.9647,4.8245,-0.62778,-0.70248,-1.101,-0.34464,-0.55611,-0.40901,2.852,-5.8068,7.0416,0.087905,0.54267,0.049329,-0.042221,0.52705,-1.0759,-11.069,0.64749,-0.23904,0.27237,-0.32692,1.8908,0.61325,-0.1762,-0.10694,-8.6125,-2.4444,-1.4508,0.007658,-0.064008,1.2524,0.41891,0.35001,0.22928
3,11.094,-2.17,0.2132,-0.38134,-0.2579,0.39257,-0.83603,-0.14775,-0.4357,5.1075,7.2375,6.4885,-0.10541,0.4304,-0.99129,0.49563,-0.80162,-0.30385,6.554,-6.9834,4.3793,-0.83539,0.098673,1.2495,-0.011443,0.53819,-0.53217,-18.526,6.4569,-1.3211,0.28742,-0.060669,-0.79303,0.82292,-0.37065,-0.41217,-11.307,-2.6975,-3.0815,2.2775,1.2831,-1.5331,0.57831,0.76937,0.49334
3,-3.3491,3.9407,5.742,-0.65938,0.79146,0.3159,0.40664,-0.2473,-0.85025,6.4545,7.5331,-0.67182,0.24055,-0.23229,-1.2387,0.40751,-0.71824,0.4503,6.8325,-6.0326,3.1389,-0.070236,-0.00991,0.87139,-0.26084,0.57865,-0.51374,-8.4191,5.0805,1.6867,0.16306,0.221,-0.68849,0.87625,-0.043415,-0.34192,-6.0195,-2.822,-0.39285,-0.31453,0.27483,-1.5297,0.73979,0.71271,0.45338
7,8.4986,0.22441,6.1994,-0.056439,0.41133,0.08307,-0.45402,-0.029687,-0.86518,-3.0458,3.5185,9.0397,-0.51329,0.9065,-2.1266,0.54258,-0.14702,-0.78002,-2.6311,-2.4925,8.8884,0.029885,1.8714,1.0919,0.47989,-0.085838,-0.82437,-4.4583,9.8712,-1.8652,-0.10718,0.011758,-0.31516,-0.15931,-0.94525,0.042261,-3.7644,-10.059,-5.9556,-0.16738,-0.098085,0.23567,-0.24388,0.79004,0.50935
7,9.4981,0.002481,2.5752,-0.14905,0.22188,0.029263,-0.66416,-0.049402,-0.70364,0.15109,4.9815,8.4849,0.20428,0.035842,-0.19856,0.49989,-0.25575,-0.76569,0.03496,-4.5034,8.4776,-0.18445,0.16569,0.006763,0.44263,0.1412,-0.8304,0.95483,9.2535,-1.6615,-0.040446,-0.11363,0.15635,-0.63038,-0.73359,0.01201,1.726,-8.4191,-4.2719,0.1893,0.17258,-0.077246,-0.68124,0.61891,0.31123
8,27.588,-0.49265,5.2763,-0.095031,1.1369,0.50393,-0.60213,0.47646,-0.25255,-1.543,17.419,14.385,-1.7546,0.16815,-0.44969,-0.40764,-0.29162,-0.6075,6.7143,-24.46,-4.4002,0.53883,-0.65264,1.2693,-0.00657,0.53482,0.53958,-27.186,4.5308,-3.3567,0.067479,-0.50441,-1.0788,0.41811,-0.10085,0.53957,-23.778,-3.7913,-0.73184,-0.99211,-0.55487,0.87331,0.42841,0.16183,-0.46214
9,10.457,1.9724,1.3123,-0.4407,-0.13588,-0.36389,-0.77213,0.26937,-0.1265,8.9367,5.7336,-1.4597,-0.34661,0.15388,0.062678,-0.68342,-0.34718,-0.28844,8.4033,-0.95865,6.2292,-0.041991,-0.28343,-0.32158,-0.67953,0.40908,-0.38758,-10.02,-0.21678,0.022802,0.86963,-0.33276,0.12301,0.75654,-0.069035,0.30451,-9.6804,0.79479,-1.4755,0.54484,0.059635,0.22632,0.79184,-0.18258,-0.17318
5,8.5492,0.72553,4.4927,0.27649,-0.44526,0.001042,-0.7691,-0.034406,0.076789,-1.5181,9.6246,3.6834,-0.28065,-0.10173,0.2358,-0.23435,-0.52117,-0.024545,0.73677,-2.6121,11.409,0.12769,-0.43844,-0.062616,-0.57697,-0.12907,-0.535,0.87857,16.437,0.37731,-0.35517,-0.1609,0.95437,0.28108,-0.45216,-0.18189,7.7883,0.16832,0.99977,-0.20089,-0.16859,1.0577,0.10297,0.56894,0.1726
7,9.8975,-0.4125,-2.1762,0.077363,0.045169,0.041934,-0.8818,0.022223,-0.47111,7.1283,0.60157,8.3201,-0.314,0.21158,0.12018,-0.045038,0.028848,-0.93774,5.8173,-2.0748,8.8741,0.21762,0.2567,0.064162,0.031881,0.022346,-0.94071,1.4518,9.2417,0.86702,-0.12694,-0.11387,-0.30231,-0.69451,-0.62865,-0.26595,1.6309,-9.424,-0.16382,0.048363,0.048081,0.28645,-0.75031,0.62755,-0.003366
4,8.7043,0.53466,1.4103,0.60149,0.84823,0.12667,-0.74163,-0.24931,-0.50036,-6.6715,8.0047,3.2167,0.23162,0.048593,0.6381,-0.032632,-0.61289,-0.32857,1.9175,-4.3824,8.8456,0.035979,0.096791,-0.049061,0.24103,0.46299,-0.98009,-8.8564,0.15068,-1.5358,-0.63043,-0.25175,0.32957,0.67843,-0.18486,0.057724,-8.5762,-1.8046,-0.58786,0.088304,0.43001,1.7803,0.35359,0.49137,0.018523
4,4.3865,0.6448,0.52455,0.42141,0.17456,0.57515,-0.86627,-0.2741,-0.53591,-13.886,5.4531,-4.3549,-1.2848,-0.86703,2.5319,-0.23096,-0.69474,0.007439,5.4831,-5.0238,6.9152,0.64792,-0.90281,-2.4694,0.12097,0.71147,-0.85212,-6.5723,2.8998,7.8985,2.3401,-1.0128,1.2829,0.63689,-0.14599,-0.1604,-1.694,1.7866,2.2456,1.7696,0.085497,1.7166,0.35222,0.48893,0.12629
9,9.561,1.2102,0.33324,-0.41367,0.39566,-0.59407,-1.0046,-0.28845,0.1862,0.15366,8.0655,-3.4508,0.13559,-0.024442,0.28805,-0.29403,-0.76271,0.58017,-0.51896,-2.8592,0.233,0.88786,2.587,2.4136,-0.16963,0.31571,-0.92334,-8.8905,0.59075,1.0106,-0.095007,0.44067,-1.1137,0.93242,-0.2453,-0.56096,-9.4458,-1.7303,-0.34708,0.72125,0.4108,0.020799,0.98449,-0.1518,0.44828
5,7.8354,0.55869,6.1382,-0.083106,-0.04888,-0.27911,-0.78276,-0.1197,-0.005689,4.7693,8.1979,-0.99516,0.10549,-0.029475,-0.030701,-0.77569,-0.33435,-0.1925,7.442,-3.4026,5.5088,-0.087154,-0.025311,-0.6924,-0.99349,-0.14175,-0.62742,-3.8744,16.501,-1.8449,0.26051,0.40963,-0.21539,0.28471,-0.41804,-0.1912,7.6628,7.4864,3.5488,0.79767,0.48822,-0.42989,0.067949,0.57916,0.17187
0,8.8598,0.62796,4.3831,-0.57262,-0.026963,-0.16944,-0.70066,-0.012286,-0.99731,10.407,3.0072,2.2499,-0.82008,0.43818,-0.58282,-0.87135,-0.76398,-0.28179,9.2793,-3.1899,3.1292,-1.6913,-0.588,-1.6391,-1.1671,1.6084,-0.35898,-12.58,-5.5913,-1.8636,0.48484,0.19766,2.6315,0.55094,-0.47861,0.32753,-13.134,3.0631,-2.3044,-0.41355,0.051303,1.7625,0.35738,0.68897,0.29723
6,9.0338,1.2836,4.2466,-0.24032,0.42417,0.18299,-0.91432,0.30237,-0.07846,2.4168,7.058,6.0763,-0.1263,-0.15229,0.16681,-0.79524,-0.37378,-0.57723,1.4008,-4.3383,9.0303,-0.15116,0.21931,0.031804,-0.69314,0.62856,-0.58122,-6.0202,4.872,0.392,-0.43534,-0.60276,1.9359,0.66226,-0.45414,0.11222,-9.8181,-11.58,-6.6905,-1.3657,-0.70957,1.5252,0.69475,0.4626,-0.075657
9,9.3368,-0.92642,-0.3972,0.15141,0.12973,0.035064,-0.94464,-0.003542,-0.43561,9.2435,3.6651,3.2099,0.088232,0.10947,-0.70239,-0.49181,-0.83273,-0.42087,2.4848,-1.6927,5.9188,0.68392,1.2178,0.91537,0.056573,0.11207,-1.0282,-7.9667,-1.2707,-1.9921,0.65742,-0.35882,1.1367,0.65228,-0.87513,0.14868,-10.346,-0.83518,-1.2096,0.59111,-0.22449,0.1783,0.74188,0.82534,0.24137
6,9.6938,-1.8503,0.23561,0.22436,0.084339,-0.10127,-0.83933,0.34382,0.40859,3.4999,0.6565,8.9569,0.061707,0.065624,0.16461,-0.9377,-0.000793,-0.64063,0.15631,-1.211,9.8841,0.013547,-0.082656,0.15612,-0.49711,0.57897,-0.76545,-4.84,5.7539,-0.5891,0.99701,0.15364,-1.6053,0.58365,-0.46646,0.25359,-8.3924,-7.2848,-3.3891,0.72644,0.34427,-0.91714,0.70555,0.38932,-0.11966
4,7.7751,-2.222,-0.97969,0.34853,-0.036014,0.42634,-0.86427,0.13896,-0.38582,5.4167,5.5658,4.4764,0.10741,0.6922,-0.42345,-0.51696,-0.83152,-0.554,0.012542,-8.9143,5.9059,0.075964,0.91656,2.3169,-0.23625,0.51078,-0.62691,-7.3455,5.9258,-2.3286,0.22537,0.044185,-0.28811,0.52009,-0.3721,-0.001608,-9.001,-0.99156,-0.13762,-0.58864,0.7555,-0.85182,0.607,0.28025,0.15082
8,1.4959,-0.99218,0.96383,-0.007105,-0.62293,-0.009218,-0.62831,0.50204,-0.22738,2.5721,-2.0562,-0.88366,0.59613,0.084553,0.16124,-0.41932,-0.31197,-0.6024,3.0913,-0.24529,-0.42148,0.73653,-0.48986,-0.32222,-0.072916,0.5274,0.58172,-4.5221,3.1739,1.9923,-1.0589,0.096418,-0.95288,0.47536,0.011016,0.52381,-4.6312,-0.20973,0.54275,0.16929,0.21384,0.6588,0.47895,0.006895,-0.47103
6,9.8509,0.5893,1.7232,0.048192,-0.37044,-0.35609,-0.85564,0.31754,0.22129,-0.011084,5.1899,8.739,0.28986,0.28823,-0.10589,-0.4783,-0.075619,-0.76243,0.72567,-0.25439,10.567,-0.44788,-0.23446,-0.23837,-0.35822,0.48789,-0.67302,-9.8645,11.089,-4.9861,1.4063,-0.51097,-0.87945,0.56469,-0.06881,0.34547,-4.1087,-5.3086,-0.72318,0.65985,-0.048504,-1.6846,0.48829,0.50207,-0.37015
0,9.9099,1.1401,3.2876,-0.67724,0.30509,-0.41417,-0.80158,-0.13453,-0.90546,12.518,5.0938,2.886,0.37898,0.049586,-0.57805,-0.75319,-0.39165,-0.17606,12.615,-2.9833,2.7367,-2.9156,-0.90113,-3.5559,-0.56737,0.95639,-1.0206,-11.217,1.3646,0.175,0.48576,-0.23804,2.3345,0.6371,-0.35916,0.30693,-10.417,8.56,-0.75172,-1.3423,0.1647,1.4515,0.37864,0.67595,0.27349
7,5.2759,-0.011427,7.5803,-0.14797,0.71659,0.32468,-0.29237,-0.011584,-0.92434,-7.3809,11.545,-1.7281,0.71082,-0.97571,-1.2707,0.68686,-0.66708,0.004393,-3.6195,-3.9894,11.593,-0.26652,0.52516,1.4124,0.53373,-0.007988,-0.80657,0.13605,8.3961,5.5851,0.055514,1.0361,-0.94301,-0.27062,-0.79398,-0.46753,-2.9378,-9.2475,0.21781,0.081494,-0.16839,1.4031,-0.081286,0.96545,0.064438
1,14.118,-1.8704,4.704,-0.018123,-0.29734,-0.518,-0.86369,-0.11552,-0.6408,-3.2141,7.168,7.6788,0.2524,0.055068,-0.98947,0.46584,-0.71586,-0.73408,-2.0647,-9.5146,6.7208,0.35744,0.67502,0.023386,0.59038,0.6867,-1.1284,-13.573,2.7492,-0.052996,1.456,-0.10832,-0.85012,0.64314,-0.32882,0.12031,-8.2168,0.35597,-0.50639,0.57172,-0.024309,0.45283,0.098411,0.70973,0.18121
9,3.7571,-0.046577,0.7513,-0.71863,0.24955,-0.03947,-0.62057,0.34594,-0.034537,8.3691,-0.96445,-2.1219,-0.20086,-1.4767,0.61272,-0.18538,-0.63547,0.004282,-3.0628,-1.2225,2.663,-0.75249,1.1038,-1.077,-0.32123,0.60465,-0.16759,-2.3394,-8.0608,4.6587,0.36463,-0.24193,-1.037,0.47905,-0.082011,0.35844,-9.3356,-12.71,2.5998,-0.49736,-0.52016,0.98179,0.54637,-0.2692,-0.1094
3,8.9038,2.7677,0.10707,-0.59089,0.13556,-0.17474,-0.76209,-0.37056,-0.43931,2.6942,8.6827,2.7841,0.25898,0.66763,-1.2009,0.79129,-0.367,0.15522,7.9824,-1.4184,5.0142,-0.11212,0.63096,0.76215,-0.3589,0.15636,-0.68422,-8.9304,3.919,-1.2927,-0.61796,0.10838,1.0119,0.76424,-0.53449,-0.26785,-9.3837,-1.3702,-1.8427,0.34409,-0.002637,0.41213,0.67646,0.2743,0.67827
8,-4.4113,1.5427,-0.027839,0.91133,1.0053,-1.8501,-0.77799,0.41843,-0.21712,-6.7933,-1.6024,3.1896,1.9574,-1.3745,0.65391,-0.66495,0.091297,-0.2543,-5.6708,2.201,1.9271,1.0514,-2.4874,-0.44318,-0.68163,0.28814,0.24465,-0.34315,8.046,-1.9847,1.203,-1.2375,0.12785,0.54771,0.11862,0.4689,-0.092818,-6.9835,-0.98238,1.5233,0.27553,0.19256,0.55909,-0.013714,-0.41206
3,8.263,-11.17,-5.2882,0.32048,0.88372,0.39837,-0.78251,0.61654,0.077824,3.0382,5.8215,7.3994,1.7672,1.3852,-1.4192,0.55961,-0.49464,0.033922,3.7121,-7.3816,6.416,0.37542,0.41815,1.0246,-0.07011,0.51609,-0.54288,-11.087,-3.6208,-3.1774,1.3363,0.1911,-1.3533,0.91441,0.1163,-0.28756,-5.8257,-8.6381,-2.9015,1.0623,-0.21829,-1.7861,0.27185,1.0232,0.36053
3,7.425,-1.1564,-2.4814,0.030248,0.70124,-0.16343,-0.95392,0.1083,-0.42251,3.7708,6.9931,4.7352,-0.26814,0.26401,-0.7472,0.51751,-0.35884,0.103,1.0481,-7.4654,7.1818,0.40606,-0.075799,0.60939,0.46943,0.49303,-0.50548,-8.4798,3.0687,-2.789,0.42791,-0.23929,-1.0064,0.64741,-0.56276,0.11217,-6.3553,-3.3265,-1.5476,-0.5015,0.16116,-1.3446,0.62321,0.6728,0.10701
7,8.8107,-1.0967,3.8645,-0.039499,0.16219,0.096365,-0.763,0.02867,-0.74587,-7.6139,1.0095,8.0827,0.33842,-0.41459,0.39668,0.67155,-0.16746,-0.60625,-7.3744,0.98337,9.8591,0.13571,-0.32021,0.34021,0.52303,-0.24456,-0.70115,-0.38254,9.7911,-0.90819,0.24744,0.15096,0.76837,-0.42556,-0.80741,-0.070672,-0.5235,-10.289,-0.66098,0.36003,0.078769,-0.97787,-0.42726,0.79201,0.2285
5,8.0157,2.3936,5.1613,0.060884,0.037193,-0.035998,-0.52847,-0.3014,0.029564,7.0586,3.5308,5.419,-0.003742,0.025971,-0.022504,-0.88749,0.13184,-0.17775,6.7966,-4.7883,5.1392,-0.00027,0.00705,-0.00356,-0.91534,0.075536,-0.55168,-9.9348,14.711,-1.7752,0.45572,-0.052401,-0.41212,0.59045,-0.35223,-0.10267,4.2684,-6.2423,-1.1415,0.13479,-0.001066,-0.94438,0.079458,0.55546,0.24798
3,4.185,2.4426,-0.15851,0.36625,-0.36352,-0.060769,-0.74511,-0.069698,-0.73484,3.5159,8.1462,0.83314,-0.14,-1.0903,0.93523,0.42488,-1.0174,0.23096,7.5342,-1.3964,3.5381,0.73906,-0.62677,-2.3157,-0.23511,0.29524,-0.68321,-6.6041,-1.279,1.4636,-0.28096,-0.35604,1.2971,0.80081,-0.03649,-0.49258,-5.9836,-2.5248,-1.8389,-0.068999,-0.24122,1.5374,0.72956,0.64889,0.37274
4,11.619,-1.143,2.3319,0.33962,-0.10461,-0.21292,-0.80904,-0.14569,-0.42587,-2.1347,8.5285,3.7515,-0.036709,0.12474,-0.019366,-0.25507,-0.79125,-0.49137,-0.37543,-8.0435,5.7555,-0.005991,-0.53234,-0.99286,0.30245,0.58294,-0.82747,-11.92,-0.071989,-2.6629,0.87941,-0.5206,-1.2343,0.66564,-0.25046,0.00658,-11.225,-3.4138,-0.96385,0.94872,0.64602,-1.1762,0.42601,0.42328,0.078538
6,9.5229,-0.64281,1.987,-0.15407,-0.097767,0.22516,-0.88991,0.31748,0.29526,3.4593,0.58159,9.1005,-0.007851,-0.16533,0.091073,-0.93554,0.019227,-0.63443,1.2757,-1.1552,9.653,-0.058057,0.10356,0.028708,-0.60202,0.54537,-0.72722,-4.7544,4.9375,-0.43344,-0.39355,-0.17201,1.7181,0.58739,-0.49183,0.22493,-8.8064,-9.335,-4.368,-0.43408,-0.37908,1.3969,0.69984,0.38368,-0.12909
2,1.7049,-1.9781,-0.6156,-1.0308,0.31917,0.22836,-0.87106,0.1559,-0.51958,2.917,0.65827,0.85537,-0.51031,-1.3199,-0.51352,0.35699,-0.68696,-0.41847,-7.1859,-1.3949,1.0643,-0.31553,0.35148,0.35169,-0.11085,1.1977,-0.10215,4.6894,-12.583,-1.2808,0.88338,-0.28781,-0.35248,0.55074,-0.47653,0.47918,-7.468,-14.893,0.22238,-1.1075,0.11754,2.319,1.004,0.19459,-0.045426
5,8.1659,1.9791,5.4446,0.051549,0.09742,-0.11772,-0.63087,-0.20575,0.092076,3.7133,7.3481,5.1097,-0.042669,0.023429,-0.11246,-0.80682,-0.48916,-0.27999,5.6772,-5.3669,6.2084,0.14212,-0.16976,0.006323,-0.79219,0.23495,-0.63368,-7.6176,16.436,0.69611,-0.13183,0.23967,-1.404,0.38146,-0.37123,-0.209,1.33,-4.7455,0.90932,0.20552,0.015253,-2.011,0.15545,0.59039,0.085297
8,2.2655,0.20787,-0.83915,0.041245,-0.62389,0.14016,-0.42206,0.028578,-0.6961,0.17253,2.1807,-1.8918,1.2618,0.59656,0.27736,-0.55151,-0.40973,-0.33367,-0.94101,-1.7215,-0.24094,-1.151,0.52995,-0.29537,-0.50967,0.42274,-0.36361,-0.40503,-0.11781,0.79454,0.21633,0.28554,0.15825,0.67739,-0.28884,0.064878,0.80072,-0.99759,0.97697,-0.18703,0.14793,-0.21656,0.682,0.19681,0.272
9,9.9588,1.0582,1.4003,-0.68409,0.084378,-0.048555,-0.66366,-0.51443,-0.32381,9.9566,5.484,4.9428,-2.7129,1.7992,-1.8023,-0.85228,-0.21739,0.29384,9.8358,-4.153,6.464,1.7064,1.5328,1.3906,-0.75522,-0.38926,-0.25806,-9.847,4.703,1.9566,1.4649,0.47271,-0.12171,0.71183,-0.25167,-0.38276,-9.4745,-0.59423,-2.7057,1.0744,-0.07194,0.13864,0.59725,0.25448,0.67461
3,9.6264,-1.3361,-1.0387,-0.59474,0.61196,0.13627,-0.94691,-0.001254,-0.4202,2.8952,7.2299,4.7619,0.2569,-0.34439,0.096254,0.59959,-0.32658,-0.006844,1.7947,-5.3966,8.8264,0.039127,-0.30624,-0.25486,0.38295,0.5076,-0.56888,-8.6234,1.8476,-1.9043,0.97019,0.17438,0.45966,0.64606,-0.5213,0.13529,-9.3227,-3.0391,-1.4788,0.53785,-0.27587,1.0211,0.676,0.61966,0.11813
3,8.4131,0.070394,-2.1784,-0.4761,0.47127,-0.25993,-0.8598,-0.24784,-0.33457,5.9995,6.2005,3.8589,0.13766,-0.3731,-0.078733,0.57916,-0.62833,-0.35451,8.7092,-2.6401,2.983,0.25573,0.57131,-0.61787,-0.41015,0.2898,-0.56921,-7.0499,2.2409,-2.3959,0.843,0.15898,0.68806,0.82271,-0.33636,-0.3558,-8.3955,-3.8716,-1.7866,0.27158,-0.65407,0.94828,0.72485,0.44084,0.59411
0,7.9248,-0.2072,2.4593,0.26911,0.024507,-0.15748,-0.67893,-0.005986,-0.5816,7.2269,5.0971,0.6058,0.30369,-0.36426,0.61651,-0.36859,-0.59455,-0.74799,9.1901,-3.0047,1.1402,-0.93251,1.5444,2.4526,-0.57772,0.97184,-0.83166,-9.7497,-0.89158,-0.9919,0.012561,0.11129,-0.98443,0.69783,-0.42876,0.33017,-5.8505,4.3109,-0.27333,1.2446,0.39779,-0.49828,0.81151,0.93964,-0.38957
4,-8.2824,6.1663,3.1463,-1.4051,-0.14841,0.64428,0.61672,-0.22283,-0.46328,-0.15761,7.7676,-3.9165,0.38397,0.20735,0.16041,-0.23115,-1.221,0.19132,-0.76242,-9.0441,3.016,0.23349,-0.20514,-0.19541,0.17726,0.73399,-0.6517,-13.858,-1.2521,-0.97782,-0.25057,-0.19084,-1.6072,0.63257,-0.22014,-0.11252,-11.816,-7.0735,-1.2099,-0.1733,0.41354,-1.4939,0.41668,0.47243,0.17416
5,9.4147,-2.453,1.5542,-0.01769,0.10379,0.13176,-0.62408,-0.18251,0.17254,1.1942,6.8681,6.993,-0.60437,-0.038091,0.20373,-0.22404,-0.51616,-0.15978,0.82224,-2.6746,9.8308,-0.0648,-0.023,0.056389,-0.44844,-0.10378,-0.59677,-2.3544,8.9052,-1.3583,0.062137,0.082453,-1.6734,0.2641,-0.54852,-0.23512,-0.62982,-10.63,1.0647,0.52431,-0.14486,-1.3897,0.18285,0.53157,0.13505
0,9.7601,2.6298,0.93629,0.084616,0.67416,-0.050638,-0.81943,-0.25172,-0.70615,4.5977,6.6053,5.4202,0.18085,-0.63282,0.13053,-0.47392,-0.84774,-0.70958,4.4908,-4.253,6.3203,-0.013616,-0.1823,-0.8765,-0.23955,0.84905,-1.1913,-9.4806,-1.1334,1.9573,0.82658,-1.0832,0.82959,0.55544,-0.42544,0.13522,-8.9073,10.108,-4.0542,-0.70329,0.9494,0.79247,0.25614,0.72202,0.18124
6,9.6586,0.93349,2.4831,0.55491,-0.42362,0.009897,-0.9899,0.50291,0.14945,-0.8872,9.0203,3.6514,-0.20539,-0.3925,-0.43731,-0.5432,-0.64491,-0.62568,0.90661,-2.7177,8.8101,-0.005027,0.46806,-0.021993,-0.46083,0.5882,-0.6725,-11.245,14.516,-0.063457,-0.23331,0.36781,-1.1912,0.6272,-0.21217,0.25331,-5.9375,-3.9993,0.081006,0.79682,0.33571,-1.7148,0.5033,0.55556,-0.32225
1,9.5395,1.4354,3.5253,0.16267,-0.68717,0.15769,-0.66285,0.15415,-0.54973,-1.1523,8.4602,5.2665,-0.29991,0.26969,-0.65985,0.096032,-0.14057,-0.62822,-0.2905,-6.3313,7.4701,-0.10756,0.44831,0.55031,0.48076,0.79412,-0.64107,-4.5779,8.6026,-7.728,1.063,0.82732,0.43661,0.13382,-0.81076,0.40196,-9.6825,-6.5077,-1.6168,-0.44644,0.31062,1.0025,1.0797,0.34414,-0.076488
7,7.582,-1.7449,5.2335,0.22067,2.0315,0.31827,-0.6904,0.26276,-0.83693,0.078396,3.8947,10.113,0.018401,-1.0119,-1.8242,0.51079,-0.32784,-0.74132,1.3078,3.8871,7.4827,1.6898,0.5878,1.2863,0.36434,-0.32013,-0.82285,-2.5943,15.315,1.0641,0.85673,0.13369,-1.2036,-0.18942,-0.87907,-0.32567,-2.1058,-17.567,-0.80912,1.489,-0.58717,0.87263,-0.19277,0.9426,0.1236
3,6.4839,-1.3362,-1.9525,0.66793,0.093934,-0.056058,-0.96262,0.1378,-0.39488,3.7013,7.1006,4.5603,-0.030182,0.16788,0.42229,0.52018,-0.35919,0.11159,0.99962,-6.1001,6.9324,-0.1953,-0.32835,0.11107,0.46022,0.5064,-0.5008,-7.216,2.924,0.73298,-0.3098,-0.09996,-1.376,0.5945,-0.62589,0.1139,-6.4156,-3.8586,-0.98226,-0.080772,0.14693,-1.5031,0.6937,0.6266,0.072931
6,8.3691,0.65383,5.7239,-0.13469,0.026526,-0.2108,-0.91591,0.30779,-0.071855,1.1223,8.2612,4.4394,-0.043441,-0.021888,-0.064922,-0.71839,-0.57956,-0.49691,-0.11642,-4.7441,8.6333,0.078207,-0.071855,-0.12954,-0.57817,0.7058,-0.57388,-3.9442,4.7522,-0.15794,0.90656,0.7026,-1.8993,0.63755,-0.46567,0.14922,-8.3541,-8.7286,-6.3732,0.2972,0.35144,-1.3361,0.70488,0.43476,-0.075594
1,5.7268,-2.4671,0.70664,-1.8165,0.96041,0.13192,-0.602,0.22492,-0.75589,2.4377,8.6869,0.59209,0.003513,0.064728,0.15789,-0.13863,-0.49998,-0.50657,2.7091,-4.6063,6.3099,0.045409,-0.57054,-0.027193,0.14878,0.70782,-0.88091,-6.9942,3.1378,-1.4053,0.46346,0.81973,-2.0584,0.56561,-0.71118,-0.077212,-18.07,-0.3063,-2.5567,-0.6495,1.1644,-3.1438,1.0395,0.44538,-0.054278
6,9.3882,0.57696,1.9005,0.63677,-0.1362,-0.5115,-0.80897,0.19833,0.23755,0.34627,4.3704,8.5525,0.3623,0.35511,-0.15743,-0.36463,-0.15951,-0.66871,1.012,-1.5831,10.176,0.18293,-0.39012,0.034929,-0.49173,0.44748,-0.57888,-10.132,8.6664,-5.5882,1.2706,-0.75074,-1.3349,0.5951,0.046297,0.14141,-5.5489,-5.8316,0.26721,0.49569,-0.45225,-1.9719,0.59227,0.44443,-0.24388
0,11.085,-0.44171,5.265,0.003387,0.32631,0.031467,-0.61397,0.15005,-0.64697,9.5826,3.1579,1.6915,0.13575,-0.079754,0.26627,-0.89636,-0.48616,-0.79976,8.1572,-2.0467,2.4421,0.39132,-0.040591,-0.16528,-0.1964,1.1685,-0.11736,-10.615,-0.028409,-4.3854,0.54337,-0.020308,-0.58698,0.82686,-0.16326,0.39981,-7.17,4.6719,0.32594,-0.38748,0.82187,-0.13931,0.73278,0.75505,-0.12899
3,8.0188,-3.0631,3.6469,0.72309,-0.29474,-0.080222,-0.75429,0.16869,-0.71614,4.0695,8.9017,3.9556,1.2484,0.66632,-1.679,0.26088,-1.0966,-0.11684,2.9906,-7.9902,7.3003,-0.63888,-0.060175,1.2058,0.093217,0.51135,-0.5559,-9.3957,0.10219,-1.3255,-1.0581,0.55112,-0.2724,0.84121,0.052976,-0.47134,-8.9874,-3.9021,0.81122,-0.83439,0.21268,-1.498,0.73979,0.6787,0.30992
8,25.559,-5.966,8.5192,0.1526,0.63717,0.31596,-0.70233,-0.35991,-0.33103,27.195,10.423,-1.6906,3.4185,2.1802,1.7101,-0.45434,-0.57676,0.31667,24.118,-10.01,8.2436,-2.4421,-0.39957,-1.3596,-0.29309,0.061216,-0.73962,-21.297,-3.9372,0.53464,-0.92313,-0.25994,0.95482,0.49932,-0.43164,-0.37797,-22.831,14.973,-5.5675,-0.64287,-0.93739,0.25196,0.41616,0.25629,0.59562
8,1.545,0.073592,1.1134,-0.009553,-0.42366,-0.070253,-0.56331,0.52314,-0.33552,-0.095477,3.1302,-0.88337,1.4313,-0.082296,0.83677,-0.36964,-0.40514,-0.57948,1.2527,0.68014,-0.7882,-0.2638,0.40948,-0.66815,0.093487,0.29283,0.71276,-0.73898,1.8011,0.20889,0.62668,-0.14541,0.37481,0.47031,-0.040384,0.52462,-0.063794,-1.6516,0.84765,-0.55731,-0.28386,-0.43554,0.46721,0.078758,-0.47478
0,6.6574,1.122,1.7135,-0.32265,-0.064236,0.25907,-0.66883,0.073643,-0.5788,7.4888,3.0937,-1.4541,-0.17816,0.22752,-1.6901,0.36048,0.093456,-0.74862,7.2746,-3.6496,3.67,-0.89206,-0.86004,-1.098,-1.2945,0.67361,-0.19479,-5.545,-4.2474,-2.2341,-1.174,0.5625,0.98463,0.44719,-0.59435,0.38388,-8.698,-0.43169,-1.9816,0.011267,-0.10662,1.3565,1.0665,0.62547,-0.15201
5,8.5267,-1.0072,4.4794,-0.001336,-0.17041,-0.36525,-0.80502,-0.077124,0.044621,-1.0518,8.8543,4.586,0.12099,0.041227,-0.11399,-0.088191,-0.50382,-0.045146,0.63522,-1.9802,9.7387,0.24846,-0.2025,-0.049574,-0.54311,-0.12156,-0.57508,-3.6566,12.586,-0.65616,0.95822,0.38699,0.19656,0.27975,-0.46016,-0.15799,5.3801,-3.6017,2.168,0.15797,-0.049289,-0.032904,0.061551,0.58572,0.16753
0,13.066,0.62737,0.96643,-0.27941,0.41235,-0.30635,-0.83152,0.10849,-0.57422,14.662,1.0176,5.984,-0.30982,0.42037,-1.1428,-0.61835,-0.34628,-0.68838,11.479,-2.9082,4.5379,-0.13701,-0.082515,-0.52901,-0.68182,1.0818,-0.52588,-15.234,8.8491,2.0698,1.0436,-0.51061,2.1855,0.75549,-0.023255,0.48657,-17.807,-7.7385,-2.474,0.10838,0.62748,-0.74712,0.81796,0.58366,-0.36147
5,8.0173,-1.3171,4.6819,-0.2509,-0.053582,0.10853,-0.798,-0.078439,0.037898,-1.1695,8.2516,4.634,-0.02552,0.001799,-0.017162,-0.12654,-0.50081,-0.073743,1.5667,-2.6182,8.4411,0.17408,0.12383,0.1332,-0.53193,-0.12375,-0.58087,-4.3144,12.631,0.44458,-1.3099,0.26491,1.7093,0.28817,-0.43176,-0.19367,0.37961,-5.5585,-2.087,-0.51445,-1.1527,2.1157,0.15028,0.51727,0.20578
7,7.0624,2.3797,-6.1608,-0.056687,-0.37656,-0.31959,-1.1082,0.15002,0.19615,3.4628,6.1968,7.5007,-0.084053,0.078189,0.003988,0.30931,-0.54525,-0.68922,5.4075,0.47213,8.7124,-0.03384,0.045229,-0.060156,0.09782,-0.15561,-0.90621,1.5154,9.2183,0.39735,-0.078747,-0.27646,0.014781,-0.67087,-0.64756,-0.23491,1.63,-8.9499,-1.4732,-0.11986,-0.14492,-0.078036,-0.67168,0.68035,0.11533
4,10.541,-2.2322,1.3646,0.36909,-0.19284,-0.52582,-0.84126,-0.008656,-0.44634,1.0392,10.28,3.2379,0.5867,-0.57814,0.9536,-0.38832,-0.54329,-0.39169,2.8251,-9.3856,5.4686,0.098852,-0.75472,-1.8596,0.12605,0.71328,-0.77679,-10.038,4.6912,-1.0366,0.089125,-0.36676,-0.086612,0.68212,-0.28009,-0.010656,-7.8609,-2.7615,-0.80129,-0.011653,-0.56408,0.68792,0.39484,0.47038,0.17195
2,4.7308,-0.92023,1.6827,-0.11516,1.5626,-0.083034,-0.73111,-0.037615,-0.82049,2.9978,5.5766,6.2617,-0.13226,-1.4441,0.80576,-0.03734,-0.7848,-0.83273,2.803,-4.8031,6.1055,0.63224,-1.5335,-0.13439,-0.071314,0.61515,-1.1845,1.6782,2.5787,7.1327,-2.6502,-0.11773,-0.79981,0.095736,-0.73459,0.19093,-9.5481,-12.618,2.8402,-0.43052,-0.069463,2.5696,0.68884,0.30412,0.026357
5,9.7687,-0.62915,2.4942,0.29653,-0.36616,-0.20373,-0.58607,-0.17612,0.19054,2.7883,1.0468,9.2292,0.10045,0.031006,-0.056734,-0.29624,-0.18396,-0.23346,1.1656,-1.6344,9.4773,0.042268,-0.072148,-0.084675,-0.60809,-0.095186,-0.5358,-6.228,13.005,-0.33497,0.88279,0.42842,-1.6142,0.44803,-0.51314,-0.11984,1.0288,-5.825,-0.90672,0.45198,0.41579,-1.5277,0.186,0.51291,0.29198
3,11.83,-1.2415,-0.10257,-1.0356,0.67652,0.75248,-0.79899,0.17027,-0.67089,2.4425,9.9747,1.7414,-0.73033,0.58953,3.2024,0.70926,0.16426,0.4798,4.1829,-6.3693,6.031,0.15593,-2.124,-1.1127,0.10547,0.49577,-0.57883,-14.193,4.232,0.34408,1.9782,0.54662,-2.6599,0.69091,-0.50091,-0.39592,-12.748,-4.8068,1.8061,-1.856,-0.4947,0.77631,0.78523,0.34099,0.44197
3,7.4576,-0.086309,-1.8286,0.52595,-0.31675,0.007392,-0.87945,-0.15038,-0.34713,6.5091,4.6553,5.4495,-0.075058,0.061663,0.52562,0.55562,-0.56548,-0.49466,7.5297,-3.3601,4.3275,-0.30914,-0.44019,0.002513,-0.25321,0.35335,-0.61841,-6.0151,4.2316,-2.302,0.67491,-0.17857,-0.8836,0.80198,-0.47323,-0.1746,-8.7188,-0.78173,-0.54362,-0.41492,0.52059,-0.91262,0.72966,0.29033,0.6
6,9.9071,-0.59524,-1.8124,0.088198,-0.022653,0.21545,-0.88931,0.4499,0.48573,-2.2041,6.5289,6.785,-0.43128,-0.44926,0.096022,-0.39306,-0.39238,-0.81473,-1.2625,-2.0322,9.6431,-0.10068,0.086647,0.13559,-0.36856,0.54888,-0.74373,-1.5888,6.9199,-1.4788,-0.28242,0.46654,1.4302,0.30152,-0.66295,0.36445,-5.8488,-9.3824,-2.5445,-0.76356,-0.36924,0.47408,0.58351,0.56519,-0.30908
0,10.672,-2.4127,1.4232,0.44516,-0.048164,0.16296,-0.8459,0.21791,-0.57249,10.28,-0.25649,3.9131,0.45271,-0.50212,0.3742,-0.18357,-0.23816,-0.77162,10.157,-4.4526,1.7261,3.1955,-0.72802,-0.47742,-1.3165,1.5781,0.23163,-10.075,-1.9892,-4.3747,0.94122,0.031966,-1.2979,0.55908,-0.4135,0.43592,-15.1,-0.16492,-4.5318,-1.5725,-0.4802,-2.2217,0.86321,0.54653,-0.17764
5,9.2036,-1.2432,2.1548,0.046491,0.000182,-0.16336,-0.60694,-0.23899,0.15042,-0.44337,8.7972,3.6675,-0.055705,-0.062491,-0.074095,-0.13673,-0.5657,0.077363,0.90636,-4.285,8.898,-0.022435,-0.037039,-0.13628,-0.40977,-0.017827,-0.62662,-5.1242,12.543,0.39959,0.31883,-0.041134,-0.17528,0.33321,-0.48207,-0.19298,5.08,-5.3599,2.3806,-0.033303,-0.11153,-0.48955,0.008445,0.62832,0.08575
7,5.759,-2.473,5.781,0.04481,-2.0821,0.16962,-0.39199,0.17753,-0.98271,-1.9081,4.6262,6.9346,1.0705,0.54523,2.1769,0.45491,-0.048474,-0.84673,-6.1578,4.504,6.4047,0.22655,-1.8039,-0.15655,0.71754,-0.49336,-0.38227,-1.1338,9.9683,3.6025,0.54233,0.050902,0.55153,-0.36418,-0.80622,-0.36737,-0.20294,-11.437,1.1772,-0.59918,0.18005,-0.70665,-0.38203,0.88754,0.097363
1,6.2486,-0.47368,3.2919,0.83041,0.1546,0.060066,-0.82604,-0.09269,-0.73281,6.8104,1.6803,3.3924,1.3795,-0.23122,0.20171,-0.88734,-0.43957,-0.13195,7.7812,-1.8383,0.54355,0.46458,0.32378,1.8113,-0.93305,1.5945,0.44238,-9.8093,1.1234,-1.8565,0.87598,0.30532,-2.0523,0.40136,-0.43225,0.12385,-9.7245,2.3775,0.61639,0.99367,0.38425,-2.6406,0.42842,0.51261,0.12605
5,7.3611,-0.7174,5.7672,0.18654,0.16026,-0.15019,-0.78851,-0.075757,-0.012219,5.1616,7.4995,0.52997,0.14366,-0.019899,-0.31565,-0.80122,-0.26198,-0.22328,7.2186,-3.7756,5.5093,-0.058634,0.048038,0.023944,-1.0015,-0.074111,-0.65178,1.016,5.6698,1.5811,0.94932,0.49921,-2.573,0.23575,-0.50481,-0.29949,-2.7342,-13.047,-0.075428,0.16681,0.57658,-1.5005,0.30339,0.34191,0.19717
0,12.369,0.38004,2.4647,-0.11799,0.67441,0.056866,-0.85997,-0.17148,-0.6775,3.7436,6.8336,6.2938,0.06831,0.29298,0.81861,-0.4044,-0.81265,-0.71673,4.5239,-7.2147,7.556,-0.071369,-0.05709,0.18233,-0.18565,0.82601,-1.2004,-13,12.893,4.663,-2.1928,-1.4357,-0.38382,0.046078,-0.78113,-0.22171,-10.703,-7.5774,-0.8186,-1.1098,-1.3115,-0.82818,0.69876,0.24785,0.11938
3,4.6312,-0.85941,0.13857,0.62387,-0.053619,-0.23338,-0.74273,-0.1052,-0.58372,8.7913,-0.73787,2.6346,0.48152,1.2082,0.46908,-0.37399,-0.80216,-0.60423,8.5704,0.25728,0.83132,-0.19499,-0.22559,-0.88118,-0.45375,0.29218,-0.54406,-5.9588,1.5555,-0.97316,0.19707,-0.067751,-1.0142,0.85884,-0.12925,-0.39923,-6.151,1.2391,0.14011,-0.083746,-0.28496,-1.4014,0.85815,0.4439,0.28478
2,26.472,-6.2395,2.9056,0.62753,-1.4972,0.49462,-0.90467,0.18128,-0.83783,3.1315,19.466,2.5373,-0.06671,2.358,0.81002,0.27485,-1.1087,-0.50079,-3.4666,-19.961,4.6702,0.49701,-1.4862,2.5577,0.75893,0.87644,-0.8345,-8.573,-21.612,-2.8249,1.5299,-0.16246,-1.0835,0.19467,-0.85957,0.1266,-29.128,3.5552,-2.1127,1.7541,0.39266,-3.3106,0.5934,0.46166,0.37063
6,10.171,2.2733,1.392,-0.19602,-0.18492,0.17086,-0.79094,-0.029967,0.335,1.4142,1.8131,9.7508,-0.006064,-0.065636,0.070773,-0.46374,0.019506,-0.62514,0.68899,-0.91571,9.8888,-0.05935,0.062125,0.005629,-0.47411,0.42537,-0.61709,-12.034,5.9979,-3.4196,-0.62646,-0.166,1.1423,0.6606,0.086994,0.16231,-2.7872,-5.2333,-2.313,-0.7505,-0.45238,1.8157,0.47469,0.61737,-0.15757
2,27.338,1.9667,2.3184,-1.7854,0.58195,-0.7034,-0.91428,0.080727,-0.43122,9.4862,33.452,-1.5237,-1.7979,-2.3578,-2.5753,0.24564,-0.65704,-0.40576,6.2925,-31.406,0.35393,-4.675,3.8765,-2.224,0.1585,1.1673,-0.15699,-29.376,-10.634,-9.88,-1.3876,0.37115,2.9508,0.68563,-0.34929,0.36485,-17.823,6.4088,-5.8523,-0.065477,-0.24675,2.7195,0.82164,0.65078,-0.00628
4,14.694,-2.8329,2.9893,-1.6495,0.25724,-0.69463,-0.83619,0.14566,-0.54232,-6.8669,6.6082,0.1935,-0.092269,0.31476,-0.70533,0.21805,-0.70594,-0.2381,-0.35711,-3.9757,7.3705,-0.81802,0.19552,0.082054,0.33463,0.29231,-0.80248,-8.4297,-2.2572,0.17611,-1.384,0.16744,0.87119,0.43129,-0.17118,-0.12558,-15.443,-2.2255,-2.704,-1.2644,-0.049296,1.9573,0.56858,0.32692,0.022327
9,4.9479,-2.5899,-1.8548,-2.8437,-0.12326,-0.78657,-0.71032,0.61382,0.061439,5.5728,6.2341,6.4242,0.23249,0.20173,-1.3096,-0.4548,-0.25177,-0.74121,8.2515,-4.6179,-1.6243,2.3561,0.68629,-1.0748,-0.71263,0.52309,0.30218,-6.988,1.4399,-3.4092,2.0631,-0.98703,-0.84832,0.81282,-0.043702,0.46705,-5.3175,1.4114,0.32686,2.3406,-0.46705,0.5379,0.69868,0.41358,-0.46285
4,-8.2297,4.4512,5.8514,1.5552,0.75414,0.17029,0.57132,-0.31075,-0.50278,0.66634,9.7468,-4.0876,-1.3955,1.12,1.0506,-0.22762,-1.4881,0.079798,-5.8407,-11.484,3.1009,-1.0816,0.1356,-2.0579,0.036326,0.69772,-0.52985,-14.351,10.171,4.1608,0.26554,0.42246,0.43419,0.5369,-0.21777,-0.21981,-10.508,-4.151,-2.8877,0.26105,-0.30904,0.71903,0.64185,0.24818,0.20312
4,11.379,2.5763,2.9282,0.96393,0.019125,0.36331,-0.73667,-0.48523,-0.38239,-7.0941,8.605,5.8152,0.61606,-1.334,1.6096,-0.15355,-0.5536,-0.51372,3.1291,-5.8737,8.4254,-0.069037,-0.85987,-1.2538,0.15903,0.44481,-0.99495,-11.284,2.4757,0.13043,-0.24791,-0.032763,-0.17583,0.69565,-0.041266,-0.16057,-6.995,-2.1831,0.40104,-1.5465,0.2315,0.98952,0.36814,0.44146,-0.064233
7,10.725,1.0116,-0.8484,-0.085002,3.1232,0.3921,-0.99864,-0.00549,-0.34482,-2.7606,3.9981,7.8394,0.79019,-0.090619,-0.62358,0.59555,-0.1982,-0.66023,2.2643,-0.52556,6.7021,1.334,0.46426,1.2996,0.43532,-0.11585,-0.76461,-0.26009,11.01,-1.6762,1.2806,-0.46814,-1.1483,-0.42315,-0.81825,-0.029833,1.7634,-11.112,-1.3958,-0.312,-0.30932,0.73754,-0.4672,0.76517,0.25239
2,11.378,0.50073,4.0443,-4.6396,-0.25767,0.99978,-0.92267,0.12909,-0.82053,3.2695,11.818,2.4571,0.17641,1.5757,0.78148,0.28237,-1.0546,-0.52393,-4.5824,-17.197,4.5539,1.2916,-0.85467,3.6974,0.64536,1.1092,-0.69852,-30.675,2.9246,-8.6978,-1.0703,1.0109,0.15121,0.1872,-0.80358,0.16706,-12.207,0.18446,-5.0109,0.93337,1.1254,-2.3778,0.73505,0.30291,0.31752
4,8.7251,-0.95862,2.1947,2.4538,-0.39246,0.039454,-0.71978,-0.10482,-0.53979,1.984,8.2237,5.8396,0.30781,1.037,-1.1525,-0.085114,-0.86224,-0.6264,-4.5441,-5.3684,5.1837,0.61364,-0.15877,1.7156,0.26463,0.50393,-0.67693,-11.173,2.2944,-1.3452,-0.22435,0.5568,-1.7469,0.52233,-0.29818,-0.14025,-13.464,1.2659,0.46007,0.22916,-0.075136,-2.5736,0.53408,0.32446,-0.001896
5,8.4101,-0.13625,4.3804,0.22004,-0.07968,0.005703,-0.6474,-0.10881,0.020762,6.9503,4.0225,5.0257,-0.12946,-0.00664,-0.22882,-0.90072,-0.03121,-0.11367,6.2443,-4.6646,6.1905,-0.015947,0.17669,-0.003483,-0.78965,0.010983,-0.64512,1.1319,6.9775,-0.80389,0.63745,-0.6104,-2.4403,0.20207,-0.63052,-0.085537,-1.7992,-11.483,1.6767,0.74241,-0.045938,-2.0036,0.33483,0.48866,0.132
5,9.0871,-0.76179,3.5201,0.011983,-0.018576,0.021294,-0.61342,-0.11532,0.10246,6.1849,6.2465,4.4723,0.026277,0.15562,-0.003881,-0.87202,-0.018468,-0.2474,6.0295,-5.7949,4.7613,0.13249,-0.15823,0.063008,-0.82971,0.14757,-0.6102,-8.6959,10.238,-1.9326,-1.5686,-0.61013,1.5904,0.52282,-0.399,-0.12003,1.7766,-5.7302,-2.3364,-0.55722,-0.47977,2.1054,0.11198,0.5293,0.28859
5,7.4763,0.44175,4.44,-0.057725,-0.074425,0.12743,-0.62541,-0.22604,0.063777,4.3983,6.7332,5.5515,-0.001428,0.14274,0.012194,-0.83785,-0.4377,-0.23824,5.486,-6.3194,4.8906,-0.081142,0.077103,0.081507,-0.80426,0.28184,-0.62324,2.271,5.8382,1.4159,0.83997,0.11757,-1.2954,0.26707,-0.54179,-0.3327,-4.9132,-11.151,-0.060668,0.032863,0.023531,-1.0442,0.38008,0.3119,0.13709
6,9.0768,1.5396,3.5629,-0.88601,0.071547,0.59729,-0.92607,0.37836,-0.070957,-2.6626,5.6678,7.8574,-0.37572,-0.70353,0.37681,-0.33642,-0.26185,-0.87923,0.55233,-3.4398,8.5067,-0.89364,0.41946,0.043942,-0.3104,0.74784,-0.53915,-7.4455,7.3119,1.2059,-0.18466,-0.55936,2.8191,0.55211,-0.48725,0.27655,-8.0156,-9.3724,-1.7039,-0.41287,-0.24779,2.541,0.50816,0.58714,-0.37405
4,8.5106,-1.1768,2.7043,-0.66494,0.10704,-0.08974,-0.74255,0.15543,-0.53749,3.1857,6.9038,6.7094,-0.061438,-0.093319,1.2828,-0.40502,-0.69703,-0.84637,-3.6346,-8.2403,6.5331,-0.78569,-0.50313,-0.77369,-0.10901,0.51888,-0.65535,-7.6257,2.8873,-0.45623,0.99831,0.13126,-1.1627,0.4729,-0.29565,-0.14614,-8.4383,-0.26032,-1.27,0.4823,-0.2701,-0.16116,0.61149,-0.006041,0.26157
6,8.8695,-4.9295,3.9196,-0.003591,0.044578,-0.52581,-0.92931,0.63209,0.13401,1.3284,7.8765,6.6213,0.67826,0.12422,-0.13844,-0.65189,-0.42428,-0.75514,1.5127,-1.5479,8.8517,0.18142,-0.18302,0.028316,-0.56631,0.54759,-0.67266,-4.7529,3.9376,0.97695,0.92872,0.24789,-1.9529,0.46542,-0.5547,0.30027,-9.03,-5.5612,-2.0648,-0.048859,0.71416,-0.67658,0.59065,0.42754,-0.39365
1,12.046,2.2111,2.7836,0.2477,0.69012,-0.54088,-0.86037,-0.22823,-0.61479,-0.4531,7.6764,7.4488,0.31885,-0.4813,-0.28255,0.046826,-0.83268,-0.60766,0.22473,-7.1511,6.8,0.13208,0.28491,-0.83523,0.34354,0.80103,-1.0321,-13.247,7.4817,0.37184,1.1799,-0.34606,0.45364,0.62948,-0.33769,0.13625,-15.032,-25.645,3.7998,1.62,0.91045,1.161,0.14404,0.72269,0.1533
7,9.0591,1.2997,2.0341,0.24903,-0.76659,-0.14592,-0.58328,-0.18876,-0.73706,4.0829,9.3896,1.5577,-0.93921,0.48537,0.6552,0.45755,-0.81162,-0.16287,4.7335,-2.5478,9.3263,0.04457,-0.3886,-1.1249,0.35192,0.001949,-0.89031,1.0956,7.5153,5.0023,0.15759,-0.21273,0.35038,-0.67703,-0.57899,-0.37385,0.50646,-8.5264,0.87381,-0.033573,0.080834,-0.38222,-0.55024,0.80386,0.018193
1,10.367,1.2221,2.7695,0.30907,-0.40674,0.099651,-0.69693,0.13744,-0.50336,-1.2037,9.0183,5.8003,-0.037736,0.44251,-0.70303,0.043786,-0.15185,-0.63181,-0.76081,-6.4297,7.7543,-0.015112,0.44903,0.67308,0.45008,0.8269,-0.59504,-4.6642,6.2196,-5.3439,1.1376,0.71646,0.54317,0.12747,-0.81542,0.39733,-9.9953,-5.6894,-1.5552,-0.31371,0.28068,1.0858,1.0878,0.35508,-0.098441
7,8.5009,-0.035549,5.1739,0.14357,0.047022,-0.027611,-0.45282,-0.077733,-0.84331,-2.89,8.3985,-3.0405,-0.52075,0.59946,0.89014,0.71951,-0.62098,-0.073637,-1.8814,-4.3537,7.8028,-0.050503,-0.48734,-0.75179,0.54036,-0.10789,-0.79345,1.2531,8.6322,3.2529,0.42401,0.003731,0.51942,-0.62052,-0.64018,-0.3707,-0.3178,-9.5498,1.0308,-0.027463,0.085191,-0.52975,-0.47234,0.84934,0.007084
0,8.1073,-1.9044,3.7015,0.57633,-0.050044,-0.13889,-0.69416,0.10123,-0.72523,7.5213,5.0079,2.6097,1.014,0.33248,0.94149,0.076185,-0.63779,-0.8576,9.0258,-2.629,0.99893,0.53864,0.54246,1.5259,-0.86247,1.0798,-0.43584,-9.2282,-1.6273,-2.0845,0.027693,-0.046214,-0.9622,1.0138,-0.20243,0.31858,-6.8686,4.7987,-0.92242,1.8048,0.28403,-0.19251,0.79666,1.0097,-0.43907
2,19.564,-2.6946,-11.288,0.29998,0.5085,1.3767,-1.2024,0.099758,-0.30415,-11.835,28.896,-4.8733,-1.143,-1.9409,-5.0173,0.47553,-0.77805,-0.43437,4.7444,-16.397,15.012,-3.4195,0.63771,-4.7315,0.35342,0.62115,-1.1679,-20.487,8.7797,-7.3403,-1.5054,0.42933,2.4797,0.43004,-0.63941,0.3218,-21.184,24.404,-2.5826,-0.078291,-0.39509,1.0819,0.30101,0.69127,0.27165
2,3.6063,-6.5243,1.3345,-2.5005,4.2549,0.38979,-0.87771,0.21782,-0.5453,4.3379,11.413,-1.2843,0.90843,0.79238,2.4034,-0.77807,-0.5188,-0.2434,6.0637,-3.1384,9.5978,-0.4936,-1.3225,-0.39137,-0.27811,0.60159,-1.0097,-10.111,-11.096,1.5588,0.32463,0.066063,2.4445,0.48913,-0.74656,0.017232,-22.821,-7.0917,-1.719,-0.16274,-1.2843,3.9443,1.1266,0.27311,-0.094198
1,11.708,-1.0995,2.4957,0.63942,0.32341,0.060609,-0.87513,-0.019849,-0.67721,12.633,2.7296,4.9441,0.85062,-1.2371,1.9972,-0.83901,-0.8119,-0.074738,13.56,-4.2198,2.6414,1.5907,0.10882,1.4047,-0.53236,1.0682,1.5117,-12.671,1.2666,-3.3433,1.2911,0.48535,-1.6683,0.13488,-0.57995,0.017987,-10.381,-5.7807,-1.122,0.54232,-0.002565,-2.2876,0.71715,0.1157,0.1196
4,10.945,0.45071,3.9874,-1.2369,0.040713,-0.34435,-0.74296,0.005064,-0.49472,-0.35243,8.1481,4.7394,-0.019715,0.35804,1.103,-0.16068,-0.72682,-0.77068,-3.3003,-7.2854,6.6978,-0.45779,-0.29611,-0.6473,0.073609,0.49254,-0.78264,-7.3757,4.8616,1.512,-0.5817,0.31581,0.50207,0.45986,-0.32779,-0.20491,-12.362,0.45107,-2.3476,-0.63534,-0.34491,1.3342,0.55523,0.12039,0.29457
5,7.7775,1.5833,4.9205,0.54393,-0.24899,-0.030159,-0.63618,-0.18868,0.099206,3.7148,6.8823,5.508,0.10897,0.11524,-0.10865,-0.81016,-0.48921,-0.28524,7.2708,-4.624,3.9615,0.19344,-0.45274,-0.34248,-1.019,0.060072,-0.43407,-4.5645,12.573,1.5651,0.25711,0.018628,0.63567,0.38632,-0.37401,-0.20297,7.3283,-0.48998,-0.17167,-0.62351,0.44968,0.97681,0.13601,0.5982,0.12413
2,-3.0318,1.5597,-2.1395,-0.23715,0.29818,-0.11823,-0.7055,-0.15283,-0.51258,-9.833,1.1406,2.3958,-0.87636,-1.044,-0.2527,0.14451,-0.67796,0.19642,6.8348,5.9846,-1.6499,0.6057,0.003822,-0.5353,0.23226,0.75428,-0.56279,-2.6721,8.4776,5.2278,-0.31501,-0.55199,1.2553,0.75413,-0.2076,0.27318,-6.1245,-23.567,1.0011,-0.70445,1.5039,-0.88443,0.89681,0.76862,-0.022547
8,27.738,-4.3028,13.232,1.2013,-0.57639,-0.13206,-0.4941,-0.000888,-0.61834,22.758,3.5867,3.3912,-0.000857,0.082246,-0.15615,-0.48468,-0.45312,-0.32637,23.515,-7.5933,3.3829,1.2245,0.19431,0.41856,-0.45299,0.40809,-0.40829,-27.913,-10.168,1.0418,-1.4963,0.42077,-0.33136,0.60329,-0.38952,-0.009289,-28.382,7.6375,1.6018,-0.17223,-0.034572,-0.32762,0.60027,0.30557,0.31095
2,0.9639,-0.68664,-0.54189,0.78923,-0.008385,0.27066,-0.75346,0.09877,-0.51058,8.8663,-0.92959,-0.10895,0.82289,1.7245,1.572,-0.000898,-0.75068,-0.026735,-5.1311,-2.441,0.82863,0.61028,-0.9105,1.5712,0.007926,1.0407,-0.23982,-3.4565,-6.1075,-5.066,0.94144,-0.41686,0.79488,0.48492,-0.56402,0.41267,-1.5174,-3.7815,-2.2519,-0.058926,0.48423,-1.8138,1.1669,0.32094,-0.22021
8,8.2706,-0.75065,-0.14328,-0.20628,2.7565,0.81977,-0.78642,0.4189,-0.26659,1.4077,1.6564,0.11356,1.4205,1.1274,-1.1334,-0.64206,-0.10339,-0.27591,3.7928,-3.4499,3.2532,4.6953,-1.5268,0.3193,-0.75351,0.24693,0.25273,-8.1802,3.2559,0.051785,2.8722,0.61466,-0.63079,0.62886,-0.10124,0.57735,-3.8813,1.6012,-1.3775,1.1385,-1.0599,1.6718,0.60521,0.17619,-0.33306
2,3.2059,1.6727,-0.81897,-1.9985,0.9695,-2.2784,-0.60124,-0.31874,-0.82227,-3.0861,3.2662,4.8917,-3.1091,0.12176,-3.5483,0.3963,-0.58482,-0.90537,-0.12746,-8.2338,3.5927,-0.56236,2.6573,0.2886,0.073543,0.63923,-1.1232,-15.028,-3.5748,-2.4696,2.2616,1.0306,2.1625,0.5651,-0.407,0.089549,-36.421,13.5,-0.5241,-3.0742,2.0717,-1.5267,0.30445,0.65316,0.080671
0,10.229,-1.339,2.55,0.13917,-0.36043,0.56608,-0.77575,0.32151,-0.52893,6.6142,4.6681,0.73621,-0.67498,-0.16279,-0.37595,-0.085857,-0.077397,-0.72494,7.7966,-3.1712,3.3368,-0.095663,-0.49941,-0.29058,-1.0431,0.43192,-0.070771,-19.388,34.736,1.5582,-4.8667,-0.000145,0.17164,0.67054,-0.72322,0.31786,-9.1903,-4.6146,0.37258,-0.67848,-0.17291,0.71828,1.2554,0.33594,-0.066179
5,8.9483,0.77197,2.5868,-0.072567,0.020103,0.00342,-0.83212,-0.24956,0.026018,-1.0198,6.1843,7.2339,0.00617,-0.027494,0.057058,0.3577,-0.64198,-0.048362,0.047351,0.21838,9.5951,0.020769,-0.072712,-0.033548,-0.59563,-0.20216,-0.617,-0.57691,10.275,-1.9445,-0.9833,1.1383,2.6127,-0.043831,-0.70172,-0.21216,-2.0282,-11.252,-2.6566,0.28827,-1.1416,2.5127,0.15931,0.40563,0.44337
1,7.9416,1.1468,3.4699,-0.34539,-0.912,-0.002139,-0.84399,-0.1539,-0.66662,-0.14389,5.7732,7.1528,-0.208,0.80021,-0.52284,0.2495,-0.66656,-0.7602,-0.16677,-6.0116,7.687,-0.14788,0.92755,0.29267,0.22296,0.52648,-1.0958,-6.2226,-0.68073,-0.058254,-0.49476,0.45358,2.079,-0.10051,-0.83876,0.045266,-9.7489,-0.82352,-1.3825,-0.57525,0.13427,2.0783,0.65765,0.41954,0.052989
9,8.1351,1.6277,-0.55627,-0.84194,0.62757,0.9442,-0.73922,0.21571,0.42628,7.8479,2.0457,-9.3186,-3.6854,-4.7254,-1.8013,-0.015133,-0.85018,-0.16912,-0.11747,-7.2637,-0.52314,0.85464,1.0676,0.95909,-0.38838,0.77162,-0.014141,-11.625,3.8178,0.99754,1.4379,1.0078,0.32076,0.88006,0.24099,0.081069,-9.2149,-3.5285,-0.46334,0.5316,-0.5232,0.3961,0.90846,0.079378,-0.34309
8,1.7494,-0.25883,2.1153,0.50888,-1.1361,0.25076,-0.58135,0.43723,-0.37508,3.1277,3.2107,2.8531,1.012,-0.33326,0.36133,-0.32768,-0.26791,-0.65059,1.7942,-2.5354,-0.61401,2.7338,-0.74967,0.11172,-0.53531,0.24595,0.46624,-3.5078,2.1096,0.35672,-1.5642,0.56905,1.0129,0.50497,-0.084779,0.46345,-2.3163,-1.7927,-3.3628,0.020426,0.027895,-0.99372,0.49088,0.23738,-0.36429
5,9.4452,-0.41138,1.7606,-0.078166,0.098304,0.23896,-0.58478,-0.26262,0.1817,0.049351,7.5378,5.6702,-0.11958,0.008061,0.057617,-0.13676,-0.56128,-0.060251,1.0772,-4.1081,8.8453,-0.17153,0.13031,0.18905,-0.42097,-0.050233,-0.62784,3.1312,6.1361,0.85156,0.43288,0.14662,-0.62941,0.15723,-0.61323,-0.3195,-2.3206,-10.903,0.30505,0.85618,-0.279,-0.78802,0.26879,0.39598,0.18891
4,-6.9607,6.8023,6.4345,-1.3961,0.26925,0.63014,0.5639,-0.22546,-0.55246,1.2453,9.0071,-3.7739,0.39067,-0.24526,-1.1387,-0.29166,-1.1649,0.20669,0.47191,-9.9963,2.1628,0.206,-0.97598,0.86486,0.20078,0.72576,-0.59623,-14.636,0.10492,-1.3071,-0.17568,-0.058682,-1.6032,0.62482,-0.20915,-0.12142,-14.065,2.6807,-0.023118,-0.2268,0.65766,-2.137,0.46642,0.41393,0.16163
9,8.3344,-4.2816,-1.7165,0.92435,-0.090054,-0.006521,-0.93796,-0.092919,0.51936,4.2681,6.1513,3.2131,1.9443,1.4232,3.0604,-0.28972,-0.92601,0.29785,-2.7912,-1.6868,-2.1334,-0.79844,-3.2666,-1.1866,-0.15212,0.48621,-0.86718,-9.376,1.5777,-2.0727,-0.87235,-0.37083,0.58132,0.97638,-0.054054,-0.43406,-7.9535,-0.9,2.139,-0.8319,0.61188,1.5725,1.0871,-0.12577,-0.099606
6,9.4858,-1.759,0.20253,0.37597,-0.028308,-0.32479,-0.84696,0.35114,0.38699,3.9628,0.7354,8.8272,0.030657,0.17243,-0.055919,-0.96023,0.02546,-0.60556,0.97379,-1.4371,9.7576,0.069009,-0.19671,0.054578,-0.52607,0.59287,-0.7475,-8.386,6.7337,-2.5911,1.2599,0.006589,-1.8219,0.61617,-0.30719,0.31167,-7.4334,-8.7806,-2.9975,0.86485,0.086276,-1.4353,0.67107,0.4633,-0.13523
0,7.5183,-0.76375,2.5036,-0.001267,-0.031931,-0.18596,-0.69471,0.00985,-0.57362,7.2751,4.1599,1.3607,0.1342,0.18215,-0.12641,-0.41592,-0.49129,-0.73142,5.532,-1.3593,1.3318,0.39683,0.59389,1.0206,-0.40802,0.99068,-0.81421,-8.5095,-0.045444,-1.7401,0.1143,0.015252,-1.0421,0.68393,-0.39634,0.32415,-4.7221,5.0973,-1.0777,0.065361,0.19072,0.22872,0.77572,0.89373,-0.35771
1,4.8105,0.5414,1.2814,-0.75451,-0.31776,0.12338,-0.87961,0.007988,-0.49917,5.1781,1.9693,1.391,0.24805,0.47323,-1.1182,0.4574,0.46561,-0.74389,4.0217,-2.6145,2.6931,-1.5249,0.30817,0.068875,-1.0537,0.89936,-0.072699,-5.7009,-3.3929,-0.54427,-2.0934,0.11331,1.6642,0.50024,-0.59057,0.43675,-8.8805,-2.7105,-0.023561,-0.37781,-0.24847,1.9121,1.0175,0.44397,-0.10855
5,8.0855,1.4586,5.387,-0.13601,0.039261,0.29659,-0.55359,-0.26896,0.022784,6.5809,4.6291,5.4405,-0.036094,-0.1984,0.19093,-0.88368,0.061336,-0.25959,6.1985,-5.3192,4.8947,0.04189,0.040815,0.15708,-0.90909,0.076874,-0.55213,3.221,5.9811,1.4776,0.3551,0.30917,-0.59697,0.29201,-0.57528,-0.28054,-0.85228,-12.098,-3.2537,0.9948,0.55363,-0.5215,0.38157,0.34512,0.25855
1,10.151,0.1529,5.3942,-0.10299,-0.18263,-0.10809,-0.86005,-0.15654,-0.68341,10.197,2.811,4.0556,-0.31104,0.18188,-0.19013,-0.6924,-0.51462,0.035255,6.6542,-4.5272,1.6125,0.23642,0.005306,-0.23828,-0.63467,1.7535,-0.29496,-10.592,-1.1668,-2.2668,1.072,0.040814,-1.0829,0.66381,-0.13488,0.17718,-5.987,-5.1887,-1.0173,1.7402,0.13074,-0.18612,0.003734,0.64255,0.004608
7,7.4193,-0.74159,6.516,0.14217,0.046819,-0.052701,-0.29147,0.024806,-0.91646,-7.2017,-0.49632,6.0434,-0.032719,0.95246,-0.48404,0.90646,0.2307,-0.25176,-5.6183,2.1016,8.7432,-0.33654,0.63653,0.3282,0.68009,-0.44786,-0.49998,-1.4274,9.7618,0.77555,0.034493,0.020707,0.22455,-0.36265,-0.84062,-0.27426,-0.096204,-9.8777,0.54773,-0.094969,-0.028075,-0.2074,-0.51839,0.81846,-0.011084
4,14.142,1.0125,2.1864,1.5833,-0.44095,0.01349,-0.82836,-0.20601,-0.24141,-2.7101,6.0805,5.8556,0.2133,-0.59566,0.027056,-0.076565,-0.60758,-0.89173,0.10865,-9.0819,5.2021,0.19533,-0.37601,-1.4161,0.27009,0.53914,-0.87158,-13.49,-2.5931,-4.1484,0.48956,-0.18662,-1.5574,0.68581,-0.07575,0.031942,-10.955,-0.59883,-0.68376,1.6896,0.54558,-1.2293,0.38367,0.38348,0.25812
6,5.7082,-7.1773,-1.3618,0.04076,0.01562,-0.15143,-0.27682,0.86373,0.31261,-2.5065,8.233,4.7137,0.036594,0.15239,0.31526,-0.35609,-0.64622,-0.61943,-2.5939,-6.5384,6.5777,-0.20376,-0.23915,-0.1838,0.074721,1.2277,0.050536,-11.821,5.7224,-6.3847,0.46299,-0.34113,0.56096,0.57947,0.18813,0.22877,-2.0419,-4.16,0.65031,-0.039076,0.06869,-0.51511,0.45155,0.63499,-0.22054
6,8.2816,0.7077,4.5933,1.1103,0.30081,-0.28952,-0.88232,0.44436,-0.16139,-1.36,4.5824,8.132,0.13823,0.21845,-0.19279,-0.45541,-0.21641,-0.86726,2.5481,-4.2885,7.6576,1.3724,-0.67585,-0.15662,-0.50637,0.58076,-0.61488,-11.101,10.975,-0.81181,0.036266,-0.31807,-2.0366,0.56032,-0.37807,0.31739,-5.1287,-8.1087,-0.3044,1.0415,-0.12261,-2.3929,0.40929,0.64493,-0.47706
4,0.61416,-5.6289,-1.3208,2.9135,-0.098063,-0.039251,-0.7452,0.21319,-0.66416,4.7412,7.8439,2.9872,-2.1174,-0.29084,-2.3026,-0.22066,-1.0529,0.027139,-4.5739,-4.8931,5.4839,0.68602,1.742,3.3226,0.16397,0.3559,-0.77297,-10.514,2.4592,-1.7238,-1.778,0.67185,0.07187,0.53328,-0.24507,-0.20282,-16.275,0.82559,-0.37898,0.014109,1.9606,-3.0321,0.47943,0.35547,0.11814
7,10.341,-0.32676,-0.41126,-0.18725,0.72258,-0.025043,-0.84707,0.037426,-0.54992,5.4589,0.44739,8.1609,-0.024721,0.21165,0.009889,0.02763,0.15909,-0.93511,4.43,-3.197,9.0366,-0.066032,0.20945,-0.006529,0.10967,-0.013135,-0.94199,0.65453,9.2124,1.7215,0.20953,0.22922,-0.63161,-0.5994,-0.71524,-0.28718,1.9536,-8.9915,-0.38882,-0.12259,-0.019824,0.639,-0.67161,0.71566,0.006405
3,5.9151,-0.042624,0.83958,0.085473,-0.1862,0.1415,-0.6658,-0.069563,-0.67962,4.2216,4.8947,5.8265,-0.12587,-0.52597,1.0598,0.71263,-0.30601,-0.30533,3.0812,-4.2241,7.8727,-0.47821,-0.73079,-0.29815,0.16017,0.28467,-0.64927,-6.5091,1.2489,-2.8762,0.97751,-0.071094,-1.7305,0.83926,-0.35398,-0.2203,-7.4615,-6.5778,-1.083,0.17242,0.45686,-1.5766,0.78315,0.49762,0.37235
7,6.8613,-0.64206,7.6491,0.28959,0.32245,0.52548,-0.34723,0.08087,-0.97273,3.4434,-1.7091,11.376,0.069985,1.1,-0.92571,0.22366,0.26552,-0.90998,3.4703,-2.7322,13.393,0.49204,1.0822,1.0024,0.24585,-0.035508,-0.95011,-2.3413,11.158,-0.073908,0.089028,-0.066525,-0.10373,-0.27457,-0.91934,-0.17483,-1.6407,-11.615,-1.785,-0.18989,-0.008716,0.21587,-0.37942,0.89107,0.15636
9,9.5827,1.2552,1.3026,0.052168,0.041501,0.10143,-0.79202,0.25332,0.094029,5.401,8.0323,-2.1376,0.14623,-0.54302,-0.63919,-0.64738,-0.50035,0.000273,6.0321,-3.8584,6.1335,-0.087763,-0.01104,0.75367,-0.73821,0.39046,-0.23242,-8.7399,-1.254,-1.9643,-1.1949,0.44299,-0.1362,0.75018,0.15606,0.33777,-9.5764,1.3584,-1.8535,0.004216,-0.14304,0.005173,0.76792,-0.33561,-0.023044
6,7.6708,-6.3991,2.1786,0.044916,0.078277,-0.32996,-0.42577,0.85379,0.095363,9.1194,3.5018,0.63656,0.8277,-0.041463,0.44056,-0.7832,0.27633,0.075953,9.4863,-3.6814,-0.44775,0.22852,0.086138,0.15237,-0.66699,0.33225,0.40836,-10.642,3.9402,-2.0676,-0.61828,-0.09845,1.0951,0.67639,0.052081,0.17399,-4.0882,-6.79,-3.3033,-0.72099,-0.17162,1.6649,0.50654,0.58698,-0.14279
8,-2.1366,-0.79684,-5.2597,0.29751,-1.617,1.1202,-0.6306,-0.041691,-0.083293,-1.5051,0.18442,-2.6404,-1.2659,0.84885,0.56621,-0.48251,0.005027,0.1165,-0.65353,1.525,-0.9298,-2.3097,0.6773,-0.95931,-0.47214,-0.13158,0.062684,0.47536,-3.9189,-2.9444,-0.16878,-0.39117,1.216,0.41305,0.18231,-0.056653,-1.3633,4.1317,-1.4505,-1.5659,0.55724,-1.1808,0.42734,-0.13421,0.094946
5,9.8153,-1.0133,1.9032,0.13016,0.066966,-0.24175,-0.60223,-0.22742,0.17427,1.1318,6.7793,7.2889,0.13878,0.055076,-0.14588,-0.20525,-0.518,-0.16356,1.5185,-2.3055,9.5224,0.1248,-0.066838,-0.082784,-0.45311,-0.15667,-0.57727,-4.4945,9.4661,-1.3491,-0.078571,-0.16225,0.84881,0.33233,-0.50026,-0.19451,2.3665,-6.0885,1.3682,-0.56275,0.15956,1.2528,0.07015,0.59225,0.12889
9,6.7375,-0.084305,3.5212,0.85296,-0.22988,0.01011,-0.456,-0.094105,-0.82813,-3.3773,-1.585,4.2172,-2.3779,0.46249,0.69905,0.74151,0.56517,-0.24593,-7.8877,2.9284,-0.98338,0.096102,1.2404,0.15992,0.57365,-0.38804,0.64223,-7.16,1.3251,-8.7687,-0.026023,1.257,0.38756,0.72312,-0.58933,-0.024951,-9.9005,-4.3356,2.7779,0.15421,0.14276,-0.2287,0.57415,0.70134,0.37736
5,9.257,-1.0902,3.2431,0.31737,0.027376,-0.47512,-0.61442,-0.11682,0.10829,6.5366,4.1296,6.0685,0.14991,0.33275,-0.2523,-0.89048,0.084761,-0.20973,4.9376,-6.1563,5.8376,0.007841,-0.44923,-0.12528,-0.74684,0.18898,-0.7127,-9.7348,10.388,-0.95244,-0.28596,-0.32457,-2.8482,0.49216,-0.45629,-0.082406,0.61332,-9.7114,-0.93056,-0.48023,-0.2261,-2.1649,0.17317,0.5473,0.20605
3,9.7868,0.77673,-1.8356,-0.5003,0.52959,0.89001,-0.81826,0.036228,-0.67059,0.64827,9.7121,-0.11897,0.51528,0.30053,3.6818,0.98911,-0.44317,0.29387,2.3289,-5.0988,8.2892,-0.3016,-2.1466,-1.4405,0.12069,0.38088,-0.65346,-14.539,4.9785,0.20277,2.6393,1.6334,-2.626,0.83528,-0.39482,-0.38708,-11.994,-2.548,1.1584,-0.96697,-0.1485,-0.97342,0.78488,0.23159,0.52182
4,10.851,-1.088,2.2553,0.051029,0.11913,0.16701,-0.88189,-0.19824,-0.50651,-9.9869,13.94,-4.5311,0.13169,0.87232,3.0273,-0.15836,-0.65423,0.19765,2.3614,-6.3015,8.895,-1.6092,-0.78442,-3.1201,0.10686,0.54692,-0.91964,-9.3783,5.7838,-0.1461,1.954,-0.51587,-0.32795,0.67266,-0.13242,-0.17461,-5.9921,-0.61523,4.4313,1.7325,0.096939,0.71642,0.40109,0.43213,0.030921
2,2.9579,2.5964,0.88904,1.4798,0.28082,0.19784,-0.70267,-0.23864,-0.4903,-5.733,6.4837,-2.5319,1.1929,3.1487,0.24458,0.086514,-0.64844,0.074933,5.5621,-1.5564,-2.3595,0.99701,-1.1176,1.1116,0.2696,0.83648,-0.49701,-4.2894,15.777,-12.79,0.48714,-2.521,-1.7191,0.7727,-0.24852,0.29835,5.6738,17.198,0.053733,3.2783,-2.0215,-0.51413,0.86185,0.68008,-0.37744
0,11.746,-1.4923,3.1457,0.63107,0.15484,-0.12418,-0.84525,0.10068,-0.58453,11.788,5.1607,6.0085,0.52558,1.1385,-3.6187,-0.1225,-0.29852,-0.79938,11.705,-1.546,1.8819,-0.059603,-0.12702,-0.91731,-1.3436,1.4897,-0.15379,-11.289,-0.30215,-2.7255,0.42286,-0.43517,-0.38764,0.70106,-0.015428,0.41934,-5.5471,-1.0126,1.5513,-2.7922,0.29404,-0.052773,0.74592,0.65794,-0.27394
2,-0.87235,-1.5002,-0.86793,0.53565,0.043412,0.37937,-0.87874,0.13156,-0.8373,5.8865,6.5943,-0.30619,-0.28947,1.256,0.74609,0.37454,-1.0285,-0.65063,-4.1767,-8.5133,2.761,0.1528,-0.73778,2.6763,0.48612,1.1996,-0.57541,-2.1213,0.34021,-3.5601,-0.86069,-0.58219,1.2981,0.20719,-0.82406,0.20538,-2.1089,-8.5599,-4.4754,0.94319,0.2774,-1.6397,0.76022,0.22544,0.29921
1,8.9039,2.0931,1.5429,-0.27564,0.68961,-0.50002,-0.76044,-0.22716,-0.72789,1.8115,6.4897,6.1571,-0.26536,-0.85525,0.45138,-0.059581,-0.79872,-0.67189,1.3148,-6.0853,6.5241,-0.019894,-0.56868,-1.069,0.15881,0.77765,-1.1405,-12.549,-3.984,-1.0572,0.44699,-0.70642,2.2408,0.50579,-0.49373,0.1229,-11.805,3.1759,-1.0208,-2.7179,-0.59797,1.8463,0.25999,0.71908,0.046706
2,19.779,-0.24153,-5.6834,-1.0803,-1.103,0.3622,-0.91634,0.30684,-0.48985,4.3861,8.8122,-5.4056,-0.013627,0.93849,-2.5537,-0.74713,-0.64108,-0.19407,4.8499,-4.2968,11.254,-0.54113,-0.95623,2.201,-0.11314,0.35936,-1.0884,-5.373,-14.352,-1.9415,3.1698,0.74545,-2.4896,0.54713,-0.73774,0.018538,-28.927,-4.0648,2.5294,1.8555,1.5326,-3.4811,1.0279,0.36158,0.092108
9,9.6006,-1.0143,1.9743,-0.3097,-0.011234,-0.29924,-0.77892,0.30269,0.049057,7.0732,7.9302,-0.16438,-0.44934,-0.3929,0.27294,-0.72203,-0.38532,-0.059793,8.0849,-3.9585,4.8315,-0.051827,-0.082656,0.038781,-0.84609,0.18,-0.14728,-9.9981,-0.19042,-1.0454,0.24646,-0.30812,-0.11809,0.72349,0.23139,0.35388,-9.0671,1.5813,-2.2104,0.24228,0.41598,0.22335,0.77212,-0.29153,-0.13096
2,16.847,-3.7789,-5.5354,-1.2573,1.2082,-0.09808,-1.14,0.10629,-0.48405,-10.652,40.46,-6.221,-1.8906,-3.2008,-5.0542,0.38371,-0.79143,-0.28303,1.2684,-17.158,11.5,-0.21337,0.13522,-5.885,0.6296,0.44633,-1.0897,-26.514,10.28,-6.1797,-1.9443,1.2783,3.2451,0.42455,-0.62287,0.31606,-18.443,30.785,1.8229,-0.25863,1.6237,-0.56078,0.33032,0.69539,0.22533
3,9.5632,0.39267,3.0808,0.70766,-0.37706,0.000324,-0.68066,-0.20007,-0.63483,4.0583,4.4793,7.5048,0.90364,-1.0335,0.21246,0.19517,-0.41405,-0.8516,4.0862,-4.3297,9.0556,-0.052729,-1.6862,-1.2744,0.076229,0.37817,-0.93102,-12.601,6.2041,2.53,-1.2589,0.084187,1.4015,0.80054,-0.064942,-0.50096,-6.5014,-1.0926,1.4997,-1.3141,0.26249,2.6199,0.62991,0.81708,0.25447
4,10.479,-0.68056,-0.58154,0.74673,-0.20667,-0.6697,-0.92124,-0.16551,-0.31876,-0.25477,10.181,3.994,0.085597,-0.35928,0.73084,-0.45506,-0.5676,-0.33067,1.2799,-8.1219,5.042,0.21773,-0.26655,-1.5674,0.22038,0.74652,-0.75872,-9.3262,1.5191,-0.010461,-0.041495,-0.013174,0.08834,0.71387,-0.18814,-0.045712,-6.4413,-3.4222,-2.7471,-0.49034,-0.12844,0.61861,0.38708,0.47232,0.14238
0,8.4832,-0.4923,4.2089,0.005752,-0.24939,-0.074253,-0.81739,-0.10226,-0.89797,7.9313,3.46,3.5979,0.049601,-0.14028,-0.096663,-0.74741,-0.68388,-0.31155,6.9379,-2.1485,2.1208,0.25907,0.34858,0.30662,-0.67762,1.1316,-1.2579,-9.1446,-1.7624,-2.2808,0.46951,0.031604,-1.088,0.57126,-0.40614,0.32144,-6.4772,2.9672,0.66424,0.096101,0.14252,0.28802,0.25546,0.70347,0.36668
1,5.5134,1.0912,1.4381,-0.80737,0.16684,0.13054,-0.85871,-0.026376,-0.5098,6.0173,0.76022,2.2456,-0.2295,0.48578,-1.0558,0.7499,-0.031779,-0.94674,4.4984,-1.5743,1.941,-1.4975,0.11163,-0.21211,-1.0266,0.85135,-0.09658,-7.829,-2.6593,-2.0663,-1.6459,0.58778,2.3205,0.60145,-0.48123,0.45964,-9.1976,0.25343,-0.84578,-0.66465,0.031616,2.119,0.99179,0.5655,-0.095545
8,0,0,0,0,0,0,0,0,0,0,0,0,0,0,0,0,0,0,0,0,0,0,0,0,0,0,0,0,0,0,0,0,0,0,0,0,0,0,0,0,0,0,0,0,0
8,10.256,-2.3695,-1.7866,-0.13161,-0.14554,-0.21722,-0.59285,0.37044,0.39589,10.221,1.4099,0.49718,0.14072,0.27494,-0.57098,-0.60214,0.19525,-0.27246,9.5478,-1.6265,2.5161,-0.014234,0.072928,0.41574,-0.76408,0.29969,0.075234,-9.3502,1.3029,-1.3694,-0.09037,0.0822,0.16178,0.62277,0.10969,0.57775,-9.9713,0.063458,0.073558,-0.057248,-0.018563,0.004487,0.62325,-0.248,-0.26804
3,10.312,0.024209,1.2096,-0.69238,-0.001211,0.069851,-0.72776,0.075507,-0.56102,5.2871,7.1143,4.7341,0.013247,-0.14085,-0.39211,0.18846,-0.34801,-0.13312,3.6768,-5.6799,6.6005,-0.029773,0.76008,0.75632,0.088927,0.40856,-0.71253,-9.2788,2.3979,-0.95855,-0.79634,0.088093,1.3888,0.53078,-0.77224,0.01921,-10.913,0.020068,-2.874,-0.6432,-0.089236,0.96925,0.85675,0.4198,0.13686
2,-1.5678,0.98345,-2.1992,0.6448,1.2292,-0.67409,-0.41324,0.091657,-0.78699,1.9126,6.2819,4.2979,0.1661,0.63571,-2.1988,-0.1405,-0.18711,-0.66156,2.6945,-5.0106,5.9198,0.26997,1.4226,1.0245,0.27863,0.70087,-0.83561,-3.3829,4.7126,-0.94548,-0.56657,0.30136,2.4184,0.83246,-0.19917,0.37933,-1.3656,5.5629,7.256,0.28471,-0.52614,-0.048929,0.75194,0.73519,-0.22983
5,7.6323,0.20403,6.1441,0.23906,0.011931,0.08385,-0.78453,-0.094057,-0.032144,4.5051,8.6425,0.72174,0.12559,-0.045943,-0.060668,-0.80214,-0.28775,-0.27062,7.2274,-3.5514,5.5528,0.058156,-0.040179,-0.20746,-0.98582,-0.14063,-0.64209,-10.406,17.741,0.25901,-0.55749,-0.6586,-2.0345,0.31785,-0.38086,-0.20111,-1.1677,-1.6865,-2.2625,0.32015,1.1404,-3.091,0.13229,0.52992,0.22069
2,13.126,-1.304,6.5118,0.62059,0.40264,0.56938,-0.74859,0.15199,-0.54377,-1.9255,11.107,6.0582,0.53661,-0.74912,0.96842,-0.008146,-0.16985,-0.67714,-1.2597,-7.2594,11.353,-0.20659,-1.205,-0.95764,0.40706,0.7246,-0.78292,-13.177,-4.1396,-11.265,-1.0549,-0.7988,-3.3874,0.59359,-0.58936,0.41367,-17.026,1.753,-3.5439,-1.2053,0.02298,-3.2724,0.73487,0.75428,-0.15912
9,8.4381,1.588,-0.94058,-1.0222,-0.71522,0.1833,-0.81568,-0.376,-0.24072,-3.5315,2.8527,-8.5963,-4.7293,-1.0421,-0.89973,0.25233,-0.86678,0.11304,4.9534,-4.6885,1.1616,-1.7097,0.1793,0.99577,-0.59364,0.25786,-0.63867,-6.1811,3.1175,-10.939,4.1913,0.10142,-1.0405,0.74402,-0.5401,-0.069709,-9.125,-3.2833,0.49008,0.77952,-0.058392,0.80654,0.69066,0.3061,0.52433
0,9.1575,1.8277,1.2962,-0.77265,0.010431,-0.19808,-0.63589,0.013438,-0.62132,9.398,4.9278,0.40094,-1.1196,-0.076699,-1.0984,-0.5967,-0.51348,-0.91169,8.9438,-3.5718,4.4394,-0.059669,-1.1977,-2.4856,-0.83072,1.0783,-0.72153,-14.654,-4.6865,-3.0276,-0.20719,-0.3206,2.2164,0.69647,-0.40112,0.20074,-9.3888,-4.372,-6.9128,-1.5033,-0.93134,2.2609,0.87502,0.80746,-0.19149
9,4.0697,-3.3276,-0.40266,-0.76901,1.8825,0.91892,-0.72026,-0.13778,0.42666,10.19,-1.4153,2.6387,9.8757,1.0417,-1.3403,-0.77859,0.21778,-0.12734,2.9135,3.133,1.2228,-3.8423,1.2124,2.0342,-0.79382,0.26124,-0.062313,-6.3774,2.3118,-2.6332,1.2708,-0.36567,-1.2377,0.69539,0.42829,0.38719,-4.9472,4.8839,-2.0882,3.5038,0.38889,0.16736,0.73833,-0.35483,0.046545
0,10.798,1.1414,0.090321,-0.93371,0.34707,-0.15319,-0.78343,0.087476,-0.59473,13.636,5.709,1.9543,-0.68332,-0.41584,-0.46893,-0.21977,-0.096536,-1.6308,14.772,-2.24,2.9245,-0.079902,-0.32968,-2.2612,-1.1184,1.0819,-0.40611,-12.848,0.052828,0.73517,0.89821,-0.86036,1.1675,1.0196,-0.085478,0.24421,-8.4086,5.1982,-0.8967,-1.6427,-0.13156,0.39803,0.82464,0.82015,-0.41386
5,9.442,-0.094178,3.2643,-0.12955,-0.065082,0.086722,-0.85058,-0.22393,0.019597,-0.45921,6.1424,7.8495,-0.006356,-0.040068,0.030526,0.3221,-0.64604,-0.074349,-0.27238,0.31878,9.9944,-0.014594,-0.030597,-0.014161,-0.58405,-0.18843,-0.63058,7.0493,0.36461,4.2892,-0.28966,-0.27327,0.17783,-0.15852,-0.69315,-0.31911,-0.1009,-13.947,-3.5279,0.12397,0.27862,-0.21156,0.25049,0.30987,0.42985
1,12.368,-0.080007,1.9196,0.39594,0.87514,-0.079,-0.72128,0.13961,-0.5412,-1.6591,10.309,5.5418,0.37237,-0.15278,-0.008341,0.084411,-0.17204,-0.62354,-1.2658,-7.6059,7.5061,0.00372,-0.33004,-0.35676,0.53403,0.82007,-0.60167,-11.731,7.1298,-5.9587,1.2683,0.17422,0.033613,0.83918,-0.12286,0.40033,-15.356,-7.4891,5.083,3.5282,0.33851,1.3597,0.53764,0.81733,-0.20893
2,1.1958,-2.6155,0.044371,2.4025,0.72388,-0.52805,-0.71701,0.059395,-0.81075,5.9938,-1.7672,-3.2868,0.93311,-1.1937,1.5207,0.504,-0.70344,-0.62194,-7.3374,-0.37763,3.7793,-0.18528,-0.49135,0.61155,0.3923,1.0144,-0.47723,-0.25311,6.2453,-2.3359,-1.3583,0.58177,0.54943,0.21113,-0.67183,0.11247,-0.010366,-5.3288,4.9436,-0.29212,-0.54814,-0.46513,0.74396,0.18752,0.021977
2,6.874,-4.8137,-0.54882,0.90553,0.13987,0.79545,-0.84223,0.29059,-0.46887,6.8575,-1.0315,0.80544,3.1575,0.88001,5.2522,0.16153,-0.55205,-0.55714,-3.0245,-17.869,-2.5052,0.2923,-1.2967,2.2652,-0.40731,1.0854,-0.034876,-23.295,-17.154,5.3537,-2.5411,0.59839,-2.2005,0.75751,-0.64399,0.32472,-18.94,-2.7639,-7.1811,0.67746,0.87065,-2.0483,1.1519,0.56104,-0.18273
5,10.277,-0.39521,2.6951,0.081446,0.16123,0.15624,-0.83072,-0.25711,0.043124,-1.4092,6.7503,6.9962,-0.028753,-0.01328,-0.042902,0.34188,-0.66046,-0.011676,-0.39635,-0.17905,10.476,-0.008575,0.23795,0.024285,-0.58954,-0.18573,-0.62466,-2.121,13.62,-4.6664,-0.10549,0.72753,1.6642,0.006471,-0.69637,-0.14328,1.9883,-6.2053,-2.5692,-0.405,-1.2211,2.0523,-0.026911,0.47705,0.46164
6,8.7381,2.0101,4.5787,-0.66568,0.13141,0.17356,-0.92667,0.2517,-0.094508,2.5237,7.4862,5.6958,-0.1794,-0.14561,0.091339,-0.78393,-0.41345,-0.56878,1.7628,-3.8435,8.6978,-0.071116,0.15546,0.058423,-0.70715,0.6167,-0.58134,-9.6044,8.4267,0.061969,-0.5085,-0.51852,1.8264,0.69034,-0.32574,0.15687,-8.3716,-7.2351,-4.2149,-0.99933,-0.55245,2.241,0.6214,0.57468,-0.072682
3,7.6375,-1.0235,1.6543,-1.0017,-0.65483,0.059068,-0.72315,-0.048804,-0.61927,3.8952,3.5552,5.1541,-0.5239,0.078823,-0.56873,-0.09369,-0.27208,-0.87665,7.2031,0.31175,5.1637,0.21119,0.33318,-0.13284,-0.40005,0.078166,-1.0367,-8.6641,0.72737,-0.38647,0.65001,-0.1684,1.5607,0.86188,-0.22978,-0.35678,-8.5436,-2.9874,-0.60334,0.63991,0.15496,0.95649,0.8116,0.50848,0.2962
3,9.7029,-4.7957,3.4063,0.65453,-0.45035,-0.84043,-0.63943,0.084128,-0.69972,3.626,5.0242,10.064,0.45528,0.95567,-0.31173,0.075143,-0.36225,-0.87937,3.0325,-5.6968,9.729,-0.71758,1.1432,0.13442,0.079074,0.14924,-1.0266,-9.895,0.14103,0.11556,0.78137,0.19297,-0.78364,0.81642,-0.1477,-0.4426,-8.9944,-4.1874,0.97267,0.69541,-0.22115,-1.8154,0.68618,0.80132,0.15788
9,9.2193,-5.5028,-0.20152,0.57733,1.8046,-0.12732,-0.79347,0.35191,-0.51044,3.681,6.9576,11.868,-0.35029,4.2392,-0.88848,-0.33368,-0.25665,-0.92507,2.0314,-10.845,2.8757,-0.20933,-0.020327,-1.5461,-0.001429,0.94421,-0.33021,-10.643,-4.9815,-1.8045,-2.1195,0.46839,0.035875,0.7973,-0.67338,0.16272,-10.776,-1.4813,-2.4826,-1.4223,-0.39321,0.6012,0.93045,0.57744,-0.1265
3,4.3615,0.74812,0.57407,1.205,0.31057,-0.19957,-0.69712,-0.22717,-0.60998,3.446,4.6166,6.2404,-0.57808,-0.9725,-0.41713,0.14794,-0.55553,-0.75985,5.4287,-0.6397,4.7134,0.26735,-0.18739,-1.1783,-0.21648,0.33718,-0.99,-6.5501,-3.2446,0.73357,0.55003,-0.50392,1.54,0.8478,-0.15126,-0.40207,-4.3651,-2.7858,-2.0846,-0.79426,0.4463,1.5371,0.77826,0.60207,0.30316
7,7.3534,-0.36453,6.6032,0.30788,-0.52916,0.1103,-0.28093,-0.017863,-0.91341,-5.2642,3.2912,7.3226,-0.052028,-0.38523,0.088319,0.84736,-0.16827,-0.39759,-3.6833,0.19081,9.0142,0.04678,-0.36282,0.091149,0.65479,-0.35053,-0.58399,2.3104,9.4287,0.11479,0.076181,0.002288,0.043873,-0.67086,-0.64272,-0.23006,3.3505,-8.9996,0.82056,0.13228,-0.03813,0.004796,-0.7807,0.56396,-0.035521
8,-3.8758,0.30148,-0.538,0.013057,-0.28014,-0.47455,-0.68508,0.43766,-0.20502,-0.50614,-2.6045,-2.2367,1.5273,-0.10727,0.44638,-0.38808,-0.49166,-0.49182,1.6428,3.0956,-0.26196,0.10749,0.61535,-0.20772,-0.090056,0.42534,0.65605,-0.47791,4.105,1.9975,0.15412,0.34296,0.59316,0.48628,-0.026597,0.51696,0.75893,-2.4099,0.8371,-0.36361,-0.18317,-0.18062,0.47328,0.007284,-0.4766
5,9.7553,-1.0879,1.6111,-0.012609,0.12138,0.17317,-0.59947,-0.23278,0.19196,-0.23513,8.2346,4.9045,-0.12147,-0.055783,0.009759,-0.13225,-0.56573,-0.018313,0.55761,-5.216,8.4221,-0.18041,0.10348,0.045675,-0.38111,0.039511,-0.64749,3.4229,5.5972,0.55849,0.42326,0.23233,-0.95169,0.15886,-0.60581,-0.32238,-2.3516,-11.031,0.29227,0.772,-0.13011,-0.94776,0.25974,0.42478,0.17634
3,8.011,-0.94375,1.5211,-0.015704,0.14325,0.004276,-0.71961,-0.10432,-0.61977,6.9921,4.3183,3.4967,-0.09714,-0.16904,-0.44483,-0.20231,-0.97186,-0.4173,8.9643,-0.48698,3.8178,0.045398,0.64809,0.57104,-0.34961,0.32123,-0.56615,-8.6029,2.4599,-0.3607,0.080737,-0.13442,0.60525,0.83043,-0.22821,-0.40885,-8.5517,-1.3076,-0.53194,-0.15613,0.24889,1.032,0.77745,0.54191,0.35147
1,11.854,-1.7109,0.11831,0.62832,-0.22053,-0.44728,-0.95497,0.084828,-0.40405,9.5561,1.7242,4.7608,1.1602,-0.050533,0.11898,-0.028929,-0.28039,-1.1732,11.06,-2.2581,0.90851,0.37777,-0.23539,-0.68224,-0.5021,1.2412,-0.071008,-12.855,0.56623,-3.4611,0.027544,-0.39458,-0.96251,0.76165,-0.000744,0.40836,-6.6687,-10.571,-0.25545,1.2925,0.47043,-0.28584,0.65251,0.9069,-0.19472
9,8.1154,1.1053,0.35168,0.45718,0.65537,0.36576,-0.61709,0.22941,-0.34826,1.1802,3.8893,7.8387,2.0776,1.8814,-2.3406,-0.19642,-0.66643,0.21022,9.529,-6.3503,4.8989,3.3561,-2.0409,2.7644,-0.26721,0.70493,-0.21027,-12.699,8.2863,6.0759,-5.7187,-0.39726,-0.12056,0.65598,-0.34497,0.12471,-7.0744,-3.0529,0.12411,-0.78419,-0.50437,-0.055384,0.69769,0.14229,-0.19996
5,9.924,-1.7015,4.5642,-0.7081,-0.019306,0.35527,-0.80948,-0.039811,0.052367,-2.8015,9.7806,2.4914,0.035442,0.091058,0.090551,-0.1069,-0.554,0.026979,-0.80928,-2.6772,9.503,-0.059929,0.18472,0.16061,-0.47888,-0.072614,-0.61177,-4.8418,10.357,1.2302,-0.79338,-0.13733,3.0168,0.24832,-0.47878,-0.26918,-4.4157,-11.719,-2.1011,0.37498,-1.1607,2.5581,0.27401,0.39947,0.19403
5,7.7796,0.3319,4.8369,-0.31705,-0.051713,-0.058612,-0.6358,-0.19556,0.091942,3.4294,7.4503,5.4208,-0.097305,-0.082676,0.074895,-0.79742,-0.50173,-0.29697,6.2779,-5.3967,4.2189,-0.23342,0.31702,0.008873,-0.99819,0.090338,-0.47163,-2.2539,8.6314,3.1086,-0.93399,-0.42553,1.8502,0.39339,-0.3834,-0.29152,-6.0608,-11.189,-0.84661,0.047535,-0.43828,2.7819,0.34681,0.35893,0.18142
3,4.2655,0.72103,0.16235,0.25516,0.067779,-0.063939,-0.66677,-0.17664,-0.65487,4.1119,4.8599,5.1222,0.12661,0.28388,-0.68675,0.28887,-0.44243,-0.31462,6.369,-2.8784,4.3504,0.30157,0.35627,-0.32928,-0.27165,0.41035,-0.67809,-7.7163,-0.4376,-0.54653,0.54958,-0.22642,2.107,0.89707,-0.13381,-0.36171,-5.8626,-3.2604,-0.8875,0.004854,0.22029,1.3679,0.84077,0.51739,0.25973
4,12.513,2.452,1.7618,-1.2628,0.004405,-0.42058,-0.9438,-0.10501,-0.25812,-9.9396,9.5536,0.89824,-0.87824,-0.45545,-2.8417,0.13609,-0.66977,-0.59722,-6.3145,-11.273,3.691,-0.73947,1.4893,2.6579,0.47931,0.55208,-0.72436,-15.07,4.5168,-1.5733,0.1228,1.3991,3.0554,0.41537,-0.41502,-0.058673,-14.412,-1.5577,-1.1844,-0.62093,-0.11314,1.3727,0.43533,0.39983,0.14979
5,9.3731,-1.2945,4.277,-0.21346,-0.019574,0.18762,-0.62342,-0.097993,0.089804,6.2163,5.9775,5.2077,0.024306,-0.1134,0.045858,-0.88289,0.0227,-0.2629,5.7486,-6.331,5.1423,0.032902,0.28426,0.13876,-0.8061,0.18701,-0.64484,4.5474,1.6792,0.67869,-0.35497,-0.23722,1.1322,0.31976,-0.53394,-0.31866,0.012597,-17.947,-5.0617,-1.2584,-0.060761,0.66419,0.36609,0.3713,0.26687
7,8.9678,-1.2913,4.5567,0.010102,-0.51557,0.12564,-0.59514,0.11049,-0.84287,3.1792,1.4048,11.714,-0.48602,0.50566,-0.9737,0.26542,0.14377,-0.92208,3.3577,-4.6592,12.073,0.38644,0.51845,0.75101,0.31612,-0.039456,-0.92802,-2.9989,9.2375,-0.86512,0.053631,0.03846,-0.029181,-0.26218,-0.92781,-0.14096,-2.1338,-10.703,-1.625,-0.16217,-0.00743,0.089389,-0.34548,0.90833,0.139
6,7.9792,-2.9936,2.3553,-1.117,-0.062167,0.56845,-0.93974,0.58277,0.18614,-0.93218,8.6553,4.4077,-0.19684,0.030396,0.24774,-0.56728,-0.63148,-0.62093,0.63446,-3.0754,8.6704,0.25458,-0.045507,0.56799,-0.47995,0.63639,-0.62034,-5.3744,5.5062,-0.85852,-0.47175,0.011554,2.2703,0.54664,-0.53525,0.20687,-10.1,-10.832,-1.5466,0.025903,-0.027797,1.8487,0.58727,0.38324,-0.3827
2,13.363,-2.4194,-1.8527,2.0576,2.3285,0.22659,-1.1339,0.19771,-0.48062,-8.781,18.955,-1.1781,2.3728,2.9663,2.9254,0.13571,-0.86457,-0.13339,-0.4588,-7.9547,0.009992,-3.3262,1.3897,2.7168,0.87298,0.8049,-0.61459,-26.828,9.1389,-3.8898,-0.86967,-1.1965,-4.849,0.55649,-0.48579,0.36321,-12.896,1.0091,3.0675,2.2195,1.3946,-0.74428,0.29974,0.67006,0.27227
7,9.8681,-0.2582,-0.11845,-0.14145,-0.11194,0.010131,-0.83299,-0.072382,-0.50153,5.2313,4.4181,4.8087,-0.29245,0.094305,0.005933,0.12163,-0.40171,-0.84765,5.7161,-1.7983,7.693,0.32916,0.2281,-0.083348,0.044643,0.050446,-0.94213,0.75503,9.4546,-1.7366,-0.33194,-0.11441,0.52316,-0.48586,-0.83322,0.005414,1.2281,-7.648,-5.8259,-0.053033,0.44837,-0.34215,-0.54817,0.63922,0.48557
1,6.0768,-1.7698,4.9715,0.31906,0.23427,0.17071,-0.63485,0.33208,-0.71848,0.84267,9.2086,2.7984,0.06563,0.27545,-0.13371,-0.084789,-0.56892,-0.49808,2.521,-5.2272,6.491,-0.48665,0.48664,-0.20766,0.23807,0.66063,-0.87477,-9.9017,3.5049,-1.6643,1.3626,0.36851,-0.54104,0.7036,-0.59879,0.041648,-7.974,3.6782,0.80421,2.5871,0.90908,-1.9315,0.63654,0.74581,0.1101
7,7.4074,-0.266,6.2052,0.081512,0.087286,0.002704,-0.34681,-0.016882,-0.89533,-5.6388,2.9391,7.5026,0.019622,0.076497,0.17232,0.85264,-0.093996,-0.43195,-4.1874,-1.1241,9.1875,0.018756,-0.05092,0.040253,0.72347,-0.14078,-0.60779,1.4031,9.5957,0.12729,0.054185,0.099535,0.4826,-0.55442,-0.74981,-0.21273,2.5117,-9.6063,0.83008,-0.1053,0.074937,-0.47562,-0.67882,0.68818,-0.017282
1,8.9435,1.0606,3.3395,-0.62932,0.32933,-0.42284,-0.82989,-0.080282,-0.71542,11.753,2.4345,3.8534,-0.99621,0.80163,-0.80193,-0.70333,-0.57533,-0.045213,11.971,-4.4022,3.129,-0.43491,-0.83696,-3.0062,-1.3226,1.6725,0.9834,-13.878,-2.2933,-3.4012,-0.18192,0.036776,2.2297,0.65977,-0.1618,0.13389,-11.978,-1.861,-2.5729,-0.27262,0.16397,2.0468,0.25589,0.62517,0.075231
7,10.111,-0.42872,-1.9005,-0.49302,0.11863,-0.007326,-0.75245,-0.1776,-0.56592,5.9816,3.3138,8.6802,-0.62428,0.51651,-0.13122,0.29147,-0.2282,-0.87253,6.2654,-2.2114,8.1562,0.6138,0.54823,-0.015985,0.19784,-0.12068,-0.90594,-1.8306,9.1379,2.3479,-0.16003,0.18061,-0.056167,-0.51032,-0.75365,-0.31372,-0.45799,-9.8682,0.43174,0.026832,0.040871,0.067109,-0.59086,0.77297,0.050487
2,7.7794,0.15107,1.0347,-1.3678,0.3885,0.14228,-0.83704,0.22956,-0.49891,2.3928,0.99663,-0.33761,-0.81461,-1.5961,-0.30834,0.35728,-0.58991,-0.39952,-0.8165,-6.3648,1.6754,-0.99944,0.77274,-0.59901,-0.52718,0.95408,-0.17428,-1.482,-11.795,0.94103,-1.0011,-0.46676,2.1802,0.72738,-0.54229,0.37639,-12.142,-12.328,0.63872,-0.73711,0.20266,3.395,1.1927,0.42611,-0.032516
2,20.974,2.4947,4.0011,0.15685,3.797,0.045954,-0.74281,0.13491,-0.52051,1.7202,10.101,8.3878,-0.41982,-0.41476,1.0191,-0.059371,-0.18823,-0.67422,3.0862,-5.8626,8.9503,0.26625,-0.77493,-0.45316,0.39805,0.73801,-0.78359,-27.502,-12.916,-6.8011,-2.0637,1.956,3.2754,0.57771,-0.66996,0.34486,-18.29,-9.2642,-5.0157,1.6196,-0.40101,3.0703,0.7947,0.73458,-0.026398
4,10.25,0.19879,2.614,-1.1724,0.20214,-0.11174,-0.72859,-0.077013,-0.48326,-4.6963,8.482,4.2006,-0.89793,-0.41939,-1.1402,0.14529,-0.60665,-0.66205,-1.6084,-6.1285,6.9571,-0.33521,1.2814,0.93392,0.47197,0.4588,-0.77253,-12.909,2.5664,-3.9305,-0.56157,0.96949,2.4688,0.46773,-0.41358,0.11364,-11.283,-2.5423,-1.9713,-0.15041,0.052168,1.3997,0.51641,0.3955,0.084737
8,27.736,-8.9253,-7.3609,-0.30625,-0.029253,0.14959,-0.56368,0.36237,0.46619,21.897,3.1162,0.93165,3.293,-1.0205,3.1996,-0.53212,0.073631,-0.45312,19.058,1.3951,3.3578,-1.172,0.008221,0.7405,-0.78128,0.32518,-0.060355,-19.687,2.1865,-8.7918,1.808,-0.51771,0.23661,0.72991,-0.17283,0.7679,-14.167,1.6332,-7.4381,-4.1784,-0.31746,0.53559,0.67244,-0.092816,-0.38123
3,7.1317,0.5532,1.0503,-0.46009,0.21161,-0.22676,-0.70777,-0.091727,-0.58681,6.6696,5.3235,4.3644,0.13934,-0.30045,-0.18132,0.088587,-0.34809,-0.17147,5.9852,-4.6869,5.2897,0.25641,-0.079944,-0.58937,-0.16167,0.46126,-0.671,-9.0303,2.5273,-0.40388,-0.35125,-0.29711,1.3402,0.75762,-0.43202,0.17761,-8.2703,-3.7869,-2.1342,0.009738,-0.15774,1.2901,0.73966,0.53431,0.17449
3,8.7237,-0.90197,2.8885,-0.32851,0.13929,0.06992,-0.67695,-0.024935,-0.67943,-0.24429,7.2556,6.1995,0.42407,-0.33791,1.1439,0.98446,0.11213,-0.00377,0.27144,-2.6267,9.1501,-0.18013,-0.96647,-0.007534,0.31166,0.066398,-0.68711,-7.2753,4.7167,-0.49467,0.53202,0.023775,-1.1344,0.69074,-0.61996,-0.12704,-11.074,0.57099,-0.2298,-0.66838,-0.13317,-0.034058,0.72123,0.39903,0.49005
5,8.5928,0.080487,2.7966,0.12612,-0.094168,-0.10363,-0.59929,-0.1489,0.13209,6.376,4.5532,5.8108,0.031794,0.096185,-0.029098,-0.89041,0.035943,-0.23589,6.4826,-5.3229,4.7992,0.16678,-0.33274,-0.067816,-0.84941,0.11588,-0.60948,-8.706,11.541,-2.8842,-1.1143,-0.51601,1.2818,0.53092,-0.39086,-0.10871,3.1209,-6.5094,-1.1202,-0.75439,-0.25905,1.5797,0.086114,0.53983,0.2797
8,6.6226,-0.68012,0.41825,0.29451,-0.12295,-0.10567,-0.73744,-0.40635,0.16441,6.7383,1.2838,0.48567,0.4594,0.21702,-0.54418,-0.56285,-0.18101,0.4962,8.0001,-0.95856,2.0803,0.68349,0.32592,-0.040396,-0.52819,-0.42812,-0.13081,-8.6651,4.6447,-1.0057,0.17248,0.64615,1.254,0.48781,-0.045948,-0.45628,-7.3022,-2.9636,-2.1758,1.2667,0.23607,-1.0955,0.39201,-0.23185,0.5788
1,9.0807,-0.4349,4.1818,0.26207,-0.69977,0.093819,-0.84354,-0.13766,-0.68773,-2.093,7.3723,6.5563,-0.21376,0.51009,-0.71552,0.41262,-0.89306,-0.67911,-0.64547,-7.958,5.297,0.2574,0.39102,0.97621,0.45461,0.7332,-1.2214,-10.953,1.5329,-0.67456,0.21063,0.11519,-1.5868,0.5702,-0.44063,0.089866,-7.3923,0.29168,-0.12064,-0.32916,1.0381,-1.2323,0.15407,0.71383,0.17275
3,6.0555,-0.10717,-1.8089,0.49409,-0.12678,0.020422,-0.9024,-0.21267,-0.22407,8.0539,2.9211,3.5034,0.019442,0.18049,0.044498,0.25754,-0.80439,-0.34634,8.805,-2.5257,1.5392,-0.10124,-0.17114,0.083336,-0.44457,0.37797,-0.45709,-7.863,2.5655,-0.92162,-0.23807,-0.17489,-1.1326,0.8643,-0.31466,-0.22474,-8.1288,-1.641,-2.1852,-0.56348,0.76254,-1.2759,0.76634,0.38782,0.54812
2,-4.2551,-0.88243,0.38438,0.23183,0.65221,0.40501,-0.85285,0.15771,-0.53855,5.3087,-5.8756,-0.28665,-0.82775,-0.76177,1.0801,0.23517,-0.73195,-0.44716,-5.5298,1.9738,0.3761,0.59361,-0.79643,1.0065,0.021202,1.1693,-0.15751,0.77774,24.487,-15.542,2.4074,2.2396,-0.65819,0.60104,-0.41426,0.50259,-0.021991,-14.605,1.265,2.677,-0.29601,-0.53462,1.0557,0.13987,-0.11823
6,8.9947,-2.4536,2.7937,-0.66577,0.1331,0.53409,-1.0104,0.47647,0.18934,-1.4028,8.6119,4.7068,-0.24713,-0.17413,0.15578,-0.54599,-0.58921,-0.61968,1.4948,-0.95993,9.25,-0.021174,0.039937,0.10457,-0.55823,0.50194,-0.69498,-8.1316,6.9351,-0.4623,-0.81576,-0.34051,2.5419,0.54017,-0.48458,0.26926,-10.24,-7.87,-3.5523,-0.15151,-0.40745,2.3255,0.56934,0.41624,-0.39176
2,-1.8158,0.70112,-1.29,1.2734,0.005765,-0.069365,-0.86276,-0.13391,-0.83955,-6.0211,0.70252,1.0379,0.21042,0.23553,-0.49398,0.21743,-1.105,-0.3779,5.3171,2.0425,-3.473,-0.62456,0.076627,-0.51621,0.46058,0.54519,-1.0406,0.3174,17.307,-2.8819,0.031725,-0.39426,-0.55807,0.62052,-0.22246,0.42545,-1.3706,-5.0429,-5.4366,-1.1788,0.46451,0.89441,0.4441,0.66108,0.27183
5,9.4503,-0.89124,2.385,0.25908,0.09303,-0.24475,-0.59576,-0.24377,0.14897,0.32888,8.6232,3.4538,0.026914,-0.010087,-0.16804,-0.16549,-0.55454,0.071547,1.3575,-3.3635,8.8065,0.19604,-0.059237,-0.16411,-0.43806,-0.11812,-0.59441,-4.572,10.501,0.67701,0.4793,-0.045558,0.016286,0.33807,-0.47811,-0.20889,4.3226,-5.0158,2.4944,-0.32877,0.046675,-0.2567,0.036979,0.61408,0.093701
3,18.077,-0.03793,1.3329,0.038205,0.064605,0.15631,-0.81115,-0.036567,-0.5443,-2.1173,8.7462,9.7197,0.37896,-0.5391,1.4797,1.107,0.38159,-0.050363,-4.0778,-0.13582,11.34,0.33657,-0.83015,-0.6789,0.39763,0.010868,-0.60761,-11.472,11.745,-2.9423,0.70374,0.24883,-1.5451,0.61854,-0.707,-0.09586,-12.552,2.6824,-6.2393,-0.64067,0.14562,0.14373,0.68317,0.46658,0.48407
2,18.88,1.3602,3.6315,-1.5272,-0.27259,-0.44537,-0.75762,0.015864,-0.47444,6.6232,24.599,-13.714,-0.92506,-3.9659,-2.4919,0.084223,-0.51737,-0.29261,3.7864,-20.246,3.6302,-1.1685,1.2885,-1.2729,-0.022888,1.1217,-0.19891,-19.656,-5.5252,-2.1353,0.67709,0.43233,3.0034,0.54605,-0.61375,0.21922,-23.23,4.6969,-5.6035,-0.24975,-1.2653,2.9031,0.98421,0.62103,0.013506
4,10.018,-1.5764,2.7304,1.476,0.10171,-0.30901,-0.96614,0.14865,-0.38591,1.0933,8.3535,3.5922,-0.24433,1.5552,-2.6443,-0.092768,-0.96047,-0.72532,-8.6469,-5.7097,1.1827,1.6182,-0.71506,2.7249,0.4855,0.46135,-0.49878,-8.7636,3.0739,-3.876,0.21683,-0.18629,-1.8217,0.5088,-0.30134,-0.11872,-12.73,-4.2565,-0.31458,-0.40333,0.60232,-2.75,0.44314,0.33988,0.15362
2,19.847,1.9235,5.4987,-1.5186,-0.20884,-0.54744,-0.93441,-0.10786,-0.79851,1.2138,15.903,2.8741,-1.1785,-0.62984,-0.7864,0.74247,-0.76346,-0.64595,0.36733,-20.772,7.4343,-2.135,1.8066,-1.4879,0.33894,1.1959,-0.6946,-23.285,-9.8502,-3.2077,-0.89936,0.46903,3.0358,0.37337,-0.71579,0.22067,-17.607,7.9481,-9.2782,-1.2887,-0.8978,2.8279,0.49692,0.56727,0.36765
1,12.08,0.70593,4.0908,-0.29721,0.29143,-0.29714,-0.86255,-0.1602,-0.68352,12.74,3.2945,3.8107,-0.34912,0.15376,-0.25186,-0.59516,-0.51177,0.018779,11.679,-3.5427,1.7205,-0.32372,-0.25122,-1.9813,-0.80547,1.8224,0.57231,-11.958,7.0396,-0.11258,0.17986,-0.73581,0.79286,0.69258,-0.036539,0.13928,-7.7987,2.3014,2.3551,-0.73377,0.61554,1.3966,0.099811,0.66108,-0.030706
3,6.8837,1.8835,-2.2805,-0.37714,0.040092,0.11689,-0.88818,-0.22658,-0.31345,6.2383,3.573,7.1109,0.26846,0.13166,-0.5266,0.31997,-0.47907,-0.25118,6.891,-3.2704,5.9782,0.11937,0.56853,0.27868,-0.35287,0.39887,-0.663,-9.4339,1.1623,-1.0183,-0.36896,0.095733,1.4274,0.90884,-0.11516,-0.22185,-6.9245,-5.3495,-0.73867,0.26939,0.11486,1.2556,0.60112,0.76646,0.56928
7,10.299,-0.38237,0.060558,-0.21441,-0.29435,0.096246,-0.76342,-0.05724,-0.59375,2.4321,5.1285,8.5209,0.95432,-0.34028,0.42704,0.38027,-0.31684,-0.80597,1.2391,-4.3688,9.2371,-0.1387,-0.54258,-0.33867,0.35487,-0.010062,-0.87415,1.3271,9.1955,-2.0961,0.045474,0.29575,-0.35063,-0.69114,-0.67265,0.039789,1.3912,-8.5606,-4.3031,0.13889,0.12701,0.29568,-0.69376,0.5867,0.34074
5,9.5149,-0.36449,2.677,-0.022026,-0.021003,0.10273,-0.59779,-0.18248,0.13733,2.6774,0.82053,9.3116,-0.015585,-0.0559,0.036139,-0.28056,-0.16009,-0.23469,1.4879,-1.34,10.059,-0.047005,0.050973,0.032223,-0.62809,-0.10385,-0.52113,3.5445,4.9839,0.91277,0.48493,0.089241,-0.9895,0.17674,-0.62075,-0.26114,-2.4985,-11.451,-3.2058,0.7293,0.28505,-0.68747,0.40491,0.33132,0.28199
1,13.623,-0.40985,1.0276,0.029998,-0.019904,0.42653,-0.7729,0.17127,-0.38299,9.6215,3.8878,4.2979,-0.86435,-0.50221,1.7082,0.61482,-0.39333,-0.23214,8.2695,-1.9754,5.7869,-0.5436,-0.22742,0.19184,-1.3586,0.56907,-0.97461,-11.885,2.2185,-0.60336,1.3968,1.6484,-1.1821,0.29671,-0.85504,0.042196,-12.413,-2.1222,-1.4097,-0.85336,-0.53792,-0.068111,1.1049,0.19502,-0.023674
6,9.7532,-1.3499,1.6623,-0.30185,-0.25845,0.18113,-0.82482,0.38376,0.23178,0.12503,3.2677,9.3245,-0.051467,-0.11955,-0.054966,-0.48018,0.009565,-0.80346,0.33565,-0.57853,9.9049,-0.17051,0.31084,-0.035716,-0.37098,0.49431,-0.68282,-1.7064,3.7154,0.10663,-0.16057,0.10426,-0.032789,0.36687,-0.50773,0.43302,-8.2023,-8.8991,-1.0891,0.46424,0.20199,-0.74354,0.60091,0.21202,-0.42739
6,9.3463,-2.4291,0.9776,0.17677,0.16437,-0.13103,-0.85171,0.36677,0.3562,4.0231,0.42379,8.8386,0.058985,0.064922,0.057697,-0.97202,0.026191,-0.59341,0.71656,-1.3997,9.8234,0.029836,-0.17834,0.16845,-0.54295,0.58197,-0.74245,-5.0103,6.2531,-0.53184,1.0116,0.17093,-1.5561,0.57626,-0.47349,0.26092,-8.4568,-8.6318,-3.5954,0.51305,0.28893,-1.0579,0.70755,0.38027,-0.12768
8,9.3458,0.74429,1.7258,-0.28192,-0.14734,-0.11248,-0.77283,-0.37416,0.19176,8.328,3.607,1.2696,-0.30324,-0.21666,0.33479,-0.62881,-0.08534,0.46198,8.8829,-2.6299,1.634,-0.58491,-0.059896,-0.47088,-0.58502,-0.42025,-0.053551,-8.871,2.9555,-1.5167,0.17641,0.36207,0.98039,0.47301,0.12277,-0.51179,-8.9665,-3.3706,-1.6402,-0.046101,-0.15123,0.16141,0.43024,-0.37056,0.49651
3,7.7326,-0.36262,-2.2995,0.084206,1.0224,-0.20187,-0.8306,-0.25215,-0.39969,4.3559,7.7844,3.7598,-0.18478,0.88948,-1.3029,0.66369,-0.6051,-0.10722,7.6901,-4.1268,3.5451,-0.064,0.76818,0.86906,-0.26667,0.4162,-0.58674,-9.2913,6.5453,-3.1012,-0.76977,0.21918,1.681,0.70987,-0.63733,-0.11464,-9.0276,-1.5144,-2.8142,-0.76181,-0.23039,0.76966,0.71792,0.15401,0.65636
6,8.0774,1.0435,1.9343,-0.40688,-0.3698,0.1475,-0.81642,0.015352,0.27579,-4.7805,11.485,4.084,0.58242,-0.27237,1.1478,0.26627,-0.7491,0.17842,0.51083,-1.91,9.5511,-0.1701,0.17399,0.18223,-0.45228,0.48593,-0.59133,-6.3182,2.4741,-0.434,-1.4326,-0.18669,2.0716,0.71384,-0.21662,0.1534,-9.0419,-9.7306,-2.3277,-0.041362,-0.3562,1.7036,0.63696,0.34424,-0.15168
3,8.4609,-0.95099,0.23076,0.17324,0.002291,0.14343,-0.75824,0.035048,-0.52763,6.427,5.2184,4.9587,0.028451,0.41566,-0.75949,0.12255,-0.34774,-0.16774,4.6528,-6.6124,5.4112,0.004204,0.26376,0.92869,-0.023804,0.49855,-0.65635,-8.5699,2.3366,-1.2942,0.05336,0.042261,-0.59413,0.70589,-0.50182,0.19012,-10.061,-3.363,-1.8898,0.83787,0.36985,-1.6724,0.69533,0.58918,0.19841
3,8.5901,0.37622,-0.39529,0.023501,-0.095476,0.033153,-0.95448,0.014583,-0.40713,1.3435,8.9536,2.931,0.03933,-0.55176,0.56432,0.57914,-0.22659,0.21804,1.4412,-9.0448,6.8691,0.4273,0.10105,-1.1461,0.38201,0.56085,-0.54246,-8.8212,3.0765,-0.96958,-0.44262,0.2141,1.5594,0.62019,-0.5846,0.15004,-8.8642,-3.7486,1.4939,0.01259,-0.30076,1.6747,0.62868,0.67815,0.06672
3,9.2666,-0.20496,1.5332,-0.41154,-0.821,-0.063859,-0.71328,-0.033149,-0.6365,1.0378,5.1621,7.8291,0.51577,-0.80144,0.71056,0.84808,-0.11077,-0.47009,0.81898,-5.9715,7.6477,0.20034,-0.69727,-1.3403,0.2525,0.26579,-0.61961,-10.211,4.3441,-4.0269,-0.11026,0.40188,0.77415,0.86687,-0.34167,-0.30912,-10.727,-5.6087,-2.5402,-0.23624,0.61469,2.5405,0.62954,0.79248,0.21245
8,15.133,0.88078,0.059995,0.038842,-1.6392,0.14313,-0.89302,0.42516,0.2396,24.607,2.4798,1.9037,2.093,1.0609,-2.606,-0.81208,0.41514,-0.11941,4.333,-4.2488,2.262,1.4996,-1.2482,1.3821,-0.77103,0.67406,0.25412,-8.2889,9.857,-14.047,-1.3199,-0.86718,-0.03292,0.75686,0.26755,0.53194,-11.507,3.2688,-1.6808,-0.56823,0.24345,-0.43396,0.86975,-0.091753,-0.47121
9,-4.0178,-0.086004,-1.1858,3.0132,-1.7381,0.64672,-0.86584,-0.4158,-0.093403,32.32,-2.0096,-0.12911,-2.1676,1.0473,1.688,0.76762,-0.42787,-0.15365,38.743,-14.525,33.451,0.65314,-3.1512,-3.4041,0.57068,-0.45664,-0.54844,2.6068,6.1325,-3.1926,0.9381,-0.77158,0.24544,0.89624,-0.099508,-0.26536,-1.3645,-3.9808,-2.2669,-2.0736,-0.78761,-0.61238,0.86173,-0.063858,0.23251
0,6.8389,0.65803,3.1948,-0.002776,-0.34475,0.33255,-0.79444,-0.18829,-0.70549,5.4876,5.2724,5.1538,0.027188,0.17917,-0.046178,-0.53179,-0.78001,-0.73165,5.9407,-4.3568,5.5239,-0.049354,0.23042,0.27375,-0.40344,0.76973,-1.1496,-6.5181,-4.286,-0.78377,-0.40672,-0.067533,1.7311,0.16148,-0.76456,0.018746,-9.0678,-0.38225,-2.007,-0.26793,0.042848,1.5069,0.58078,0.43471,0.11688
7,9.2855,-0.75857,5.3265,-0.30948,-0.56668,-0.18355,-0.7333,0.034062,-0.84617,0.44559,8.0776,6.6146,0.005237,-0.001483,1.3547,0.5016,-0.28075,-0.75972,2.7686,-2.933,9.2216,-0.086218,-0.93673,-1.1054,0.28676,-0.38459,-0.82388,0.91545,8.8912,1.5585,0.3795,-0.069293,0.88186,-0.55559,-0.75076,-0.22823,1.373,-9.2879,0.00538,-0.46604,0.36099,-0.80158,-0.60427,0.75067,0.11832
1,7.3249,-0.75852,0.9684,0.73386,0.24214,0.054073,-0.89027,0.14515,-0.49727,7.035,0.004471,2.1263,1.423,0.26899,-0.053564,0.23333,-0.096503,-0.72368,8.7546,-2.0415,1.1575,0.84994,0.54491,1.1457,-0.87408,1.0669,0.088165,-9.8504,-1.8694,-2.5958,0.6812,-0.1966,-1.9995,0.63382,-0.40659,0.47549,-12.747,4.5726,-0.37417,0.85647,0.29531,-2.8906,1.0054,0.67293,-0.17105
2,25.91,3.6065,4.1896,-1.4507,0.083762,-0.43034,-0.95124,-0.137,-0.7779,-0.57295,20.304,3.4008,-2.2891,-1.0698,-2.0215,0.64466,-0.90308,-0.54728,5.9009,-22.481,5.1885,-0.87331,1.1861,-2.5302,0.26205,1.0885,-0.86109,-28.791,-8.3323,-7.1918,-1.0166,0.69327,2.4357,0.52686,-0.61827,0.1952,-19.308,16.838,-2.7402,-0.91253,-0.65567,2.0223,0.35651,0.66292,0.36991
4,7.5452,-0.01447,-0.23211,2.3573,-0.49974,-0.66845,-0.93156,-0.2434,-0.44348,-16.219,3.2753,-3.0727,-0.55032,0.48904,2.402,-0.25639,-0.80747,-0.043677,5.3173,-7.0126,5.8171,0.43878,-0.81252,-1.7189,0.22277,0.59844,-0.98923,-6.8959,9.8878,2.7672,1.1785,-0.3822,0.53744,0.68217,-0.11668,-0.11762,-2.5609,2.943,1.8889,0.15533,-0.53013,0.68381,0.4012,0.44215,0.061447
0,11.02,1.5449,0.61277,-0.86522,-0.25978,-0.11938,-0.81996,0.058959,-0.58365,11.084,1.805,2.9341,-0.69936,0.476,-1.1696,-0.12461,-0.32151,-0.91925,9.5194,-1.0981,3.016,-0.24384,-0.47794,-0.60087,-1.1453,1.09,-0.19109,-18.212,-6.7017,-3.1098,2.2414,0.83832,2.4194,0.67895,-0.25174,0.41243,-11.345,-0.51053,-3.5669,-0.47315,0.38685,1.7584,0.89121,0.58924,-0.2529
8,1.7304,-1.2591,1.5792,0.29713,1.745,0.1846,-0.43778,0.032697,-0.67145,2.5744,-0.95687,3.6315,-0.96333,-0.20211,0.016281,-0.5206,-0.45276,-0.30901,2.9746,3.5766,3.2799,-3.0194,0.41919,0.16751,-0.51451,0.27928,-0.46545,-5.5411,4.4009,-5.4952,0.85579,0.47933,-1.3745,0.66531,-0.31276,0.049785,-5.17,-1.7341,-8.2542,-1.2736,0.19693,1.6241,0.659,0.20576,0.31068
4,-6.8947,6.3518,6.2414,-1.2623,0.52624,0.57841,0.53168,-0.18128,-0.57774,-0.68314,8.338,-3.8842,-0.000173,0.20477,-0.42637,-0.28657,-0.89581,0.22112,0.97397,-8.2268,3.1041,0.30922,-0.10647,0.39368,0.12959,0.68816,-0.72141,-13.304,0.41444,-2.0129,-0.17181,-0.39833,-1.4633,0.6251,-0.19044,-0.14576,-12.118,-2.4996,-1.764,0.18177,0.74555,-1.6476,0.44159,0.44821,0.1318
7,6.8069,-0.081701,6.5853,-0.25346,0.25604,0.38454,-0.28443,0.045091,-0.99962,-1.2971,0.65514,9.4428,-0.37207,1.1238,-0.4315,0.32893,0.14148,-0.90718,-0.79787,-0.77546,8.4162,0.44871,1.4753,0.79117,0.31628,-0.2239,-0.90934,-2.6866,8.9519,0.010999,-0.064706,-0.035915,0.13231,-0.2714,-0.92408,-0.15352,-2.051,-10.999,-1.9577,0.023127,-0.007389,-0.24221,-0.35453,0.89071,0.21156
8,4.351,-1.4232,2.975,0.001756,0.31266,0.23703,-0.7098,-0.29512,-0.37519,4.0696,2.8618,1.602,1.0551,0.27662,0.22233,-0.36085,-0.59769,0.37934,4.1224,-1.1735,2.4803,-1.0674,-0.51838,0.057262,-0.45139,-0.021744,-0.6253,-6.8465,0.82334,1.1031,0.082525,-1.5028,0.3505,0.51869,-0.26983,-0.44865,-6.7119,-1.1702,-0.90076,-0.86575,-1.635,0.059056,0.44465,0.24379,0.59517
6,10.262,0.80935,2.1803,0.203,-0.0555,-0.11936,-0.79823,0.23496,0.24484,-0.072033,4.9562,8.6317,0.22666,-0.31117,0.024089,-0.38537,-0.21663,-0.66854,3.4929,-0.47522,9.2863,0.21228,-0.73312,-0.29521,-0.60733,0.42923,-0.48535,-7.609,6.3597,-3.7459,-0.34874,0.29642,0.091878,0.59798,-0.10822,0.25696,-2.1947,-6.6776,-2.5413,-0.016074,-0.1329,-0.051725,0.47596,0.67607,0.053444
5,9.1494,-1.8287,3.586,0.004997,-0.061282,-0.07872,-0.61874,-0.068161,0.097331,7.1868,4.6142,4.6352,0.095399,0.063201,-0.15321,-0.88951,0.069221,-0.17174,1.2289,5.0695,8.9365,-0.065457,-0.00537,-0.053909,-0.5013,-0.35346,-0.4338,-0.041707,5.9101,1.5087,0.79234,0.68753,-1.5484,0.40386,-0.50288,-0.24129,-0.67205,-10.795,-2.399,1.0932,-0.13436,-1.1866,0.32539,0.42355,0.2446
5,9.7995,-1.2288,1.5583,-0.03489,0.021302,0.18633,-0.6076,-0.20959,0.19509,-0.071974,8.2157,5.304,-0.115,-0.057007,0.077314,-0.14287,-0.56122,-0.038942,0.37609,-4.6912,8.7647,-0.12556,0.1234,0.058134,-0.37922,0.017298,-0.64765,3.4057,5.9356,0.31767,0.38216,0.18319,-0.78344,0.14254,-0.61426,-0.3251,-2.5016,-11.39,0.75196,0.82659,-0.18562,-0.86767,0.26295,0.41772,0.17352
9,10.805,-3.4669,1.9037,0.38803,-0.13212,-0.51998,-0.73005,0.22549,-0.40366,-7.6983,4.483,-2.6868,-0.2661,-0.30261,-0.72666,0.72612,-0.42334,0.058158,8.0608,-7.8402,2.3864,1.0915,0.029713,0.59108,-0.48982,0.59439,-0.2943,-11.109,-0.35181,-1.9139,0.16006,-0.86962,-0.11799,0.79985,-0.010695,0.22431,-12.554,-10.873,3.1858,-1.0455,-0.40207,0.59015,0.5725,0.53287,-0.28347
5,8.0649,2.3679,4.8188,-0.26537,0.23077,0.063707,-0.62048,-0.22984,0.10302,3.4,7.6456,5.2838,-0.068406,-0.16829,0.003056,-0.79775,-0.49892,-0.28907,6.0185,-5.1495,5.7792,-0.23175,0.24394,0.23472,-0.8263,0.18747,-0.59655,1.2206,5.4681,2.5513,-0.18403,-0.53208,1.7418,0.3195,-0.48387,-0.36511,-4.7161,-17.91,-1.0527,0.69241,-0.15653,1.1628,0.38085,0.26672,0.14568
6,8.5299,-0.52258,4.5751,0.66162,0.016937,-0.057889,-0.85613,0.51365,-0.10748,-0.007717,4.4647,8.5699,0.29141,0.076957,0.021016,-0.49477,-0.061836,-1.0175,1.1262,-0.12246,7.9211,0.10506,-0.38395,-0.39598,-0.40892,0.62883,-0.76331,-9.5024,10.553,-1.3368,0.52301,0.081445,-1.2513,0.57721,-0.32454,0.31905,-3.8215,-3.8961,-0.002251,0.44482,-0.11811,-1.9293,0.3783,0.64413,-0.50734
4,15.734,1.9142,0.096572,-1.6643,-0.12316,0.22532,-0.965,0.04428,-0.29077,-2.2935,9.0113,3.0011,-0.2359,-0.26396,1.8307,0.11242,-0.84623,-0.82268,-5.1155,-6.1729,4.188,-0.039937,0.58162,0.12825,0.55475,0.411,-0.56754,-12.173,4.6128,-2.0404,-0.82972,0.74454,1.0547,0.33037,-0.45248,-0.091444,-16.207,-3.4136,-2.1087,-0.35314,-0.89347,2.2288,0.53305,0.30964,0.20987
9,10.139,-5.1068,2.2087,0.43809,-0.99087,0.25916,-0.91021,-0.25584,-0.4141,13.011,2.7483,2.1987,2.3323,0.21999,2.4539,-1.0561,0.1577,0.093063,10.332,-4.5014,-0.85667,-0.70456,0.68372,-0.00286,-0.89817,0.078115,-0.60528,-8.1999,-2.6365,-2.1751,0.28411,-1.4822,-1.4903,1.1176,-0.28435,-0.19117,-8.4948,-0.40431,0.51723,0.70592,0.20439,-0.58686,0.81254,0.5701,0.47311
5,7.5406,1.3338,7.2071,-0.19356,0.20111,0.15538,-0.64895,-0.22691,-0.089217,4.1663,8.0843,-4.5954,-0.009845,0.044294,-0.010828,-0.7371,-0.37218,-0.12379,6.5062,-7.3148,0.95583,-0.098573,0.003434,0.16372,-0.90712,0.32908,-0.64894,-3.8564,13.432,1.75,0.32281,-0.55149,1.2404,0.31054,-0.44948,-0.33005,0.53258,-6.8851,-3.5567,-0.16654,-1.3772,1.5815,0.17825,0.39058,0.39897
4,14.727,-0.57665,3.7111,1.1377,-0.18793,0.3073,-0.79458,-0.18297,-0.33481,0.80031,6.9517,5.5222,0.61034,0.54174,-1.1409,-0.1155,-0.68329,-0.873,-2.5902,-8.3819,4.8271,0.5101,0.11155,0.52584,0.27671,0.50487,-0.78153,-13.097,-1.4818,-4.6658,0.033653,-0.16877,-1.0872,0.66288,-0.11172,0.011969,-14.115,1.7422,-3.6744,0.97116,1.6832,-2.1412,0.4134,0.32309,0.27207
9,8.2666,-1.9769,-0.47183,-0.53844,-0.1269,-0.33701,-0.97058,0.041939,-0.38262,7.5509,5.6163,4.8221,-0.092101,-0.59885,-0.41301,-0.62745,-0.72206,-0.42311,2.7146,-4.0631,6.8901,0.53189,1.2581,1.1933,-0.26442,0.11094,-1.0068,-9.1718,0.10955,-3.2033,0.69901,0.023041,0.031323,0.92095,-0.55296,0.23667,-7.9881,-5.2682,-3.4304,1.6225,0.67878,-0.075086,0.75276,0.74401,0.40227
9,13.723,-0.76264,-5.8283,-1.8082,-1.0626,0.25475,-0.89033,-0.24922,0.054737,12.804,-0.46186,4.6618,-0.4265,-1.51,-0.46364,-0.77267,-0.43909,-0.016202,18.05,-2.992,10.889,2.5572,1.6287,2.4504,-0.45998,-0.1071,-0.76178,-12.464,0.17983,2.4766,-0.02806,-0.84844,-1.0072,0.58574,-0.52043,-0.46806,-6.7097,-5.6117,-3.3809,0.15039,0.49724,0.82729,0.50694,0.30678,0.69921
1,13.988,-0.49623,2.72,-0.25831,0.56736,0.052944,-0.70793,0.17636,-0.46911,-1.3875,8.7566,5.6967,-0.026406,0.20518,0.050043,0.0407,-0.11456,-0.64131,-1.3395,-7.3675,7.6086,-0.13118,0.094646,0.3452,0.55573,0.79665,-0.5614,-18.224,22.391,-4.7702,-2.1394,0.34257,-2.3163,0.24328,-0.84293,0.31668,-12.709,-6.012,-2.3743,-1.2119,-0.20315,0.6347,1.1234,0.21709,-0.02956
5,9.9765,-0.63332,2.4452,-0.065822,-0.001595,-0.001203,-0.58719,-0.17753,0.17974,2.5921,0.50941,9.595,0.000153,-0.026214,0.022017,-0.28199,-0.16366,-0.24052,1.0501,-1.3094,9.8086,-0.061584,0.000275,-0.008653,-0.60679,-0.10991,-0.53275,-0.96916,8.0659,-0.83322,0.91631,0.041429,-1.909,0.27523,-0.59227,-0.199,-1.8518,-10.911,-3.5745,0.95785,0.12285,-1.1038,0.35211,0.40402,0.27464
6,9.1544,-1.1863,3.3811,0.86979,0.18975,-0.32928,-0.89211,0.46175,-0.013945,-1.1836,5.8265,8.0905,0.35385,0.28026,-0.2356,-0.45445,-0.26332,-0.81249,-1.0737,-4.4887,8.8326,0.064227,-0.15423,-0.23932,-0.26161,0.75598,-0.55477,-9.8197,8.4455,0.63145,-0.51455,-0.025717,-2.5048,0.53875,-0.45804,0.2979,-6.8912,-9.2581,-1.5217,0.49472,-0.26829,-2.6536,0.50121,0.61718,-0.39468
6,8.5046,1.8115,3.3448,0.54201,0.094128,-0.49536,-0.93744,0.33689,-0.10167,-2.7173,5.9273,7.2949,0.076049,0.11346,-0.13531,-0.27986,-0.33147,-0.87136,1.7434,-3.4506,8.7185,0.35713,-0.077984,-0.17257,-0.4907,0.67562,-0.5452,-10.548,12.587,-0.60259,0.78253,0.26089,-0.59399,0.59461,-0.31215,0.28016,-0.80626,0.63922,0.67426,0.1612,0.17905,-1.752,0.29607,0.72669,-0.47374
9,13.273,0.92481,-0.30104,1.1616,-0.61927,0.56944,-0.99989,-0.24288,-0.023379,10.268,3.9486,3.3227,-0.6127,0.70292,3.2483,-0.57464,-0.70911,-0.22132,1.9118,-1.7299,5.4807,-2.4841,1.9388,0.14103,0.50911,-0.08391,-0.81179,-19.059,21.289,-3.8031,0.89523,1.3305,0.82027,0.78952,-0.5705,-0.36968,-12.697,1.8123,3.578,-2.4375,-1.2399,-0.32507,0.97956,-0.082566,0.13181
1,7.9208,-0.79024,2.0534,-0.37594,-0.21618,-0.078706,-1.0463,0.093219,-0.50226,1.0575,6.4982,5.6565,-0.56259,0.53726,-0.69637,-0.094221,-0.54658,-0.79886,1.3982,-5.8053,7.0024,0.068981,0.53885,0.34911,0.17672,0.95496,-0.88291,-9.7632,1.0178,-1.2929,0.18657,-0.42499,-1.679,0.63603,-0.41464,0.3724,-6.8583,2.644,-2.1084,-0.034558,0.35044,-0.95448,0.33935,0.77565,-0.005475
8,9.5109,0.16213,4.2829,-0.53588,0.66348,0.059427,-0.91652,0.36674,0.23554,5.4642,3.7342,0.67755,0.2469,0.41967,0.78078,-0.93286,0.38308,0.040016,5.293,-1.8509,2.8549,-3.5338,0.28838,0.089243,-0.9015,0.25864,0.42639,-5.8654,7.7649,-0.83046,-0.51751,-0.47271,-0.14342,0.80045,0.30923,0.53359,1.185,-1.5056,-0.34874,0.70226,-1.1733,0.246,0.84123,-0.078286,-0.52802
8,-0.087502,-0.01904,-1.74,0.13541,-0.038943,0.08154,-0.73727,-0.31171,-0.31273,-1.8016,0.17602,2.7457,-1.1755,-0.60024,-0.31561,-0.33391,-0.63835,0.35949,-2.1334,0.36598,0.78846,-0.29648,-0.16684,-0.47617,-0.47192,0.031351,-0.62887,-2.9159,-1.579,2.1145,0.12913,0.39634,-0.29883,0.48333,-0.27462,-0.5035,-0.28108,-0.12784,0.43288,-0.14717,0.091576,0.056809,0.48861,0.16622,0.59337
4,10.403,-1.2085,3.1363,1.1656,-0.27667,0.016757,-0.75691,0.018763,-0.49304,0.67102,6.5495,6.8381,0.056129,0.3505,-0.63339,-0.23584,-0.6533,-0.78246,-3.1314,-6.4031,6.9684,0.23825,-0.57251,0.57715,0.00244,0.41238,-0.89353,-11.31,-0.73622,-2.1618,0.31513,-0.001103,-1.3345,0.56769,-0.24174,-0.058383,-10.75,-2.6384,-1.7489,0.61491,0.41599,-1.0711,0.46706,0.28518,0.1875
3,8.437,-1.3842,3.195,0.014404,0.31051,-0.13507,-0.67306,-0.10068,-0.66499,1.9555,6.2501,7.9248,-0.32896,0.95258,-1.1864,0.41202,-0.23389,-0.30869,4.1414,-9.9348,7.7841,1.2118,0.97783,1.1678,0.033596,0.47244,-0.6224,-10.193,-0.89867,-0.25065,0.66385,0.1443,-0.87464,0.83614,0.022871,-0.43427,-6.5931,-2.0807,0.46152,1.0076,-0.28995,-0.98753,0.79053,0.80533,0.014905
2,27.379,3.8752,-3.9914,-10.552,0.2544,0.53568,-0.94898,0.025989,-0.44832,1.7557,13.045,-0.78019,0.60261,0.39572,1.8548,-0.65157,-0.63321,-0.2693,6.6859,-4.2745,9.8376,-0.23493,0.49309,-0.9975,-0.4059,0.60681,-0.95688,-17.521,-8.9382,-3.8094,1.4282,-0.52824,4.5955,0.60982,-0.68789,-0.044745,-17.88,9.6681,-4.3734,3.7835,-0.10053,3.0681,1.0704,0.44296,-0.003443
3,6.8997,2.9463,0.036051,-0.01592,1.151,0.005516,-0.81984,-0.11652,-0.64733,2.7772,7.9873,-0.38214,-0.057858,-1.1513,-0.17908,0.72508,-0.089397,0.29236,5.5711,1.0271,6.0309,-1.4122,0.79849,-0.83011,-0.36786,0.31389,-0.74848,-7.0645,-1.2807,-1.7355,0.30274,-0.22836,1.9515,0.81996,-0.11686,-0.44265,-7.3113,-3.512,-1.9088,0.79593,0.17506,1.4718,0.76009,0.57027,0.46535
6,8.8875,-1.2441,1.6434,-0.174,-0.13679,0.1914,-0.89504,0.34413,0.25705,3.1696,0.82893,9.0759,-0.059098,-0.16337,0.10765,-0.92905,-0.013548,-0.65359,1.0809,-1.3216,9.6849,-0.050299,0.069814,0.26086,-0.53842,0.58655,-0.73802,-1.3731,3.6894,-0.37855,-0.44932,0.024717,1.0372,0.5697,-0.54646,0.19865,-7.4449,-9.6977,-5.2111,-0.096381,-0.064973,0.53653,0.71823,0.35139,-0.15234
5,8.5031,-0.87728,4.9855,0.049647,-0.19115,-0.048067,-0.81068,-0.061231,0.039998,-1.1341,7.9821,5.2595,-0.049253,-0.010372,0.2254,-0.11484,-0.49406,-0.076236,-0.74021,-3.3571,9.5628,0.43741,0.074728,0.41528,-0.48148,-0.12027,-0.6207,9.4859,-4.0621,2.8252,-0.015302,0.078164,0.67174,0.098736,-0.60185,-0.33294,-2.4167,-15.744,-3.1733,-0.27103,0.16658,0.45856,0.33194,0.28015,0.16905
9,1.8247,-0.932,0.044557,0.73937,-0.31123,-0.00432,-0.64918,0.26376,-0.23614,-1.3615,9.0532,-3.8903,-0.50936,0.49094,-0.64973,-0.25659,-0.65912,0.029889,2.7538,-0.81024,4.0397,0.16463,-0.93669,-1.2242,-0.143,0.47638,-0.5669,-5.2749,-2.0792,-4.5975,-2.0764,-0.95091,1.4948,0.63648,0.012202,0.31722,-11.708,0.52226,5.0307,1.866,-1.0763,-0.4653,0.7157,0.070771,-0.11266
4,12.127,-2.0971,-0.69296,0.99407,-0.65807,-0.20213,-0.99248,-0.001857,-0.18643,-4.4483,6.5505,3.1984,0.24318,0.39624,-0.32334,0.078786,-0.75174,-0.62289,-1.5867,-7.0073,6.333,0.15862,-0.43886,-1.3141,0.29801,0.30595,-0.95887,-12.342,5.3879,-3.8918,0.18668,-0.39137,-1.2839,0.61857,-0.20943,-0.1086,-10.296,-5.7858,-0.68414,0.39189,0.86778,-1.429,0.29987,0.46123,0.17416
0,10.425,-1.4529,4.0221,0.081944,0.020912,-0.16759,-0.65171,0.022723,-0.61406,9.8232,6.1269,1.0748,-0.1156,-0.24685,0.20337,-0.55737,-0.63698,-0.72094,7.6772,-2.6096,2.2372,-0.047724,-0.11242,-0.22885,-0.47324,1.1161,-0.81489,-10.997,4.5038,-0.29365,0.23682,-0.51086,-0.59084,0.80572,-0.21911,0.30262,-13.032,-9.8205,-0.94746,-1.7334,0.90297,-0.85211,0.8305,0.85956,-0.033387
5,9.0751,-1.3212,4.2139,-0.26505,-0.23506,0.14473,-0.62037,-0.09306,0.082463,6.5108,5.5833,5.0467,-0.09298,-0.15218,0.24104,-0.88679,0.021598,-0.25166,5.393,-6.2813,5.2481,-0.071286,0.29729,-0.091948,-0.80351,0.19696,-0.63704,8.6566,0.53859,1.2799,0.55646,-0.10552,-0.21118,0.30264,-0.55324,-0.30204,0.45292,-16.185,-2.7365,-0.050451,0.31011,-0.37855,0.36789,0.35118,0.28423
0,8.0433,-0.35708,2.3146,-0.4354,0.21716,0.051085,-0.7199,0.14576,-0.63985,8.9202,2.2428,0.39637,-0.94117,0.55882,-1.8239,0.28779,0.30238,-0.93991,7.348,-2.4877,2.4817,-2.3414,0.17055,-0.11166,-1.0974,0.65888,-0.11469,-6.5275,-4.4752,-1.3228,-0.70887,0.46249,1.9663,0.70184,-0.43451,0.46243,-9.2002,-1.3366,-0.99633,-1.0445,0.32368,1.2324,1.1358,0.64854,-0.238
8,0,0,0,0,0,0,0,0,0,0,0,0,0,0,0,0,0,0,0,0,0,0,0,0,0,0,0,0,0,0,0,0,0,0,0,0,0,0,0,0,0,0,0,0,0
0,7.2733,0.69571,2.6912,0.31784,-0.03959,0.31578,-0.81161,-0.27536,-0.68186,5.4669,5.4012,5.4708,-0.010096,0.10777,-0.08068,-0.52776,-0.77709,-0.71424,6.7772,-4.6398,4.6437,-0.008148,0.22508,-0.077533,-0.61734,0.72072,-1.0816,-7.4479,-4.2774,-1.4821,-0.30961,0.14406,2.1175,0.1092,-0.8286,-0.033424,-9.7399,1.5645,-1.7221,-0.62557,0.008034,1.3898,0.51386,0.48298,0.17492
0,8.3275,-1.8397,2.4504,-0.10469,0.44917,0.12298,-0.79235,-0.15651,-0.77064,5.6534,3.9697,5.8507,0.16047,0.053572,0.79814,-0.50054,-0.79167,-0.6833,5.2737,-6.1219,5.7494,-0.05167,-0.50617,0.14116,-0.24045,0.89028,-1.1667,-11.082,-3.3857,-3.1277,1.0918,0.27956,-1.4359,0.075657,-0.81314,-0.17697,-13.204,3.7726,-3.2026,-0.17803,0.30514,-2.4914,0.6133,0.35037,0.1864
6,3.5,-8.9668,2.3984,-0.104,-0.14153,0.011411,-0.69079,0.60364,0.34199,0.81002,2.8012,9.1162,0.14239,0.10797,0.042313,-0.40781,-0.058006,-0.66262,-1.0572,-2.5163,10.099,0.063239,-0.064951,-0.05521,-0.37727,0.50092,-0.60913,-5.1738,3.1677,-1.8527,1.5767,1.0354,-1.8287,0.69258,-0.20635,0.20956,-7.0453,-8.9707,-2.842,0.95457,0.28502,-1.1322,0.62641,0.36009,-0.20897
4,7.8865,-1.2569,1.7439,-0.040726,0.17782,0.20983,-0.73398,0.12595,-0.5435,3.3172,7.13,6.072,0.24254,0.14463,1.03,-0.45224,-0.72886,-0.76265,-1.6996,-7.3233,7.0601,-0.013697,-0.68657,0.10179,-0.19303,0.46999,-0.65721,-7.6965,3.3712,-1.2839,0.80794,0.054304,-0.90915,0.47469,-0.30134,-0.12948,-8.3191,-1.1134,-0.82355,0.55661,-0.22022,-0.84303,0.59904,0.056686,0.26276
8,-3.8471,1.7162,-1.6529,-0.55693,-0.89172,0.94878,-0.78999,0.35608,-0.27124,-0.26177,0.18289,-0.95539,-1.1043,0.27922,0.78448,-0.62557,-0.22179,-0.20918,-0.33189,0.89866,2.5916,2.1065,-0.7017,-0.82997,-0.70936,0.34719,0.2079,0.13643,-7.4333,-2.8855,-0.79068,0.32626,0.86265,0.67911,-0.17399,0.39702,0.3795,5.3035,-2.2985,2.6381,1.6562,-0.34051,0.5951,0.12355,-0.32451
5,8.0873,0.51447,3.5088,0.19724,0.21273,-0.2464,-0.64549,-0.10747,0.059442,-0.54273,5.2916,7.469,0.29011,0.08883,0.080024,-0.19261,-0.41749,-0.27804,0.35546,-2.0401,8.906,0.21402,-0.15504,0.14565,-0.52398,-0.094816,-0.58993,-3.4823,12.672,-3.6042,-0.7339,0.45369,0.84792,0.40783,-0.51048,0.036913,5.8457,-4.5948,1.8916,-0.68943,-0.1116,1.3857,0.02854,0.6292,0.063807
1,9.5349,0.41042,2.6667,-0.193,-0.02426,0.14828,-1.1098,0.090478,-0.35606,0.7946,8.2029,5.3848,-0.14234,0.31746,-0.58528,-0.13771,-0.63436,-0.80228,1.2681,-5.9842,7.8174,0.020756,0.84191,0.4008,0.1129,0.96658,-0.90246,-6.586,-1.9853,-1.2366,0.69554,0.14595,1.0391,0.025312,-0.79299,0.2949,-9.8108,-0.93702,-1.6467,-0.21273,-0.30084,1.5808,0.84506,0.50531,0.020939
5,9.2024,-2.8984,2.2062,0.020395,-0.020673,-0.055522,-0.64134,-0.14911,0.1232,1.7216,5.8704,7.2347,0.064018,0.01231,-0.00073,-0.26633,-0.48948,-0.18468,1.0866,-3.1266,9.3684,-0.13482,0.046665,-0.003564,-0.45724,-0.094229,-0.58947,-5.3198,11.669,-1.5935,-0.16745,0.33166,-1.5078,0.30453,-0.50489,-0.21598,0.93445,-7.7287,2.5483,0.20325,-0.033576,-1.4722,0.10365,0.58972,0.091445
9,8.5699,-2.8134,-3.2571,-4.1834,-1.8291,0.20845,-0.98074,-0.013994,0.25384,4.6924,7.1118,1.6913,0.033268,0.60442,1.0414,-0.83659,-0.23163,0.3207,12.176,-9.8888,4.7369,-0.34769,1.8318,3.3848,-0.69564,0.004545,-0.64496,-10.713,10.318,-2.735,-1.7399,0.16998,0.51683,0.73051,0.2592,-0.5652,-12.51,-5.7416,5.5205,-0.039536,1.3084,1.3576,0.74577,0.039689,0.56612
8,0.53098,-0.69712,0.59328,-0.040289,-0.072558,0.038513,-0.70958,-0.32196,-0.39595,2.3974,1.4465,0.95145,-1.197,-0.69446,-1.7245,-0.39585,-0.62834,0.34103,0.099519,1.8713,1.1853,-0.42096,-0.15549,0.71498,-0.44444,0.083011,-0.6801,-2.8144,1.2072,-2.7436,0.31098,-1.8709,0.76655,0.52806,-0.44325,-0.3931,-1.2908,-3.9204,-3.3748,-0.7825,-1.0328,-0.077256,0.47391,0.239,0.57022
6,8.5341,0.31632,4.8097,0.43067,0.040028,-0.20717,-0.92002,0.29207,-0.078096,1.1996,8.3591,4.9817,0.20042,0.43131,-0.10795,-0.74438,-0.57659,-0.48019,0.02929,-4.874,8.6011,0.065029,-0.36543,0.046481,-0.58002,0.70813,-0.5719,-11.741,9.3409,-0.15811,0.87585,0.18301,-2.1112,0.66588,-0.28565,0.2252,-7.4989,-6.7328,-5.5797,0.85667,0.2978,-2.0893,0.62127,0.584,-0.082515
7,9.912,0.79987,2.3751,0.42028,-0.33346,0.079876,-0.77334,-0.22319,-0.53872,1.9144,4.8414,10.093,0.048325,-0.12818,0.73686,0.40288,-0.21013,-0.84326,2.9377,-1.8494,8.5552,-0.039289,-0.56064,-0.89955,0.10392,-0.054692,-0.93962,-1.9187,9.5246,1.4787,0.28058,0.16184,0.83704,-0.25304,-0.88987,-0.25069,-1.1201,-9.8305,1.422,-0.42394,-0.073996,-0.94503,-0.31915,0.92147,-0.017247
1,7.2665,0.097162,2.07,0.69665,-0.20567,-0.31056,-0.74066,0.028791,-0.49947,6.5937,4.7377,-0.30626,1.2239,-0.058884,0.21585,-0.17808,-0.64998,-0.93247,7.0045,-2.3655,1.2385,0.71385,0.64091,1.9859,-0.81491,1.1748,-0.57435,-8.8155,2.3993,-2.5287,0.30421,0.29584,-0.95474,0.73678,-0.4311,0.2899,-5.2814,5.5709,-0.68272,0.40182,-0.025833,-0.92979,0.72186,0.99159,-0.20853
1,8.2585,0.51364,1.7137,-0.14691,-0.48241,0.26596,-0.79058,0.046609,-0.3549,7.9168,4.7036,3.6815,-0.039846,0.34942,-0.41369,0.90397,0.058315,-0.33478,8.018,-2.6352,4.8048,-0.42297,0.43792,1.7018,-1.4312,0.73484,-0.68383,-5.8052,-0.14144,-0.70437,-1.0241,0.62257,0.60975,0.31014,-0.79304,0.23304,-9.6396,0.42802,-1.5507,-0.21102,0.073342,1.3261,1.0319,0.39137,0.010482
1,7.1926,-1.7255,0.80848,1.0045,0.32678,-0.10811,-0.73832,0.16613,-0.49045,6.7173,-0.035099,2.626,-0.28066,0.71715,-0.074232,0.27659,-0.27394,-0.40576,7.9663,-3.2131,4.4123,0.001885,-0.14453,0.19961,-1.3747,0.8042,-0.79246,-9.2647,1.6843,-2.2778,0.17531,0.30424,-1.3832,0.69236,-0.56032,0.27072,-11.15,0.34658,-0.92667,0.52309,1.2383,-2.2419,0.9767,0.71034,0.033717
6,7.058,-8.7994,1.3842,-0.22631,0.20157,0.21603,-0.39545,0.87094,0.10604,1.5945,1.2045,9.4313,0.15939,0.15629,-0.18307,-0.4707,0.046944,-0.61775,1.4764,-1.3799,9.2514,-0.016825,-0.15567,-0.24896,-0.49579,0.45531,-0.59186,-14.516,8.5617,-2.7202,0.64905,-0.55227,-1.3597,0.6248,0.11772,0.19562,-3.4508,-4.3293,-0.14502,0.014867,0.33548,-1.8316,0.48236,0.60501,-0.21489
9,9.9885,-0.24086,-0.055435,0.48708,0.14924,0.19133,-0.79191,0.24561,-0.13151,5.4177,12.39,-4.2039,2.55,3.132,1.171,-0.64545,-0.41534,-0.26376,7.2104,-3.5128,4.4295,-0.086568,0.015855,0.89105,-0.30234,0.61405,-0.50301,-8.8607,-0.71864,-2.9238,0.39263,-1.352,-2.2384,0.74842,-0.1866,0.32274,-3.5559,1.4046,3.5556,1.0119,-0.8513,1.1806,0.729,0.1981,-0.33839
0,8.3231,-0.010151,4.9019,-0.35341,-0.25886,-0.22019,-0.8005,0.14269,-0.63118,5.7563,7.7778,0.50493,-0.1172,0.47486,-0.21673,-0.45142,-0.32494,-0.55241,5.824,-4.1438,5.6162,0.047632,0.10932,-0.35264,-0.20116,0.69607,-0.94291,-9.0175,-1.2174,-1.5693,1.0922,0.7319,-0.76031,0.71077,-0.53981,-0.038741,-9.8197,1.7884,5.5759,2.5489,0.95126,-1.3306,0.75368,0.59577,0.26747
5,8.8174,-1.0095,4.4667,-0.14846,0.055665,0.26561,-0.80078,-0.088031,0.066613,-1.2363,8.6906,4.8466,-0.082815,-0.016815,0.10341,-0.078815,-0.50808,-0.051523,0.68508,-2.5507,9.5905,-0.098219,0.1085,0.1308,-0.55472,-0.11935,-0.57085,4.1103,2.6369,2.3617,-0.4632,0.051204,1.3514,0.14681,-0.58016,-0.33405,-2.8142,-13.735,-3.0015,-0.18854,-0.20443,0.72531,0.33612,0.27683,0.17226
0,8.3014,2.0446,2.2093,-0.23812,0.26831,-0.25718,-0.73707,-0.21329,-0.77222,4.8507,6.3421,5.8296,-0.17684,-0.75205,0.005674,-0.43922,-0.83222,-0.66284,5.2771,-4.6441,6.1227,-0.12644,-0.39683,-0.48035,-0.36894,0.80695,-1.0528,-10.598,-3.9835,-1.8371,1.3646,-0.28331,1.6087,0.53171,-0.44008,0.15005,-8.9826,7.3093,-1.5683,-1.2131,0.56991,1.0156,0.30753,0.6743,0.12375
3,12.102,1.7414,3.474,0.17275,-0.013222,0.34493,-0.70664,-0.057885,-0.64436,-1.9941,4.7983,10.878,0.51037,-1.0758,1.42,0.5632,-0.077031,-0.079178,2.89,-4.4688,9.6162,-0.53254,-1.4745,-0.2522,0.13031,0.33946,-0.70329,-8.3586,5.5426,0.0193,0.46641,0.47976,-1.3334,0.74521,-0.56089,-0.43663,-13.572,-3.8315,-2.261,-0.95986,-0.38811,0.077178,0.7319,0.29726,0.50472
6,9.6996,-0.010462,-1.1405,-0.10585,-0.033969,-0.21324,-0.97584,0.41791,0.38977,-2.1977,6.7383,7.1595,0.087516,0.049705,-0.15676,-0.39479,-0.37229,-0.84368,-0.37178,-1.3408,9.9057,0.012376,-0.085927,-0.11339,-0.45903,0.49347,-0.77815,-6.4128,8.5545,-4.0463,-0.45693,0.38201,0.018071,0.53551,-0.31512,0.29655,0.81319,-4.7143,-0.32909,0.094861,0.11538,0.3671,0.29952,0.83004,-0.23926
6,9.8147,1.9256,0.2362,-0.035459,-0.11513,0.01394,-0.75205,-0.002946,0.41211,0.98049,2.2514,9.9006,0.011048,-0.041944,-0.033442,-0.45576,0.001902,-0.63442,2.349,-6.3481,9.2843,-2.8849,0.85481,0.13116,-0.76697,0.62244,-0.33082,-9.7297,5.0282,-2.9512,-0.002771,0.12364,0.52675,0.6353,0.12233,0.1506,-1.0305,-4.7103,-0.028555,-0.28311,-0.33231,0.62418,0.44083,0.65525,-0.16105
5,9.8245,-0.57048,1.6462,0.004845,0.056615,0.010154,-0.59261,-0.2422,0.19116,0.28003,7.8155,6.2575,-0.088368,-0.03933,0.089975,-0.16244,-0.5544,-0.080681,0.88534,-4.7658,8.6006,0.39139,-0.1781,-0.058326,-0.39674,-0.000582,-0.63542,1.1724,6.7455,-0.26771,-0.48884,-0.12943,1.5504,0.16944,-0.60697,-0.3231,-3.9013,-14.461,0.21505,-0.95817,0.26186,1.0716,0.26712,0.37808,0.2126
3,8.5936,-3.8895,1.8231,0.04868,-0.68072,0.1176,-0.72727,0.29524,-0.70214,2.5361,9.4637,-0.86753,-0.87779,-0.97612,-2.6244,0.6951,-0.16342,0.31761,-0.087368,-8.4307,5.8261,0.32143,1.0633,2.284,0.17918,0.47928,-0.57379,-9.0686,3.5662,-3.3056,-0.44405,-0.23992,-0.85951,0.85553,0.11767,-0.60477,-9.4214,-3.6818,0.534,-0.10423,0.36374,-1.523,0.75562,0.63168,0.33304
6,9.7228,0.52826,-0.2987,-0.082778,-0.05582,0.3509,-0.75657,0.23846,0.36864,0.72759,3.4426,8.934,0.028723,-0.44846,0.078101,-0.43982,-0.11932,-0.65753,3.229,1.7285,9.5701,0.17056,0.42626,0.33252,-0.58923,0.376,-0.56687,-3.5424,5.2962,-1.8701,-0.74323,0.19212,1.5388,0.51124,-0.47262,0.33597,-7.2605,-6.4143,-7.9693,-1.1824,-0.032551,0.70369,0.62936,0.37696,-0.003019
6,9.2781,2.415,1.0877,0.48217,0.28217,-0.34103,-0.79718,-0.0518,0.31867,1.1898,2.3661,9.7228,0.21571,0.095315,-0.18714,-0.44987,0.016566,-0.63796,1.2,-0.41764,9.6678,0.17621,-0.23709,-0.063408,-0.49983,0.42815,-0.60032,-15.042,7.5246,-1.8535,0.063453,-0.4205,-1.6296,0.62356,0.11784,0.18463,-4.0676,-5.8289,-1.0153,-0.38573,-0.026811,-1.7382,0.47982,0.61144,-0.17894
1,8.0997,2.4514,1.1179,-0.70226,0.048826,0.20481,-0.72398,0.003383,-0.49,10.033,2.3734,-1.1959,0.4569,1.0104,-1.8042,-0.19508,0.18726,-1.6325,8.9053,-2.2018,3.997,-1.2259,-0.78968,-1.563,-1.3175,0.61999,-0.20341,-11.216,-1.439,-1.0059,-0.13904,-0.15412,2.5106,0.614,-0.59544,0.28369,-9.6287,-1.2021,-1.1914,-0.014872,-0.035399,1.6122,0.99391,0.72193,-0.11996
0,7.0929,0.24778,3.1349,-0.252,-0.052368,-0.25759,-0.62741,0.075576,-0.65081,1.7666,7.6211,4.9519,-0.043601,-0.16377,0.34878,-0.067011,-0.27501,-0.63348,2.637,-4.9582,6.7052,0.045103,-0.37408,-0.19486,0.23928,0.72219,-0.90085,-8.6622,0.20713,-3.1495,0.61406,-0.35421,-1.5021,0.60966,-0.51535,0.39232,-8.9373,1.4404,-1.5779,1.0389,0.12833,-2.0867,0.80317,0.68005,-0.17969
8,-0.43537,-0.36989,-0.23948,-0.23649,0.21645,0.074617,-0.7425,-0.29837,-0.31169,-1.0639,1.2544,2.3901,0.16489,-0.72821,-0.13175,-0.4238,-0.55414,0.41114,0.7699,-1.5675,0.83393,-0.84573,-0.29468,1.3853,-0.45015,0.084522,-0.63962,-2.4782,3.9212,-3.3902,0.45261,-2.2198,0.71784,0.48525,-0.32407,-0.47258,-0.20462,-6.9087,-2.2303,-0.25386,-1.9807,0.6666,0.48295,0.16279,0.59857
4,10.617,0.24689,0.57322,0.92153,0.41884,-0.022603,-0.8301,-0.26796,-0.32515,-9.6133,10.051,4.7188,0.40534,0.14521,2.2414,-0.23471,-0.5993,-0.63472,3.5017,-8.1331,7.0371,0.51513,-1.3724,-2.1542,0.075465,0.53561,-1.0162,-12.733,4.3615,-2.4441,0.28388,-0.14407,-0.67114,0.70695,0.024708,-0.001753,-5.2463,0.002467,-0.81728,0.17169,0.23898,0.65833,0.36135,0.36272,0.21433
7,8.7954,-2.2181,3.2211,-0.17139,-0.12303,-0.15366,-0.61405,0.18747,-0.80031,-2.9274,-3.0784,7.9816,0.12286,-0.51814,0.19669,0.6693,0.55417,-0.46597,-4.5467,0.21119,7.7408,0.072503,-0.44982,-0.3623,0.77383,-0.44068,-0.42615,0.34619,9.3338,1.1073,-0.054509,-0.076816,0.53805,-0.56222,-0.75997,-0.25,1.3079,-9.6747,-0.70043,0.016634,0.11707,-0.54951,-0.64487,0.73687,0.089164
6,10.083,-0.90695,2.1427,-0.44326,0.030573,0.40298,-1.0126,0.49065,0.087099,-1.1006,9.7588,4.0433,0.076657,-0.10143,0.12062,-0.5174,-0.64412,-0.6123,1.6829,-2.1376,9.6895,-0.084782,0.097727,-0.077313,-0.57491,0.54022,-0.62743,-10.446,8.2469,-0.77284,1.0249,-0.051354,0.86875,0.62748,-0.22075,0.25898,-0.16719,-0.78248,1.7428,-0.2593,-0.27748,0.63294,0.45793,0.58376,-0.36493
0,9.8078,-0.47553,3.2049,-1.0771,-0.077335,-0.17288,-0.70279,0.028108,-0.70643,3.2678,10.891,-0.092347,0.45924,0.21894,0.73128,-0.32961,-0.55371,-0.48227,6.463,-5.4386,6.4762,-0.1416,-0.23362,-0.17068,-0.16573,0.70271,-0.93752,-7.2282,-6.159,-2.5167,0.00709,0.95209,-0.32706,0.58224,-0.59661,-0.30819,-5.2353,-9.492,-3.5336,-2.1151,-0.3809,-2.1564,1.1355,0.18371,-0.11846
1,11.889,-1.1783,6.3064,0.037764,-0.88675,-0.33606,-0.77582,-0.18093,-0.67974,-0.43735,7.3375,6.5268,-0.020114,0.40577,-1.0604,-0.039095,-0.80524,-0.5956,1.9129,-9.3421,7.0996,0.25813,0.56155,0.098373,0.16032,1.0391,-0.96115,-11.916,2.206,-0.2277,0.96448,0.1109,-1.0433,0.63078,-0.32687,0.10717,-8.8575,-4.1487,-2.6433,0.084747,1.1357,-0.43672,0.14693,0.7152,0.10156
8,10.491,0.43287,-3.3086,0.040904,0.8188,0.095204,-0.78092,0.18767,0.63661,12.364,1.9736,-0.57598,-1.1625,0.90873,-1.9632,-0.85896,0.40172,0.30409,12.213,-1.8491,1.435,0.55608,1.1172,1.6261,-0.91481,-0.17601,0.33634,-9.5624,4.909,0.47477,0.48423,0.055676,0.33083,0.81072,0.43674,0.36271,-8.6482,-4.4705,-1.1794,0.95245,0.3475,-0.48572,0.88295,-0.32799,-0.27792
6,9.9252,-1.0435,-0.93436,0.19229,0.078834,-0.36304,-0.92994,0.48359,0.40631,-2.1289,6.0213,6.9268,0.015137,0.030215,-0.1851,-0.36811,-0.36916,-0.84367,-1.5977,-2.6157,9.6555,0.042283,-0.051844,-0.029836,-0.38865,0.57105,-0.71919,-9.9796,12.367,-2.831,0.13658,-0.70643,-2.2225,0.41749,-0.51162,0.38114,-6.6962,-9.7431,-2.9259,0.36987,0.10587,-1.1442,0.52825,0.66073,-0.23495
0,8.9001,-1.2438,10.638,-0.88407,-0.29652,0.51581,-0.7655,0.17199,-0.64621,3.5869,8.9329,0.011303,-0.10042,0.089343,0.12553,-0.45133,-0.66264,-0.41658,6.0192,-3.7616,5.8967,0.27009,-0.018003,-0.062019,-0.25049,0.60913,-0.99674,-8.4884,-3.5244,-0.5382,-1.7388,0.36455,2.0099,0.52662,-0.70387,0.079904,-9.0694,-0.3334,-0.40371,-1.6013,0.28637,0.97653,1.0684,0.37606,-0.15667
2,3.8817,0.6638,0.35685,-1.2088,0.55082,0.26667,-0.73965,0.078433,-0.52181,9.2713,-0.12909,-2.2455,-0.30708,-1.6045,0.21436,0.10753,-0.71541,-0.17655,-6.495,-5.5429,1.0351,-0.56183,1.3678,-0.72863,0.032491,1.0404,0.043591,5.6997,-17.114,2.5584,0.72427,-1.5168,-0.33188,0.38861,-0.65034,0.33887,-2.1763,-13.631,-7.1708,-0.52263,-1.196,1.4881,1.1018,0.35832,-0.057786
1,8.315,-1.2819,0.82214,0.60308,0.12466,-0.18023,-0.75975,0.077469,-0.4463,8.9083,4.7982,-0.15774,1.3108,-0.35651,1.3287,-0.20296,-0.33214,-1.2534,9.9732,-1.2848,2.2115,-0.42905,1.3589,1.586,-0.9433,1.1136,-0.29696,-8.9476,-0.31051,-0.8952,-0.039115,0.33924,-1.3211,0.69415,-0.53985,0.25444,-10.767,1.4138,0.89552,1.8288,0.63685,-2.0525,0.87069,0.88319,-0.025447
4,11.149,0.6432,4.681,-0.82596,-0.089699,-0.22277,-0.70676,-0.026737,-0.49775,-3.189,7.0009,5.5883,-0.28408,-0.89865,0.74276,0.11053,-0.64316,-0.75399,-3.1903,-5.5799,6.2319,-0.037877,0.80482,0.66619,0.47832,0.41962,-0.68584,-11.183,3.6226,-3.0431,-0.59601,0.99528,1.7927,0.37467,-0.4689,0.086183,-12.624,0.91091,-2.1252,0.47869,0.042487,1.9448,0.60284,0.31825,0.087291
4,9.5407,-1.0989,0.77791,-0.93796,0.47863,0.11895,-0.74795,0.16251,-0.4454,1.2171,6.1463,7.677,0.24047,-0.31146,1.4074,-0.13314,-0.82622,-0.79025,-8.1113,-6.8636,4.923,-0.19824,0.076895,-1.1281,0.35794,0.38124,-0.56858,-5.4194,2.9691,-2.7015,1.0214,-0.8104,-0.92192,0.35568,-0.47446,0.11109,-10.281,-1.2236,0.61299,0.6029,0.04044,0.19248,0.64147,0.22988,0.058451
5,8.746,0.63247,2.8138,-0.23044,0.16678,0.045549,-0.82639,-0.3175,0.019554,-0.73875,6.2286,7.1043,-0.17985,-0.054024,0.020112,0.3015,-0.63777,-0.016868,0.27184,0.15642,9.526,0.04072,-0.031793,0.072596,-0.61751,-0.19676,-0.61142,1.6195,6.8574,-1.2048,-0.82399,0.80727,2.5935,-0.12486,-0.72675,-0.23204,-0.95253,-13.089,-2.1339,0.18704,-0.43067,1.942,0.17716,0.4035,0.4152
1,9.144,-1.3105,1.539,0.15529,0.17325,-0.032572,-0.65527,0.11541,-0.58116,-1.0083,7.9716,5.8335,0.095382,0.13768,0.87036,0.083567,-0.1698,-0.62047,-0.6376,-6.1593,7.1017,-0.06091,-0.67819,-0.37051,0.48724,0.83808,-0.59298,-12.851,1.279,-3.3371,0.70351,-0.48193,-1.7097,0.39762,-0.76554,0.33622,-13.275,0.59284,0.23027,0.15431,-0.64702,-2.4517,1.0604,0.40962,-0.12099
2,4.7886,-0.7862,1.7343,-1.4546,0.48154,0.005944,-0.85753,0.024359,-0.86432,1.7554,5.6471,1.5842,-0.43937,-2.3739,0.2116,0.64533,-0.87746,-0.64341,-5.8342,-6.3068,4.0624,-1.0716,0.91083,-1.54,0.17113,1.2301,-0.65548,-0.011768,-16.509,-5.253,-2.0361,0.14211,0.64021,0.2119,-0.85764,0.13194,-8.7139,-7.6229,-3.3413,-2.6834,-0.91597,2.3268,0.72137,0.3047,0.32461
8,-0.71485,0.79272,0.20233,0.5335,-0.14106,-0.022419,-0.63366,0.45881,-0.29514,1.3176,-1.4299,-0.92814,1.8557,0.41299,0.95408,-0.15226,-0.72665,-0.26658,5.7237,-1.0443,1.0252,-1.9887,-0.1755,-1.1048,0.29112,0.48069,0.58009,-0.24009,1.2832,-0.27727,0.48279,0.20192,0.50802,0.48388,-0.073148,0.50793,-1.0177,1.5179,-1.7526,-0.83794,0.16345,-0.60538,0.49045,0.073801,-0.45317
1,12.971,1.3081,3.7788,-0.65552,0.30759,-0.34946,-0.88825,-0.1859,-0.68563,12.858,3.7974,4.134,-1.3104,-0.092865,-0.39396,-0.60013,-0.5163,0.12381,11.746,-4.1236,1.6187,-1.3605,0.17832,-2.047,-0.98687,2.3261,0.56352,-11.4,5.1211,0.35031,0.50479,-0.71683,0.96007,0.62026,-0.086208,0.15545,-8.7746,1.381,0.37422,-0.83979,0.73362,1.4379,0.031781,0.6752,-0.026856
5,8.4395,-0.50627,3.375,-0.24096,0.32565,0.26514,-0.60373,-0.15602,0.12036,6.3754,4.5081,6.4779,-0.022096,-0.11665,0.081247,-0.88647,0.051764,-0.25908,5.6631,-5.4736,5.1034,-0.081269,0.26646,0.25172,-0.80674,0.14678,-0.66171,2.7557,1.7604,2.4593,-0.63127,-0.49827,1.6002,0.32933,-0.53653,-0.30101,-0.75637,-16.404,-3.766,-1.2901,-0.88352,1.0463,0.38134,0.35217,0.26305
3,8.347,-1.1447,-1.4554,-0.19881,-0.089486,0.17563,-0.96081,0.073508,-0.43967,1.0523,7.9289,5.0552,0.29979,-0.18539,1.2088,0.6221,-0.081591,0.16492,0.59365,-6.9942,6.7731,-0.40958,-0.67729,-0.31846,0.45043,0.46708,-0.505,-7.9994,5.3982,-2.3938,-0.17044,-0.31552,-1.1484,0.4723,-0.73886,0.12277,-8.7754,-1.3116,-0.66729,0.27851,0.10775,-0.42707,0.84336,0.45809,0.028673
7,6.2112,-0.1458,7.6298,-0.013488,-0.024396,-0.016672,-0.17315,-0.049207,-0.9419,-6.9392,4.6802,4.4174,-0.21571,-0.11929,-0.077737,0.92641,-0.13276,-0.21549,-6.8609,-3.0318,6.6535,0.39719,0.005272,0.10441,0.87558,-0.081796,-0.40152,2.2445,9.5194,0.16529,-0.008365,-0.022709,0.33646,-0.64631,-0.67398,-0.21787,3.5626,-8.682,1.9501,0.006032,-0.039268,-0.27996,-0.77114,0.57098,-0.10516
5,9.6231,-0.82683,3.3814,0.16581,0.1298,-0.26592,-0.60389,-0.131,0.12882,6.4095,4.2989,6.1801,-0.016214,0.19453,-0.10777,-0.88865,0.068603,-0.23469,5.2302,-6.0265,5.6195,0.033486,-0.17916,-0.09281,-0.77557,0.16471,-0.68373,-9.4833,9.6296,-0.50387,-0.13965,-0.31077,-2.827,0.51279,-0.41746,-0.10651,0.71631,-10.372,-2.2172,-0.89946,-0.19762,-2.3618,0.1801,0.53024,0.23353
4,16.641,2.9559,2.0995,-2.154,-1.458,-0.027116,-0.79064,-0.20009,-0.33031,0.43829,8.6962,4.2982,-0.085595,-0.11268,0.90482,-0.037262,-0.69817,-0.915,-0.61596,-7.66,5.5584,-0.27688,0.10703,0.42927,0.18146,0.48641,-0.79373,-12.397,-1.4357,-2.4533,-1.2723,0.36962,1.8813,0.54246,-0.32267,-0.079077,-16.319,4.6039,-3.0166,-1.1137,-0.36357,0.84856,0.58177,0.18164,0.27587
7,8.3143,-0.98793,4.1209,0.27476,0.86665,0.014187,-0.60927,0.060749,-0.82667,4.7015,-0.27736,8.6342,0.12218,0.43624,-0.12105,0.15926,0.14769,-0.93544,2.8486,-2.6769,7.9229,-0.10257,0.084199,0.4759,0.19877,-0.007551,-0.94146,-1.0876,10.347,1.1531,0.47891,-0.052069,-0.46365,-0.38989,-0.86937,-0.21741,-0.049656,-9.8691,-1.3634,0.009302,-0.13909,0.39917,-0.48475,0.85238,0.048899
3,13.531,-0.89773,0.046211,-0.025629,0.3414,0.075709,-0.89958,0.093696,-0.49392,-0.35166,9.4608,4.7476,0.11977,-0.10927,0.5538,0.72145,-0.143,0.25268,-0.99144,-6.3099,8.8614,-0.32765,-0.06535,-0.29275,0.5997,0.40807,-0.50106,-9.2265,4.6622,-1.1842,0.4528,0.095543,-0.61681,0.42562,-0.7976,0.05279,-12.822,0.16141,0.12921,0.31007,-0.074576,0.036767,0.90524,0.3575,0.082375
6,8.9349,-1.6019,3.9004,-0.033245,-0.45702,-0.45552,-0.88204,0.46794,-0.090676,-0.69399,4.9928,8.9216,0.5609,0.50743,-0.09515,-0.47839,-0.16089,-0.87938,0.077984,-3.8933,8.3218,0.082463,-0.076042,-0.17162,-0.3598,0.78644,-0.48964,-5.5551,6.2241,-0.66792,0.79262,-0.022552,-2.2352,0.45522,-0.55998,0.3168,-8.9751,-9.4577,-1.8533,0.69188,0.24655,-1.9116,0.55014,0.55242,-0.41778
6,8.9803,0.5091,-1.4679,-0.56428,-0.049685,0.32269,-0.93704,0.4579,0.42767,-1.5684,5.906,6.9584,-0.11614,0.079333,0.17655,-0.45198,-0.3633,-0.86038,-0.75328,-1.6149,10.055,0.10125,-0.16596,0.017112,-0.42008,0.50941,-0.79469,-1.7925,6.7437,-1.7171,-0.42979,0.43948,1.7682,0.29556,-0.66658,0.36784,-6.6522,-11.666,-2.9917,-0.15631,-0.23933,0.89163,0.58782,0.56194,-0.32589
1,9.3583,1.1148,3.1807,-0.17722,-0.036748,0.041969,-0.84806,-0.16643,-0.64938,-1.5291,6.9595,6.6143,-0.2229,0.88069,-0.59486,0.37737,-0.67367,-0.81089,-1.147,-5.6467,8.2226,-0.012502,0.90124,0.70937,0.35185,0.57287,-1.0456,-4.7603,1.2252,-0.42918,0.035367,0.63149,1.2483,-0.14662,-0.84527,-0.019418,-11.133,-4.8279,-1.1209,-0.63476,-0.077352,1.6292,0.68314,0.36855,0.11371
5,9.244,0.17819,2.7061,0.13165,-0.17122,-0.08808,-0.82068,-0.2718,0.05732,-1.0119,6.4877,7.292,0.069801,0.054273,0.033868,0.32804,-0.63305,0.009388,0.011301,0.1047,10.058,-0.005603,-0.018356,0.13253,-0.62777,-0.19642,-0.62037,-1.0736,12.127,-3.2449,-0.27599,0.4152,-0.1248,0.052478,-0.69694,-0.14992,6.7414,-1.2097,0.40679,0.4947,0.10828,-0.21177,-0.20263,0.50185,0.4267
5,9.648,-1.1313,1.921,0.15286,-0.21662,-0.10833,-0.59596,-0.17044,0.17432,2.966,0.16156,9.5015,-0.061082,-0.066444,0.071939,-0.30928,-0.13889,-0.23891,0.95637,-1.3204,9.6737,-0.041097,-0.10943,-0.071606,-0.6072,-0.096791,-0.53735,-3.8434,11.223,-2.3824,0.54884,-0.033386,-1.9785,0.33612,-0.57318,-0.1499,-0.7087,-9.6757,-4.3559,0.2021,0.3685,-1.6293,0.29502,0.43494,0.30385
6,4.0089,-9.188,1.1026,-0.028109,0.23734,0.1193,-0.74744,0.56959,0.30057,0.030943,4.3227,9.3711,-0.11255,-0.25377,-0.014343,-0.3672,-0.12166,-0.67347,-0.33937,-1.6252,9.5224,-0.060489,0.19894,-0.003289,-0.39668,0.45779,-0.62414,-11.692,5.9993,-3.5775,-0.59663,0.006553,1.7083,0.68686,0.02842,0.17235,-5.2744,-6.7574,-3.6504,-1.3227,0.14954,2.154,0.54337,0.54192,-0.12944
9,10.998,-1.0358,0.26173,1.6115,-1.6084,-1.3262,-0.65012,0.62364,0.52511,6.0153,3.389,-0.25029,0.31681,3.0575,0.31187,-0.62867,-0.64313,-0.19225,11.29,-19.026,5.5251,-9.7293,0.059611,2.7653,-0.9316,-0.14616,0.25136,-15.993,4.7836,4.1019,-0.76067,-0.18818,-0.37472,0.83097,0.1849,0.50559,-9.4343,-16.144,-0.94995,-1.5165,-0.97177,0.24427,0.72078,-0.45321,-0.42245
1,9.71,-1.5766,6.8501,0.25497,0.53196,0.17896,-0.60602,0.22859,-0.72165,0.66935,8.3858,1.0436,0.46594,0.65124,-0.17536,-0.093066,-0.58932,-0.48005,2.765,-4.2001,6.9485,-0.032168,0.17948,-0.053941,0.20818,0.57622,-0.90501,-10.83,-3.0381,-1.6011,-1.3209,-0.12797,3.2164,0.5511,-0.73283,0.10056,-9.4297,-1.5971,-0.917,-0.65028,0.16719,1.0137,1.0958,0.4844,-0.18024
3,7.207,-1.5293,3.0799,0.51039,-1.0193,-0.36407,-0.63288,-0.029741,-0.71084,2.3523,1.7317,5.3491,-0.12964,1.306,-0.37094,0.19692,-0.31296,-0.83623,6.586,-4.5251,4.9834,-0.40557,1.5548,1.9049,-0.16722,0.50538,-0.68249,-8.2914,1.6136,0.12937,0.27266,0.39066,-0.79945,0.80608,-0.1071,-0.51351,-7.8428,-1.4911,0.33588,0.27775,-0.31326,-1.7488,0.74577,0.75146,0.17017
4,9.1638,2.149,0.15933,-0.73548,0.18071,-0.2868,-0.81965,-0.24737,-0.45266,-1.7012,9.5613,4.272,-0.57791,0.32193,-2.278,-0.44708,-0.62003,-0.40252,4.6923,-6.874,6.4953,-0.073261,0.59527,1.1553,0.093775,0.73019,-0.77318,-9.1427,0.34903,-0.094934,0.98727,0.075796,1.4496,0.57854,-0.33232,-0.10627,-10.484,-1.5832,-2.5967,-0.24437,-0.46793,1.1331,0.498,0.39272,0.22322
9,15.806,-3.9696,18.476,-0.31815,-0.90045,-0.33393,-0.70781,0.40555,-0.089933,5.3706,10.732,-0.92022,0.57161,0.18523,2.7274,-0.35433,-0.70499,-0.08972,13.955,-10.458,5.8493,0.36523,0.4652,-0.92032,-0.54153,0.61332,-0.30776,-4.525,-7.9333,-10.045,-0.90375,0.38137,-1.3616,0.67603,-0.089445,0.46718,-14.125,3.1751,-5.0416,-1.166,-0.37969,-1.7204,0.77216,-0.097225,-0.25993
3,10.348,-0.81285,3.2819,-0.1935,-0.33333,-0.12467,-0.66424,0.011406,-0.68818,2.0004,6.9928,7.3203,-0.26748,-0.48072,1.2532,0.79259,-0.20272,-0.10512,1.271,-3.1176,9.394,-0.10912,-0.99402,-0.23867,0.20214,0.13899,-0.73568,-8.7996,3.9685,-2.3853,0.59271,-0.34903,-1.3886,0.72063,-0.56468,-0.1375,-10.668,-2.7228,-0.94157,-0.27253,-0.10249,-0.18141,0.69816,0.43203,0.52191
8,14.331,-2.4553,-0.92999,-0.65855,-0.45148,0.70036,-0.79769,0.39324,-0.16916,7.6926,13.163,-2.2385,3.2479,-0.90379,0.79066,-0.5537,-0.28495,-0.26272,8.1929,-0.17185,2.2172,3.9376,-1.1435,0.51422,-0.73169,0.28489,0.21803,-9.8461,-1.2863,-1.7108,0.067048,0.45302,-1.8087,0.61563,-0.10872,0.56871,-12.05,-9.027,-0.91699,0.61101,-1.7537,1.4597,0.63897,-0.058523,-0.28956
0,9.0617,-0.54755,2.4686,0.63693,-0.16539,-0.10074,-0.66371,0.050427,-0.60702,10.71,4.1374,1.7912,2.0237,0.12837,1.1822,-0.27031,-0.46215,-0.85595,11.433,-1.6745,1.4057,0.25733,1.7213,0.97491,-1.2312,1.0487,-0.61756,-10.282,-1.2544,-2.4547,0.43432,0.29019,-1.2602,0.58273,-0.52017,0.28675,-11.142,0.65753,0.57541,1.5288,0.63175,-1.6726,0.86767,0.88543,-0.10774
3,-4.9917,5.0787,6.0503,0.31903,0.081545,0.2381,0.46251,-0.15986,-0.85632,4.1318,8.6058,-2.8722,0.073471,1.1893,1.2319,0.74839,-0.55424,0.51496,5.0532,-7.6264,3.6831,0.17929,-0.84096,-1.2,-0.10563,0.57249,-0.51747,-4.5354,0.79562,-1.4267,0.72258,0.96734,-1.8579,0.72187,-0.44178,-0.42452,-9.3028,-7.124,-2.8491,-0.36327,-0.012548,-0.025694,0.74515,0.28109,0.66044
2,-0.17875,0.77295,0.39982,0.69701,0.88978,-0.22079,-0.85819,-0.062112,-0.53053,-4.8501,0.0873,1.1253,0.62478,1.1225,1.3536,0.069709,-0.8396,-0.18613,6.2914,4.3474,2.8246,-0.41472,-2.817,-1.4117,0.48996,0.90702,-0.33662,-3.0245,13.999,-1.3191,0.28687,-0.21415,-1.4359,0.73746,-0.000711,0.4478,2.5986,10.196,-3.0032,-3.342,-0.25414,1.053,0.85965,0.66046,-0.2915
8,38.105,-6.4165,12.053,0.21164,0.22463,-0.000279,-0.4619,0.023631,-0.64046,45.805,0.62834,3.6099,-0.46023,-0.51209,0.67085,-0.54716,-0.32162,-0.37859,41.147,-7.5603,0.5993,-1.0559,0.57558,-0.7943,-0.46543,0.34542,-0.43893,-34.424,-3.2883,-5.8758,-1.2172,0.46183,-0.04689,0.6389,-0.32331,-0.002128,-36.619,2.2156,-8.2487,0.31259,0.28709,0.25514,0.62758,0.26868,0.28428
3,9.0459,2.8607,5.9916,-1.0446,-0.87532,-0.98079,-0.68068,-0.22699,-0.75941,0.95783,9.7509,-0.030676,0.4933,0.35427,-1.9106,0.65252,-0.8814,0.19289,5.6596,-6.0188,7.9837,-1.3085,1.6663,1.8948,-0.051065,0.45506,-0.66246,-8.5727,3.8578,1.6135,0.069789,-0.067572,1.3577,0.83135,-0.32235,-0.38991,-8.307,-3.7502,-0.82052,1.1997,0.64855,0.52472,0.68918,0.59611,0.43114
0,9.0396,-0.95442,3.0139,0.08852,-0.11398,0.079368,-0.62358,0.11855,-0.6505,1.4713,8.1147,5.3999,0.011914,-0.4171,0.47494,-0.073443,-0.25277,-0.64213,2.3692,-6.0506,6.537,0.19932,-0.42711,-0.25057,0.24983,0.73526,-0.87437,-10.978,-0.85775,-0.37716,-1.6715,0.82669,2.3883,0.53323,-0.54889,0.49238,-7.9054,-3.4817,-3.9547,-1.4044,-0.25258,1.353,0.90586,0.55287,-0.12931
8,6.5867,-0.66133,-3.667,0.005968,-0.23915,-0.066234,-0.5836,0.35535,0.44512,4.9796,2.8455,0.96772,-0.56404,-0.37836,0.49378,-0.61219,0.17017,-0.30598,5.3808,-3.3993,1.4467,-0.050643,-0.48552,-0.96624,-0.76104,0.26383,0.23267,-6.688,8.2521,-2.9307,-1.2838,0.35819,0.8728,0.65037,0.12348,0.6786,-7.2582,-3.6432,1.5455,0.25357,-0.3554,-0.76248,0.64602,-0.27288,-0.28566
0,10.277,-0.24849,2.2813,-0.30018,-0.16225,0.23572,-0.85522,0.16052,-0.53634,9.3441,0.88658,2.919,-0.73621,-0.50931,1.0158,-0.069445,0.080088,-0.68339,8.7027,-0.5643,2.6739,0.3483,-0.29137,-0.096572,-1.0802,1.0845,0.13217,-19.887,17.481,-1.6095,-1.0707,0.53466,1.9032,0.52397,-0.54593,0.39266,-9.3013,-3.2791,-0.51572,-0.21267,-0.26937,0.72778,0.97997,0.2417,-0.045212
1,9.7405,0.80236,-6.0274,0.80039,0.64812,-0.31529,-0.82033,-0.054621,-0.23144,6.5952,5.7367,4.6638,0.48263,-0.52455,-0.022368,0.93814,-0.038003,-0.13033,9.448,0.92238,4.166,1.4025,-0.69233,-1.9841,-1.5649,0.34429,-0.77315,-9.8726,3.4168,-1.4282,0.3118,-0.43001,1.549,0.91571,-0.14904,0.2181,-9.8852,-4.396,-1.3204,-1.5953,-0.30594,1.2308,0.69373,0.92076,-0.13409
5,9.8768,0.02353,2.2583,-0.21971,0.42812,0.38238,-0.83126,-0.27492,0.040712,-3.0982,6.9545,6.4521,-0.059228,-0.062374,0.029722,0.33259,-0.65083,0.017855,-0.37642,-1.3184,9.4592,-0.020015,0.088654,-0.12184,-0.549,-0.14004,-0.65347,-2.5473,14.707,-3.2613,-0.36014,0.56924,1.9111,0.02999,-0.67607,-0.16677,0.47568,-7.1108,-1.6306,-0.47728,-1.3811,2.8191,-0.036087,0.48734,0.45779
2,7.3658,-0.30935,3.2502,-1.5361,0.52236,-0.019593,-0.8773,-0.016514,-0.85586,3.4519,6.9862,3.3166,0.52441,-2.409,-0.04838,0.72202,-0.8723,-0.53644,-4.9011,-7.5784,3.8249,-1.0333,1.2368,-1.631,0.096593,1.2391,-0.72203,-6.3977,-14.31,-2.8624,-4.9228,-0.71691,1.1626,0.21371,-0.82436,0.099775,-15.019,-7.1659,-1.8912,-2.6663,-1.3218,2.7702,0.71323,0.33564,0.33844
9,13.54,-2.729,4.0735,0.20186,0.19079,-0.20763,-0.70564,0.59933,-0.091798,10.136,2.026,5.3111,-0.18862,0.32847,-2.0317,-0.63929,0.10552,-0.61153,9.1557,-9.7611,11.978,1.4218,-8.5702,-4.6934,-0.26121,0.84983,-0.22106,-13.274,-5.3076,-3.1974,0.25182,0.055205,-1.8516,0.69471,0.1302,0.6119,-14.181,5.3532,1.4415,0.70156,1.4862,-2.254,0.77916,0.25962,-0.4109
0,8.5834,0.6284,2.2022,-0.22595,-0.10227,0.18246,-0.81993,0.083775,-0.56187,6.9185,1.3454,2.5636,0.14704,0.12171,-0.44213,0.094574,0.048395,-0.44221,-6.2324,-8.9601,2.9917,2.8867,1.7515,-3.6043,0.8453,0.67331,-0.27124,-11.9,4.4136,3.7931,0.92636,0.84435,-1.6952,0.59069,-0.57869,0.45337,-10.68,-1.2685,-0.075562,-0.4288,-0.070581,0.9466,1.0103,0.30073,-0.023748
8,8.776,-0.63097,0.42866,0.15711,-0.61585,0.31912,-0.93616,0.24572,0.29981,17.546,2.3467,-2.3341,1.474,0.80099,-3.3438,-0.72697,0.47372,0.17681,3.0588,-4.6864,2.2332,1.3959,-2.474,1.5862,-0.66048,0.84355,0.20951,-11.148,4.1558,3.282,0.0083668,-1.4565,-0.046611,0.79179,0.46086,0.33838,-7.1083,-5.1654,0.59747,-0.053639,0.37891,-0.62105,0.86212,-0.31907,-0.32863
4,10.446,-1.3721,3.1659,0.88643,-0.16458,0.21468,-0.80277,-0.076796,-0.44084,-2.5994,9.4798,5.6479,0.58612,-0.60217,1.0011,-0.28735,-0.59311,-0.47383,0.92175,-7.9199,6.1127,-0.14613,-0.35821,-1.1175,-0.008891,0.48758,-1.0555,-11.741,-0.31511,-2.0824,0.18773,-0.046617,-0.9497,0.65227,-0.15681,-0.024607,-8.0565,-6.0713,-1.1524,0.16018,0.20372,-0.49192,0.3922,0.42867,0.16445
0,7.4274,-1.4921,2.2555,0.73073,-0.099082,-0.24595,-0.76181,0.13611,-0.65146,6.3166,3.6715,1.3752,1.6315,0.71862,-0.26477,-0.17675,-0.53162,-0.9063,8.0624,-2.0478,1.399,0.21575,0.58835,1.5422,-1.5305,0.80991,-0.41962,-9.0105,0.42645,-2.4893,1.1386,0.12347,-1.3036,0.91924,-0.34556,0.30515,-7.2158,2.4703,-2.0941,1.2231,0.33271,-1.428,0.8485,0.98257,-0.27148
9,12.018,3.878,-7.2528,0.43631,-0.73515,-2.0058,-0.72381,-0.51825,0.22387,2.9173,8.798,-2.0095,2.175,0.87862,-3.9844,-0.52905,-0.67854,0.21905,-2.6908,0.38723,-14.301,0.23111,-0.10519,0.93246,0.000852,0.44481,-0.7736,-16.268,-0.30125,-1.3425,-2.7842,0.24741,1.0802,0.72134,-0.072742,-0.50866,-10.856,-2.296,-2.9249,-1.3511,-0.16274,-0.22075,0.47662,0.42574,0.63401
5,9.7969,-1.8067,1.562,0.023647,0.015343,0.035027,-0.61279,-0.1995,0.19067,-0.053802,8.2506,5.5935,-0.000565,0.036331,0.060879,-0.15054,-0.56196,-0.041942,0.396,-4.8952,8.6928,-0.032077,-0.014625,0.03675,-0.37741,0.023801,-0.64421,-2.1675,8.1929,-1.3199,0.32397,0.018126,-1.7273,0.25423,-0.55832,-0.23708,-0.35566,-10.121,2.4053,0.34092,-0.13004,-1.2705,0.18215,0.53346,0.10156
6,8.2191,-2.1571,0.40472,1.3223,0.42668,-1.172,-0.98135,0.47102,0.21482,-1.1589,8.7971,4.8757,0.034224,-0.043134,-0.40609,-0.48295,-0.52403,-0.69212,0.15812,-3.3995,9.3612,0.46067,-0.8119,0.027715,-0.42014,0.67003,-0.64521,-12.33,12.503,1.0846,-0.23187,-0.014527,-1.2586,0.59768,-0.23407,0.29979,-5.9032,-3.3175,-0.7759,0.4615,-0.10284,-2.0419,0.46705,0.58751,-0.36549
2,3.5513,2.4672,-2.7509,0.21366,-0.35653,-0.74475,-0.88227,0.11552,-0.39032,-3.8204,17.029,-1.4838,2.6882,-1.2408,-2.4204,0.15305,-0.53766,-0.56525,5.389,1.1113,1.5561,-0.92693,0.24297,-2.6845,-0.057751,1.1146,-0.34461,-6.8023,-1.4056,-8.4206,0.65824,0.17077,0.90372,1.0075,-0.069644,0.24453,-25.999,-12.114,9.1474,1.1333,1.5634,-0.43456,0.84972,0.85799,-0.30197
2,1.8668,-0.4449,1.5351,-1.7287,0.62017,0.44006,-0.65857,0.22207,-0.75331,3.9206,7.2766,-1.7077,0.057538,0.40791,0.77069,-0.65346,-0.64033,-0.20825,7.5118,-1.9636,5.5177,0.22712,-0.40974,0.20544,-0.29667,0.3793,-1.0144,6.3601,-1.012,-8.1877,0.23135,1.5571,-2.1037,0.45293,-0.74312,0.11121,6.8687,-32.135,-5.1304,-3.2531,-0.36688,0.35134,1.1626,0.068964,-0.24996
7,9.5106,0.33407,1.1302,-0.45394,-0.88765,0.18312,-0.76907,-0.15097,-0.57094,1.3743,4.0416,7.1445,0.17876,-0.79077,0.74234,0.29299,-0.25173,-0.87477,2.833,-2.7656,7.777,0.021836,-0.28,-0.93081,0.060092,0.098329,-0.94008,-3.4233,9.648,1.7394,0.27131,0.25615,0.37929,-0.16179,-0.89472,-0.30092,-3.0069,-10.237,1.4278,-0.28768,0.1308,-0.34717,-0.22245,0.94507,-0.058331
9,7.9954,0.32384,0.76142,-1.221,-1.0944,0.43238,-0.73803,-0.49467,-0.22014,3.2543,5.3837,-3.003,0.27221,-0.96642,-2.6433,-0.18416,-0.87445,0.054588,4.5079,-6.6596,0.6235,-3.1082,-0.18469,0.37845,-0.35707,0.34635,-0.76267,-15.668,10.917,-1.7934,0.060636,0.75572,0.33947,0.91442,-0.024788,-0.26203,-11.24,-3.452,-4.3451,1.5998,0.42531,-1.0136,0.56434,0.44312,0.60503
6,10.339,0.44714,2.9202,-0.20504,0.49725,0.17159,-0.85399,0.32196,0.21786,-0.83815,4.8578,9.226,-0.14787,-0.19229,0.19213,-0.39281,-0.090456,-0.8125,-0.69304,-1.1072,9.82,-0.078097,0.098768,0.041364,-0.30878,0.47296,-0.70967,-9.6403,6.9685,-4.1365,-0.76643,0.57414,1.8803,0.48417,-0.20033,0.46396,-8.4382,-5.5747,-0.027568,-1.0406,0.046328,2.8664,0.54659,0.40651,-0.34634
8,-8.2586,-1.5942,1.5623,0.6266,0.5466,-0.29881,-0.38942,0.008543,-0.70633,-3.6234,1.6325,0.36079,1.1571,0.25365,-0.033357,-0.5688,-0.36668,-0.33848,-2.6473,0.89909,0.97678,0.37047,-0.061452,0.89724,-0.5072,0.40027,-0.37338,-2.6256,9.1581,-1.6034,-0.17274,0.001062,0.31884,0.66683,-0.28883,0.034733,-2.7898,-11.376,0.63924,-0.070236,-0.087026,0.13769,0.65899,0.17766,0.30528
7,3.4996,0.49824,9.5709,-0.3041,0.13845,0.07874,-0.23204,-0.060556,-0.93829,-3.318,8.4279,-3.5824,1.3693,-0.73821,-2.3507,0.75255,-0.59766,-0.049334,-4.6623,-3.4643,6.9969,-0.53356,0.59972,1.6126,0.5235,-0.052811,-0.81419,-0.76744,14.426,7.8575,0.47066,-0.51587,0.81365,-0.28993,-0.76614,-0.50231,-2.8877,-14.827,1.4797,-1.1092,0.09773,-0.36556,-0.071065,0.96886,0.028653
1,12.598,1.0168,1.3615,0.47406,0.59948,0.20869,-0.6927,0.15015,-0.52147,-1.832,9.0051,5.4813,0.15383,-0.44954,0.39892,0.05307,-0.13798,-0.63866,-0.6519,-7.5844,7.4614,0.023144,-0.29394,-0.68503,0.50883,0.82303,-0.57956,-10.441,9.4635,-1.4487,0.19983,0.51342,1.8543,0.86752,-0.1174,0.40125,-9.9039,5.8709,-3.5424,-0.87448,0.45901,1.3538,0.59884,0.81307,-0.24468
4,9.4893,0.12268,0.308,-1.0719,-0.37287,0.026803,-0.85662,0.074193,-0.41263,2.156,9.1596,2.9705,0.0887,-0.42086,1.6831,-0.36346,-0.98248,-0.56149,-2.1213,-8.2571,6.769,-0.4432,-1.2021,-1.9694,-0.108,0.58425,-0.57706,-7.4833,2.2861,0.2229,1.9917,0.50669,-0.84237,0.52575,-0.21219,-0.11768,-8.9586,-2.3134,-1.8632,0.33443,-0.7284,0.34976,0.6904,0.0805,0.18665
6,8.7212,2.0788,4.8925,-0.013766,-0.081689,0.28744,-0.93177,0.20844,-0.13456,0.46663,9.1621,5.1861,-0.026963,-0.077672,0.12293,-0.6606,-0.60395,-0.52773,1.2935,-4.6459,8.3147,-0.017694,0.096829,0.068871,-0.64885,0.68361,-0.55585,-10.271,8.5743,0.49734,-0.31617,-0.42323,1.2797,0.68996,-0.2075,0.21297,-4.077,-4.66,-1.538,-1.0536,-0.46137,1.5643,0.56073,0.6496,-0.084768
4,16.249,-5.9465,6.6671,0.18339,0.3215,0.14397,-0.94298,0.18199,-0.34106,-0.85197,9.0734,3.6445,-0.077104,0.65657,-2.2628,0.091468,-0.93083,-0.74958,-7.6324,-7.3254,3.8272,0.57494,-0.61548,1.4363,0.40943,0.32265,-0.70857,-14.912,1.2549,-5.168,0.33893,-0.2097,-1.388,0.48222,-0.35154,-0.055683,-16.53,-5.4362,-0.050218,1.1184,1.2986,-2.5609,0.36344,0.30898,0.19487
0,8.4759,-0.40981,2.5738,-0.45501,-0.10958,0.083457,-0.73942,0.20021,-0.59049,7.9064,3.174,0.24477,-0.49307,0.20709,-1.0928,0.34274,0.36013,-0.52767,7.3861,-4.0763,3.3284,-1.2656,0.29333,0.002675,-1.118,0.62942,-0.10626,-5.3525,-5.3315,-0.32921,-0.88172,0.17688,1.069,0.58599,-0.58896,0.46818,-9.3101,-0.3467,-1.8446,-0.1599,0.16114,1.0658,1.242,0.50888,-0.18864
6,9.4491,-2.8835,2.2382,-0.23492,-0.1881,0.21988,-0.94458,0.58935,0.23728,-0.29582,8.3121,4.2382,-0.011348,-0.17854,0.081291,-0.61537,-0.56566,-0.63807,0.71727,-1.7776,9.8177,-0.033345,0.1652,0.13275,-0.48994,0.56147,-0.67916,-3.2129,2.3182,-0.1967,-0.20291,0.11096,1.4593,0.46904,-0.59944,0.24013,-8.2471,-11.573,-0.4228,0.29391,0.32844,0.60351,0.59799,0.32475,-0.45317
3,14.067,-0.3509,1.1729,-0.34443,-0.52229,0.31623,-0.94518,0.089224,-0.42397,-0.99833,8.7564,5.9969,0.12785,-0.31192,1.4844,0.74448,-0.11656,0.18599,-2.1216,-4.0227,9.3399,-0.4754,-0.33817,-0.39957,0.63143,0.30194,-0.52577,-9.2038,7.0514,-2.1542,0.6486,0.066899,-0.97304,0.32269,-0.85274,0.053729,-11.839,-1.9561,-2.3551,-0.35556,0.059923,-0.4477,0.90668,0.39896,0.046016
9,5.3746,-10.042,3.1524,1.1726,5.2183,3.9421,0.27416,0.018849,-0.92914,11.009,1.585,-3.6618,7.0447,-0.25276,-1.4717,0.97469,-0.10232,-0.071419,11.045,7.7902,-16.219,3.5934,-3.2997,0.62702,0.94772,-0.26742,-0.032949,0.41662,-0.062886,-2.6437,-3.342,0.1574,-0.4187,0.92932,-0.46347,0.026692,1.1058,0.5427,0.56373,1.122,-0.17063,-0.17619,0.80806,0.65928,0.25915
1,12.559,-0.56944,2.3341,0.13845,1.1334,-0.083461,-0.65783,0.1787,-0.56432,-1.2289,9.6336,5.269,0.20931,0.11784,0.54016,0.10613,-0.14328,-0.62505,-1.1043,-7.9767,7.9974,-0.16952,-0.35986,-0.088587,0.57459,0.78757,-0.59041,-4.4914,-9.8153,1.2142,-0.013516,-0.68048,-0.37677,0.28883,-0.85018,0.22602,-9.7355,-7.9636,0.38779,-0.33482,-0.37955,-0.90889,1.1059,0.23204,-0.055303
8,37.254,-4.146,8.5661,0.85555,-5.3008,0.42087,-0.62061,-0.048011,0.021068,52.328,7.8461,-11.942,3.4504,0.48445,0.74004,-0.43512,0.052123,0.16292,40.177,4.1248,-2.9796,-4.8688,0.65754,1.2919,-0.43779,-0.16267,-0.000275,-42,-4.165,1.3044,-0.87938,1.761,0.25311,0.42989,0.076525,-0.006703,-20.301,-0.15,13.563,-1.1453,-1.0621,-2.0484,0.38466,-0.027442,0.20197
9,17.902,5.0904,-1.8488,0.67898,-0.78224,-0.7715,-0.74367,0.38978,-0.18693,22.571,10.046,-1.9839,-5.362,-0.27516,-2.5132,-0.74564,-0.069218,-0.38312,14.348,-2.9095,1.5628,-2.1539,0.53266,2.38,-0.7607,0.35201,-0.099262,-16.103,-5.2372,6.1175,0.27949,-0.30628,0.75597,0.71988,-0.34187,0.2137,-10.316,-16.287,5.1589,-0.29014,-0.2285,-0.68109,0.67046,0.42172,-0.29664
8,18.154,-0.34754,4.9988,0.27257,1.032,0.29273,-0.47942,-0.013785,-0.63411,19.91,-3.6335,7.0047,-1.111,-0.77767,-0.30814,-0.53224,-0.41361,-0.3145,20.059,-6.985,6.2972,-0.095065,-0.75087,-0.83204,-0.50817,0.34289,-0.41218,-17.484,-3.9821,1.2584,1.6013,-0.63918,-1.1251,0.63494,-0.3374,-0.011939,-20.216,1.782,3.9144,-0.5411,-0.40291,1.4057,0.63192,0.26658,0.27601
7,9.1935,0.07842,1.8835,0.39433,-0.3403,0.17658,-0.84328,-0.054955,-0.49426,6.0268,3.4547,6.6279,0.44248,-0.9805,1.8022,0.31761,-0.25608,-0.8598,6.1708,-2.9265,6.392,0.97513,-1.4323,-1.5591,0.32756,-0.048652,-0.89241,-2.6242,10.41,-2.2365,-0.20832,0.036907,0.36893,-0.21594,-0.93607,0.0369,-1.3683,-9.2503,-6.3238,-0.057306,0.38327,-0.19834,-0.29253,0.77401,0.50839
5,9.4418,0.24924,3.3269,-0.077289,0.054963,0.20105,-0.59979,-0.14609,0.13747,5.9873,5.3598,5.9415,0.040184,-0.22662,0.045935,-0.8874,0.02087,-0.23036,5.9559,-5.5977,5.3417,-0.12709,0.23923,0.043238,-0.83528,0.12424,-0.62506,-6.804,9.6668,-1.478,-0.95689,-0.43551,2.4768,0.46054,-0.45568,-0.18925,-1.9402,-13.176,-2.1949,-0.17552,0.17447,2.7948,0.23737,0.4688,0.29158
3,4.0536,-5.1991,-3.9685,1.5865,0.36217,0.14777,-0.78766,0.63306,-0.1152,6.3907,4.9401,4.106,-0.065716,-0.10232,1.482,0.51301,-0.54372,-0.035609,4.4396,-6.5535,3.1803,-0.098957,-1.6252,-0.39292,-0.089132,0.46439,-0.61109,-8.3883,-0.11133,-3.9974,1.5846,1.3472,-2.4052,0.8635,-0.36075,-0.12395,-6.8918,-10.235,-2.0332,0.56707,-0.008631,-1.4492,0.61041,0.63619,0.56689
9,8.3942,-1.8328,2.8189,-0.04513,-0.25459,-0.24655,-0.59884,0.15685,-0.39569,1.1718,6.1752,-1.4457,0.347,0.48844,0.31076,0.19993,-0.67703,0.051131,5.5854,-3.8572,4.121,-0.86101,0.35776,2.0006,-0.29598,0.51895,-0.4776,-9.8092,0.71081,-1.7581,-0.18369,-0.12458,-0.23323,0.6839,-0.15078,0.23369,-6.5564,1.6178,0.99708,1.6327,-0.054616,0.30035,0.63567,0.21065,-0.28992
1,8.3571,-1.6763,3.3475,0.44474,-0.03764,0.2932,-0.81761,0.014368,-0.72198,9.54,2.1158,4.1106,0.55955,-0.93001,1.1665,-0.8927,-0.56632,-0.17552,10.21,-2.4124,0.75945,0.91656,-0.20461,1.754,-0.64904,1.1796,0.84963,-10.946,0.2799,-2.5196,0.48789,0.48282,-1.8115,0.28385,-0.55612,0.036973,-16.769,4.3684,-2.2635,0.37281,0.50553,-2.6105,0.64924,0.28732,0.14443
1,5.2204,-2.891,1.1844,0.76257,-0.23764,-0.46207,-0.91472,0.13747,-0.50622,4.3458,1.7639,2.8637,1.8955,0.25489,0.096832,-0.002743,-0.15391,-0.75757,4.8691,-3.2243,2.5566,0.25416,-0.051605,1.0878,-1.119,1.2432,0.42027,-9.3358,0.22273,-1.8302,1.0308,-0.24089,-1.5954,0.68452,-0.25083,0.46046,-6.6087,2.0027,-0.000954,1.5446,0.53997,-1.8315,0.79938,0.75636,-0.3044
1,8.6943,2.3956,-1.4993,-0.67795,0.023344,0.06198,-0.74498,-0.13754,-0.40265,7.552,4.8428,2.5122,0.36267,-0.3982,0.25455,0.7666,-0.29922,-0.077098,7.6729,2.0741,3.3231,-0.069889,0.25693,0.18568,-1.419,0.26561,-0.61188,-13.175,-0.91529,-1.5645,0.31912,0.10607,2.1971,0.81072,-0.35058,0.23351,-9.7578,-1.5471,-0.090539,-0.19553,-0.3687,1.3909,0.82863,0.76253,-0.084281
1,7.3554,-0.94302,2.3238,0.024376,0.04306,0.40195,-0.63385,0.12212,-0.6131,0.18902,7.6301,4.8805,-0.10291,-0.28536,0.53122,0.048598,-0.19425,-0.61555,0.43617,-6.2266,5.9497,0.17132,-0.18452,-0.24969,0.40974,0.85171,-0.64776,-10.511,-1.0409,-3.3491,-2.5133,0.76613,2.6072,0.56822,-0.58566,0.48186,-9.385,-1.8322,-2.6314,-1.0826,-0.03236,1.9133,0.89098,0.65543,-0.13708
5,8.5564,-0.13444,5.4932,-0.36191,-0.17958,-0.019215,-0.64742,-0.087599,-0.011404,8.5962,2.4313,4.1679,-0.053706,-0.12376,0.08727,-0.89399,0.23444,0.042296,7.3734,-3.3678,5.5614,-0.05584,0.060746,-0.05984,-0.84814,-0.12554,-0.6018,6.137,-0.014045,2.6428,-0.26847,0.050356,0.40751,0.083999,-0.66874,-0.15689,-2.1817,-15.007,-0.61044,-0.55418,0.14263,-0.26772,0.43403,0.36642,0.15981
7,8.9065,0.16442,4.0634,0.15967,0.30424,-0.10742,-0.57986,-0.057947,-0.76535,0.96791,1.4105,10.243,0.55763,0.045783,-0.45813,0.43819,0.090982,-0.85166,1.7331,-0.11934,9.4108,-0.38957,0.053367,0.40821,0.30101,-0.23961,-0.86404,-0.21364,8.9104,1.962,0.37548,0.16103,0.003268,-0.5396,-0.74846,-0.27313,0.62087,-8.9655,0.69754,-0.23059,0.17424,0.15594,-0.61607,0.75208,0.040133
7,9.3496,-0.71467,3.742,0.47497,-0.6918,-0.087826,-0.63078,0.025978,-0.74985,-3.3448,-0.78262,8.8822,0.34445,0.54097,1.8016,0.42731,0.1657,-0.85302,-3.6452,-0.32228,9.1843,-0.55959,-0.99873,-1.2163,0.45292,-0.40565,-0.74263,-3.6731,9.4188,-1.9885,-0.070613,0.048378,0.114,-0.17429,-0.94417,0.015828,-2.6014,-9.1007,-4.3452,0.1057,0.010766,-0.087644,-0.27479,0.80806,0.4608
0,9.2683,0.44045,2.9769,-0.068113,0.005551,0.13079,-0.69479,0.12202,-0.54731,7.9604,1.2545,-0.6604,-0.1145,0.034535,-0.4269,0.32743,0.089717,-0.49504,7.5018,-4.7453,5.6951,-0.49052,-0.42926,9.8e-05,-1.1315,0.34304,0.084235,-9.2921,-0.41926,0.81455,0.79983,0.052952,-1.0615,0.51992,-0.64231,0.28087,-10.368,-1.8716,-1.6946,-0.7398,-0.11964,0.89992,1.1537,0.44404,-0.089389
2,2.4838,-1.0628,0.95524,0.15716,3.1988,0.6777,-0.59253,0.1039,-0.70358,3.3038,3.9879,3.2526,0.0049,-0.35177,0.11091,-0.096202,-0.20769,-0.66344,2.0068,-4.3292,4.0605,-0.32217,0.16551,-0.17466,0.21222,0.77426,-0.84798,-2.8432,17.071,-4.9371,0.87688,-0.52279,-1.9413,0.81796,-0.12263,0.40835,2.8749,-14.965,0.21782,-0.018202,1.1353,1.7772,0.68543,0.73256,-0.20154
7,8.7852,0.29161,4.2495,0.12937,-0.90751,0.13793,-0.49039,-0.10303,-0.81477,-6.1053,2.9632,7.4234,-0.012089,-0.016707,0.11675,0.81903,-0.036878,-0.47844,-3.614,-2.0254,8.8564,-0.16884,-0.6869,-0.038001,0.67383,-0.22927,-0.62218,2.2889,9.2158,-0.71137,0.11968,0.099134,-0.13046,-0.68089,-0.65205,-0.16715,3.4416,-9.1528,1.9707,0.061329,0.035391,0.11486,-0.7834,0.54818,-0.10437
5,10.207,-1.7632,4.4783,-0.11153,-0.18188,-0.2735,-0.80719,-0.057514,0.048393,-1.1948,9.3777,6.3933,0.51267,0.19145,-0.25084,-0.14097,-0.47829,-0.10724,-0.65495,-1.0132,10.33,0.56049,-0.497,-0.41748,-0.5162,-0.13142,-0.58056,-4.651,8.8689,-2.1243,1.3901,-0.44078,-2.5389,0.2233,-0.51044,-0.21568,-2.7861,-12.712,-2.6843,0.6253,0.83932,-2.0961,0.26105,0.42633,0.20435
9,8.6932,2.534,1.511,-0.67429,0.5368,-0.42832,-0.71992,0.3589,-0.097401,8.4933,6.6644,-5.3197,3.7487,-1.3214,-1.1849,-0.41893,-0.66597,0.033632,5.2881,-3.4897,7.2771,-0.95493,1.6449,0.88838,-0.4523,0.66246,-0.21849,-8.9283,0.20724,-1.7113,2.3568,0.025754,0.30118,0.73836,-0.10098,0.26964,-9.7196,0.63843,-3.5175,0.00012,0.24878,0.1484,0.76896,-0.093615,-0.22653
2,16.904,5.2221,0.043729,-1.3922,-8.2092,-1.1159,-0.90399,-0.29636,-0.56644,-4.5716,25.941,2.347,0.26879,-2.0495,-3.3992,0.52141,-0.79832,-0.51399,1.9248,-17.726,13.106,-0.57995,2.0181,-2.9033,0.33688,0.685,-0.95645,-24.716,9.5538,-0.13123,1.364,-0.5876,2.5051,0.55258,-0.51997,-0.020565,-6.3761,43.451,-11.735,-3.6087,0.65723,1.2991,0.27855,0.6168,0.32979
2,0.77665,0.09277,1.1653,2.5411,0.23506,-0.046343,-0.906,-0.037501,-0.81268,-5.5519,0.61513,2.0318,0.55467,0.83068,0.22137,0.31084,-1.0791,-0.41132,6.483,-0.34947,-0.042421,0.026337,-1.0107,-0.31982,0.68707,0.53376,-0.91847,-6.7766,14.895,-1.2439,1.0703,-0.27998,-1.6146,0.61437,-0.30531,0.39572,-0.023012,6.4541,5.4945,-0.5608,0.33397,0.80788,0.38847,0.64195,0.3561
8,18.341,-1.9813,10.631,-0.27437,-1.2928,-0.14333,-0.40349,-0.017613,-0.68359,15.973,4.1901,2.311,0.39245,0.39145,0.1047,-0.47876,-0.46307,-0.28856,16.989,-5.453,3.4021,0.72142,-0.27459,0.12752,-0.4498,0.35875,-0.44112,-23.811,6.1059,-1.0148,-1.9346,0.47568,0.59404,0.57524,-0.387,-0.013903,-26.99,2.0992,-0.45316,-0.11978,0.21662,-1.2637,0.58335,0.30287,0.29359
9,9.562,-2.6674,2.749,0.072902,-0.11783,-0.05626,-0.68396,0.39709,-0.08012,3.2943,8.4836,0.97903,0.074766,0.005179,0.13633,-0.37736,-0.61669,-0.24941,5.1862,-9.3125,5.1183,0.3605,0.86521,1.672,-0.21972,0.675,-0.28278,-9.7553,-0.035707,-2.4088,0.29269,0.023597,-0.047943,0.67615,0.10656,0.38613,-9.7333,2.1043,0.74365,1.6358,0.009181,-0.26392,0.72385,-0.15393,-0.25369
9,8.6704,1.5199,4.5004,-0.096012,-0.086018,-0.2766,-0.47574,-0.34592,-0.77081,-4.6199,7.6152,7.4241,-0.48828,0.69887,-1.0648,0.69091,-0.34899,-0.58779,-4.2321,3.418,9.2576,-1.9729,2.3052,0.46176,0.58297,-0.13813,-0.72519,-9.74,-1.2086,-2.2347,0.39192,0.057682,-0.13867,0.91278,-0.30024,-0.067488,-10.056,-2.6805,-2.085,0.87957,0.55574,-0.012306,0.55697,0.62958,0.56303
5,8.4208,2.2077,5.3417,-0.18635,0.16137,0.13719,-0.62349,-0.23349,0.087112,3.3242,7.3312,5.6486,-0.047444,-0.32813,0.1361,-0.80216,-0.50023,-0.28479,5.8027,-5.7978,6.09,-0.4572,0.27187,0.13018,-0.81388,0.22384,-0.61321,3.1563,1.5708,0.29819,-0.16336,-0.59456,2.0129,0.20884,-0.56965,-0.36095,-5.9533,-21.208,-4.534,-1.0032,-0.66282,1.489,0.39557,0.24336,0.15176
3,-6.7765,6.8614,4.7208,-0.74003,0.92663,0.53924,0.54657,-0.087083,-0.80743,2.388,10.11,-2.7654,-0.12561,-0.14132,-1.2265,1.0176,-0.189,0.39169,3.9304,-8.767,4.6686,0.005503,-0.050722,0.93473,-0.030591,0.59667,-0.47642,-11.372,0.023897,-3.4861,-0.39894,0.12478,-0.86751,0.84227,-0.039178,-0.49169,-11.156,-6.9375,-1.105,0.85491,0.097194,-1.592,0.47839,0.85739,0.50403
8,-1.8734,0.14902,0.22237,-0.1235,0.86091,-0.25141,-0.6692,0.45121,-0.2366,-0.15532,1.7499,-2.1711,0.82374,-0.22802,0.036779,-0.42872,-0.34625,-0.59391,-0.10437,2.3903,-1.4989,-0.75835,0.34436,-0.23454,-0.074901,0.46527,0.62501,-0.30108,0.67783,0.039119,0.37502,0.048239,0.40865,0.51561,-0.039987,0.4881,-1.6962,-0.75916,-0.081569,0.13306,-0.077445,-0.30855,0.5016,0.077162,-0.44915
6,8.6745,1.0622,4.1024,-1.0153,-0.085634,0.35035,-0.92266,0.27401,-0.053811,2.0121,7.9826,4.9268,-0.084026,-0.14629,0.17491,-0.76662,-0.44658,-0.55821,1.163,-3.7784,9.0751,-0.083259,0.14593,0.023823,-0.66941,0.64904,-0.57432,-8.7213,7.3387,-0.20539,-0.13553,-0.81915,1.8616,0.6781,-0.36981,0.13698,-9.7161,-8.2111,-5.2228,-1.1883,-0.54113,2.2246,0.65674,0.50828,-0.051676
5,9.9817,0.46502,2.8728,0.28773,-0.00308,-0.26611,-0.84632,-0.25079,0.032044,-1.531,6.6247,6.4164,0.064841,-0.071501,-0.12673,0.34038,-0.67465,-0.029733,-0.39535,-0.64971,10.269,0.040687,-0.025578,-0.088403,-0.5642,-0.16188,-0.64882,-0.33756,8.0613,-1.5056,1.2592,-1.3262,-3.0674,-0.075269,-0.71099,-0.19424,-0.97811,-11.301,-2.3373,-0.040098,0.65885,-2.6297,0.10391,0.44317,0.42983
8,13.042,-0.40222,4.406,-0.35757,1.4972,-0.05216,-0.61745,0.45372,-0.28165,-0.081299,6.7601,6.4559,-1.5284,0.2079,-0.84579,-0.36977,-0.29415,-0.63755,1.9513,-10.782,-2.0111,-0.05673,0.25896,0.84204,0.052517,0.56661,0.51193,-15.812,6.1725,-1.284,-1.4728,-0.743,-1.2861,0.46659,-0.078022,0.50958,-16.21,-7.2961,0.14121,1.1197,-0.30883,1.4978,0.44452,0.17169,-0.45736
6,8.0152,-0.23611,1.9249,0.65944,0.24972,-0.56484,-1.0186,0.46505,0.082137,-0.65191,8.1328,4.2264,-0.16801,-0.052374,-0.32073,-0.5168,-0.55339,-0.64482,1.3413,-2.8901,8.5452,-0.019226,-0.17049,-0.24578,-0.50609,0.62491,-0.66392,-11.465,13.919,-0.48825,-0.70493,-0.062357,-0.94052,0.60744,-0.22936,0.28819,-4.9221,-1.7805,-0.75203,0.54184,0.10804,-1.5634,0.47883,0.56204,-0.36267
2,14.729,-4.7675,5.4433,1.7222,0.67112,-0.11304,-0.83744,0.27669,-0.46389,5.4767,17.645,0.063798,1.7671,2.3061,0.023154,-0.022113,-0.48712,-0.64665,14.528,-13.231,0.34049,1.2009,-0.59397,2.7896,0.093763,1.2797,-0.26319,-20.097,-9.8518,-5.8061,-0.005792,-0.16109,-3.1098,0.85139,-0.4607,0.30431,-15.426,4.5774,-1.2105,-0.87587,-0.26138,-3.5589,0.99129,0.80772,-0.19354
4,4.6958,1.2792,-0.52842,0.46505,0.18792,0.002302,-1.026,-0.20369,-0.23734,-8.6239,10.375,0.5601,0.22164,-1.0602,-0.33368,-0.17136,-0.65143,-0.20309,3.9178,-5.2691,7.6681,-0.1925,0.50916,-0.90814,0.2799,0.64296,-0.89958,-5.9875,8.4066,0.54071,0.39135,0.14302,1.9628,0.61986,-0.22989,-0.10042,-6.8925,-3.1389,0.89578,0.095299,-0.29471,1.8965,0.34576,0.41644,0.13664
0,13.32,0.53398,3.5478,-0.16356,0.37197,0.055371,-1.0366,0.04979,-0.63383,2.2478,9.2942,5.9235,-0.035244,0.003071,0.5118,-0.34176,-0.64255,-0.82762,0.90338,-7.2632,8.5372,-0.21675,-0.33756,-0.045568,0.14261,0.92991,-0.99908,-14.004,8.5569,5.6121,-2.6771,-1.9138,-1.456,0.12676,-0.7777,0.18309,-10.372,-9.1697,-3.2176,-0.28443,-0.055599,-1.1959,0.84246,0.27755,0.026278
5,8.8767,0.046641,5.8848,0.18266,0.11483,-0.19569,-0.64964,-0.098499,0.009302,6.0668,5.6876,5.6211,0.19795,0.26845,-0.030625,-0.89168,-0.073309,-0.13378,5.7271,-4.7311,6.9053,-0.10167,0.24499,-0.26149,-0.78363,0.029406,-0.65574,-3.7944,8.5831,-2.0376,0.95215,-0.38323,-2.6695,0.30305,-0.58386,-0.049835,-1.3222,-12.25,0.39767,-0.17115,-0.14005,-2.3188,0.24138,0.55018,0.14422
6,10.465,-0.82142,-1.4065,0.30485,0.052268,0.060956,-0.73579,0.30838,0.36142,1.2684,3.939,8.5748,-0.36705,-0.46276,0.18088,-0.45737,-0.15004,-0.63608,2.0328,-2.2035,9.1286,-0.003749,-0.19596,-0.044128,-0.45023,0.58145,-0.50036,-2.3445,5.9801,-2.7324,1.4723,0.11312,-1.3427,0.49099,-0.44767,0.37759,-7.3944,-6.5953,-7.107,1.373,0.04364,-0.85684,0.6203,0.39974,-0.015773
4,11.374,1.1589,0.77098,-0.76823,-0.066105,0.22721,-0.82888,-0.072569,-0.30926,3.724,7.5735,6.7768,-0.85092,-0.54351,2.4472,-0.13183,-0.74873,-1.0632,-6.3386,-9.156,5.1057,-1.3198,-0.030407,-2.0071,0.081981,0.53021,-0.68072,-4.5307,-2.9467,-0.75654,-0.50309,0.5007,0.16692,0.52065,-0.32765,-0.11346,-12.969,-3.407,-2.4736,-1.1084,-0.57951,1.1589,0.62166,0.11024,0.24102
6,9.1514,0.84697,1.881,0.24617,-0.099488,-0.12886,-0.86249,0.31534,0.1802,-0.38974,5.7745,8.3681,0.2591,0.27357,0.15109,-0.43648,-0.16724,-0.78977,0.36447,-0.43335,10.089,0.025895,-0.034283,0.061853,-0.42766,0.46556,-0.66558,-8.9022,4.0149,-3.1967,-0.22748,0.30009,0.97739,0.55401,-0.081434,0.36804,-0.82024,-3.5209,1.7785,-0.15702,-0.12012,0.38296,0.44914,0.52233,-0.42672
6,10.031,-0.5118,-0.58869,-0.04948,0.009244,0.23354,-0.74309,0.31818,0.33473,0.72249,4.1993,8.634,-0.14824,-0.20297,0.19275,-0.42847,-0.15876,-0.65432,0.45807,-3.1061,9.5901,-0.12923,0.10145,0.019423,-0.35549,0.60968,-0.52075,-1.743,5.4044,-1.2183,1.0766,0.097492,-0.90843,0.47232,-0.51492,0.34302,-7.2631,-6.7699,-6.2833,0.57354,0.025964,-0.54456,0.62568,0.37771,-0.034958
5,8.5631,2.2888,5.2669,-0.2017,-0.070786,0.070819,-0.61713,-0.23428,0.11166,3.3236,7.7125,5.5885,-0.033834,-0.001638,0.089153,-0.79702,-0.51118,-0.27383,6.314,-5.0719,5.6444,-0.13642,0.13036,0.059812,-0.84939,0.16685,-0.59068,-5.8352,10.426,1.3456,-0.41295,-0.37695,1.3679,0.39277,-0.37416,-0.22305,-1.329,-8.3396,-1.3074,-0.40344,-0.4421,2.2633,0.24651,0.48223,0.19802
0,8.5007,-0.82448,3.2279,-0.23923,-0.063224,0.19563,-0.73351,0.26719,-0.5969,6.8238,3.2168,-0.44263,0.21037,0.16351,-0.54872,0.082038,0.15009,-0.55081,8.0806,-2.5551,3.1474,-0.11561,-0.21091,-0.45944,-1.1844,0.46933,0.010069,-8.6273,3.805,-0.57722,0.13693,1.0921,0.15717,0.59661,-0.65049,0.43962,-10.295,-0.84169,-1.0209,-0.49134,0.18845,0.9757,1.2315,0.39714,-0.10615
5,9.9816,0.53891,3.1536,-0.03964,-0.1759,-0.13243,-0.83338,-0.24445,0.02335,-0.92924,6.5902,7.5133,0.17782,0.186,0.039965,0.36305,-0.6574,-0.043743,-0.19155,-0.033558,10.046,-0.052686,-0.037179,0.021984,-0.59627,-0.19249,-0.61255,0.45017,13.467,-3.5936,-0.38311,0.23567,-0.64036,0.064467,-0.68025,-0.16225,5.49,-1.4394,1.1576,0.80243,0.58792,-1.0689,-0.19405,0.48733,0.44966
1,10.113,-2.3882,5.074,-0.43368,0.39198,-0.32864,-0.55982,0.35132,-0.72297,0.95345,9.5249,2.0283,0.045833,0.41742,0.51134,-0.15774,-0.53249,-0.50162,2.6177,-6.6463,7.0335,-0.19724,-0.5254,-0.61048,0.20077,0.72706,-0.81935,-9.8917,1.6794,-1.0541,1.5008,0.55909,-0.77465,0.69218,-0.6316,-0.005508,-13.365,0.1575,2.0797,2.3231,0.64981,-2.147,0.78399,0.7232,0.14157
3,7.2592,-2.518,0.2901,-0.40862,0.34591,-0.33456,-0.91459,0.088826,-0.42822,4.4921,5.3273,6.7639,-0.37479,-1.5495,0.42505,0.31803,-0.51457,-0.21753,5.6479,-5.7151,4.7988,0.2768,-0.20371,-1.3148,-0.21235,0.4599,-0.59871,-6.29,-0.10015,-2.7435,0.48617,0.30716,1.0318,0.91605,-0.049635,-0.35077,-6.8261,-1.8184,-3.9015,-0.84261,-0.16214,1.1311,0.69871,0.53783,0.66414
0,10.798,-0.16365,3.0583,0.14255,0.007166,-0.16757,-1.0944,0.015069,-0.57232,2.6313,7.5579,5.7243,0.01097,0.17616,-0.54326,-0.38383,-0.61691,-0.82447,2.6963,-7.0616,6.6075,0.080081,0.45898,0.02059,0.028899,0.99043,-0.99206,-10.014,2.9537,-2.5736,0.55425,0.25764,-0.69646,0.59024,-0.37172,0.3899,-9.4378,-18.007,-8.7071,-0.63357,0.26618,0.46248,0.30503,0.68425,0.27612
6,7.6886,1.749,5.8556,0.4631,-0.049273,-0.30513,-0.90924,0.22967,-0.22284,0.68839,8.1835,4.7874,0.2501,0.21098,-0.21592,-0.68618,-0.58918,-0.51438,0.46389,-5.0276,8.5141,0.043999,-0.26395,-0.076881,-0.60596,0.69194,-0.57151,-11.164,10.685,-1.1695,-0.077513,-0.16555,-1.378,0.6892,-0.19777,0.21307,-5.2293,-3.8166,-4.419,0.58936,0.54032,-1.8793,0.57538,0.64143,-0.082945
0,12.619,2.6978,2.5513,0.53849,0.60583,-0.23059,-0.84871,-0.21423,-0.67397,3.6273,7.4433,7.7728,0.066721,-0.045178,-0.099736,-0.42012,-0.80272,-0.72249,5.4257,-5.9425,6.3425,-0.16153,0.074302,-0.41593,-0.43609,0.76462,-1.1045,-12.374,5.603,-0.16615,0.86179,-0.33305,0.38797,0.59326,-0.35467,0.13114,-10.793,8.3365,-1.8247,0.92996,-1.1669,0.59961,0.22195,0.72306,0.17923
5,9.0223,0.59817,5.9256,-0.31714,-0.30145,0.037276,-0.64828,-0.12592,0.15686,3.3075,7.6847,5.9474,-0.019454,0.043292,0.13974,-0.81616,-0.46701,-0.28848,5.7359,-5.7647,5.5821,-0.079699,-0.044954,0.15118,-0.75415,0.22294,-0.62445,-4.3693,9.8555,2.3823,0.17218,-0.34792,1.4673,0.38333,-0.37111,-0.25136,-0.81757,-6.7325,-0.69967,0.073715,-0.36881,2.6079,0.26316,0.48694,0.16802
8,4.3797,-2.5411,2.1597,0.18188,-0.31599,-0.16839,-0.7296,-0.35741,-0.31395,6.5058,4.3896,1.966,-1.4439,-0.95654,-1.2085,-0.49674,-0.5082,0.40824,5.1676,-3.7827,2.0541,-0.60446,-0.20567,0.38169,-0.4051,0.11327,-0.69063,-7.9906,0.93289,1.3003,0.54573,-0.60519,0.17869,0.53115,-0.32162,-0.46759,-7.3352,-1.2653,-1.6769,-0.78259,-0.55317,-0.26509,0.46174,0.23549,0.58223
1,4.9138,0.31609,3.3831,0.395,-0.12088,0.32895,-0.60811,0.12852,-0.61355,0.19072,7.1585,4.0246,0.066398,-0.034375,0.01892,0.007384,-0.22763,-0.60378,0.79476,-6.1808,7.1975,0.36309,0.06189,0.1256,0.35245,0.87391,-0.62117,-8.6751,-1.2005,-1.9898,-2.1606,1.0633,2.1987,0.41558,-0.70772,0.44435,-8.8111,-3.3032,-0.44284,-1.2189,-0.30574,1.5825,0.9674,0.61066,-0.14902
8,20.641,0.63416,7.9251,-0.012157,0.49616,-0.002645,-0.61623,0.47606,-0.22842,3.1075,13.85,10.639,-1.6883,0.41776,-0.46826,-0.47272,-0.21779,-0.60137,7.2269,-18.204,-3.9267,0.89257,-0.16063,0.56313,0.049726,0.55715,0.51688,-19.748,4.7816,-0.66375,-0.35315,-0.39136,-1.3896,0.39159,-0.099387,0.56509,-19.33,0.22473,-1.5125,0.12992,-0.57709,1.221,0.40495,0.14896,-0.48472
6,8.8032,-2.7895,-1.9081,0.29738,-0.21013,-0.59802,-0.88359,0.56503,0.3655,-1.0574,8.3636,4.8109,-0.042985,0.3062,-0.28375,-0.55829,-0.53827,-0.65418,-0.035749,-3.9183,9.3427,-0.039701,-0.10274,0.14595,-0.38447,0.69911,-0.63903,-0.64815,1.6411,2.2161,1.1339,0.34053,-1.5305,0.44809,-0.59944,0.26119,-8.5029,-8.114,-1.1256,-0.68584,0.23541,-1.5407,0.60962,0.36304,-0.38119
3,-4.1693,4.8878,7.6892,0.24853,-0.62369,-0.5349,0.58956,-0.20971,-0.75591,2.6789,7.5757,-3.3843,-0.034123,0.36273,1.2207,0.83342,-0.47803,0.47344,7.5837,-7.3568,1.8975,-0.25489,-0.32402,-1.3647,-0.21459,0.57,-0.5288,-10.524,7.695,2.092,-1.4176,0.68563,-0.030786,0.87177,0.088633,-0.44652,-7.2254,-1.2851,-2.6787,-0.33315,-0.50315,1.9126,0.54097,0.82912,0.54782
7,8.392,0.21424,7.1088,0.13448,0.48121,-0.042789,-0.4775,-0.030241,-0.84984,0.22557,6.8872,11.18,-0.17921,1.3487,-1.9018,0.43616,-0.25053,-0.8127,2.3319,-2.6385,12.404,0.20914,1.9471,1.1721,0.35466,-0.036381,-0.88701,-1.5793,7.6786,-2.0676,0.058731,-0.1702,-0.081373,-0.17447,-0.94269,0.043761,-1.3395,-4.5942,-1.7913,-0.19608,-0.30078,0.10469,-0.26565,0.79959,0.48044
4,3.3048,-4.9217,-0.15441,-2.0306,1.1949,0.93556,-0.69449,0.49039,-0.53728,4.2468,6.2513,2.4763,-1.4169,0.375,0.29307,-0.16483,-0.98387,-0.20715,-10.797,-5.7338,7.1207,0.65704,0.61606,0.79158,0.24556,0.58458,-0.4709,-7.4376,3.3744,2.9513,-0.93406,-0.033682,-1.1883,0.46651,-0.30343,-0.15963,-5.4849,-7.1573,1.5449,-2.3731,-0.28939,-3.1796,0.59001,0.29388,0.057129
7,9.629,0.36114,1.5341,0.62898,0.86576,-0.065494,-0.65988,-0.085628,-0.69645,1.296,-0.23991,9.9835,-0.064982,-0.37372,-0.33105,0.34181,0.087939,-0.89133,1.7924,-1.6487,10.884,-0.47,-0.21582,-0.0642,0.29461,-0.079437,-0.89462,-0.42784,8.6518,0.7389,0.138,0.17896,-0.70126,-0.48692,-0.7984,-0.22623,1.1242,-9.0781,-0.20836,-0.10222,-0.091516,0.6939,-0.56488,0.79146,0.059686
3,7.2569,-0.98126,0.47643,0.11123,-0.39615,-0.00495,-0.70956,0.1458,-0.58778,6.7919,4.973,4.6539,-0.17364,0.24367,0.44572,0.18209,-0.39359,-0.15274,4.6822,-5.6623,5.9087,-0.10094,-0.29985,0.24225,0.067063,0.43582,-0.71239,-7.5495,5.5296,-0.69799,0.34996,-0.21018,-1.0826,0.56534,-0.71644,0.15513,-8.4066,0.31082,-1.7059,0.37481,0.18109,-1.2995,0.80272,0.47674,0.15408
4,13.712,-3.4432,6.5056,0.093013,1.1311,0.23516,-0.96475,0.057551,-0.32952,0.17258,8.7811,2.4727,-0.034386,1.189,-1.6434,-0.10147,-0.80695,-0.51594,-5.2237,-8.2996,4.1987,0.46827,-0.25967,1.653,0.32303,0.46986,-0.68918,-12.748,2.9638,-2.6807,-0.43317,-0.13914,-1.4543,0.56171,-0.27671,-0.083716,-15.945,-11.677,-5.6498,1.5083,1.8672,-2.7012,0.3976,0.38631,0.17703
1,7.6239,-0.66658,2.3447,0.87707,-0.28602,0.008101,-0.5984,0.21386,-0.7568,2.0199,9.8522,-0.23356,-0.013343,-0.002934,0.18101,-0.30355,-0.52936,-0.44641,2.8631,-6.2158,5.915,0.39267,-0.4545,-0.19269,0.060415,0.75372,-0.83084,-14.945,-1.0386,-2.1078,0.37486,0.68679,1.8685,0.77339,-0.49548,0.15849,-9.8444,0.71561,-2.6376,-0.71419,0.45784,1.3965,0.95198,0.51025,-0.20572
4,8.8975,-1.5782,2.2275,0.93439,-0.002004,0.24667,-0.75973,0.078837,-0.55295,2.2854,7.1892,6.3843,-0.057408,0.85658,-0.5387,-0.29887,-0.70871,-0.80211,-3.463,-7.4393,6.3924,0.27863,-0.016832,1.7775,-0.13743,0.43366,-0.77011,-9.6954,0.09732,-1.9067,0.10978,-0.005452,-1.2944,0.50784,-0.27424,-0.10468,-11.374,-1.0356,-1.1351,-0.14008,0.47183,-1.748,0.55956,0.13788,0.20894
8,7.7532,-4.7006,-6.1274,-1.1087,-1.5468,0.698,-0.78124,0.36585,-0.25636,2.5629,4.5355,1.1487,-0.56397,0.90473,-1.1612,-0.58935,-0.14424,-0.3409,8.0638,1.5206,-1.2761,-1.7983,-0.24981,-1.6294,-0.75682,0.30978,0.09976,-1.7662,-3.507,-1.0208,1.904,-0.23903,-0.4729,0.68509,-0.036259,0.54128,-9.5028,3.1868,-6.5336,-0.90106,0.16657,0.21279,0.62387,0.043691,-0.35622
2,23.78,-3.7884,14.089,2.6838,-0.55931,-0.38828,-0.70124,0.15021,-0.55749,8.9638,11.185,-7.8677,0.50859,2.8512,1.1379,-0.030249,-0.65344,-0.16843,-4.9282,-14.726,-0.37521,-0.34526,-1.7599,1.1928,-0.031011,1.0898,-0.20822,-33.306,-7.257,11.87,-0.57022,-0.3786,0.99969,0.4767,-0.6231,0.36897,-19.466,2.8687,-6.9269,0.22132,1.7299,-2.6594,1.164,0.46655,-0.13423
8,-2.4598,0.14434,-1.3514,0.2229,1.7025,-0.29701,-0.96545,0.20854,0.30527,2.4895,0.73431,-0.65512,-1.8898,0.34859,-3.4973,-0.89818,-0.41349,-0.042602,1.2415,0.93933,-0.99538,1.9738,0.077442,2.5033,-0.90435,0.4051,0.16823,2.6083,-1.4975,2.3456,0.40808,0.46981,-0.19778,0.88962,0.41011,0.20009,0.001474,1.1153,1.3139,0.20251,-0.20651,0.13233,0.89453,-0.26481,-0.32904
5,9.5623,-1.0897,2.1408,0.13897,-0.001725,-0.1785,-0.60013,-0.2383,0.17281,0.81219,7.4466,6.2557,0.094526,9.3e-05,-0.12545,-0.19581,-0.54324,-0.095076,1.5269,-2.1946,9.1829,0.20098,-0.063518,-0.10923,-0.45511,-0.14433,-0.57298,-4.2963,10.113,-1.3386,0.10696,-0.24458,0.46441,0.32713,-0.50932,-0.18711,4.1282,-6.6765,1.2447,-0.41694,0.19339,0.64706,0.030056,0.61708,0.11552
0,8.3644,-0.13731,4.8044,0.15,-0.33281,0.21835,-0.74592,0.036599,-0.95954,7.3208,2.0333,1.4944,-0.025415,0.51921,-0.59323,-0.55411,-0.75158,-0.81941,8.6674,-3.9578,3.7914,0.45065,-0.31855,-0.03693,-1.8076,1.4171,0.53189,-6.0517,-6.2539,-0.69939,-0.99132,0.42468,-0.096728,0.042655,-0.86403,0.14033,-8.7268,1.7181,-1.5272,-0.69115,-0.22191,0.94603,0.72374,0.33276,0.31114
8,38.065,-0.41236,12.658,-0.58872,-0.20332,-0.104,-0.48515,-0.02905,-0.6223,43.759,3.1594,3.4503,-0.7778,-0.35825,0.85021,-0.50726,-0.43077,-0.32164,42.125,-3.2666,1.4139,-0.85046,0.8198,-0.30458,-0.46597,0.24702,-0.50375,-34.56,-11.932,-1.5953,-0.14067,0.29342,-0.28808,0.60211,-0.3951,-0.005804,-37.247,10.348,-5.7993,0.72235,0.19198,-0.078451,0.60311,0.31139,0.29828
6,9.3821,-1.3079,0.97611,0.28293,0.056417,-0.040383,-0.83248,0.33944,0.27714,-0.1207,3.8138,8.5376,0.138,-0.065928,0.20982,-0.45029,-0.062226,-0.77643,0.098145,-1.657,9.2861,0.018992,-0.13531,-0.018884,-0.31127,0.55667,-0.65244,-1.5357,2.0318,0.53325,0.3671,-0.027785,-1.0068,0.35424,-0.48028,0.46092,-8.0342,-9.8463,-0.94369,0.94212,0.046283,-1.187,0.59819,0.22499,-0.39651
1,9.5432,1.0305,1.5753,-1.0136,-0.74769,0.631,-0.72955,0.054119,-0.44552,6.299,6.391,5.2894,-0.12943,0.29407,-0.11242,1.0062,0.33564,-0.19048,9.9693,-4.0907,6.0324,-0.82117,0.94843,2.0022,-1.2319,0.72864,-0.91651,-5.1086,-1.4472,-1.0503,-2.0425,0.88794,0.52344,0.29674,-0.82221,0.21467,-10.655,1.2123,-1.5419,-0.52831,-0.025362,1.0226,1.0733,0.27841,0.041294
1,12.571,-0.24075,4.7307,-0.4746,0.43293,-0.31318,-0.91584,-0.13208,-0.60801,11.647,3.0073,4.706,-0.88182,-0.55959,0.31391,-0.6385,-0.50595,0.013573,11.814,-3.4847,2.5092,-0.14967,-0.67891,-2.201,-0.51026,1.6545,-0.007729,-13.241,2.6074,-1.5031,1.1191,-0.1894,-0.72325,0.72763,-0.016899,0.15309,-4.9393,-4.8503,-0.61215,0.5913,0.74677,1.3092,0.075523,0.66041,-0.007165
7,9.3431,0.18331,2.525,0.30279,-0.19558,-0.2215,-0.56983,-0.16964,-0.7446,3.048,10.753,-0.70467,-0.58751,0.30836,0.2109,0.45105,-0.82491,-0.049573,4.4003,-2.0748,9.0655,0.03249,-0.17216,-0.78531,0.27445,-0.033244,-0.92139,2.3017,8.4742,3.0031,0.030341,-0.23201,0.30028,-0.69913,-0.56527,-0.34581,-0.28662,-9.9391,1.8102,0.1707,-0.083681,-0.26731,-0.57216,0.7833,-0.029201
5,8.962,-0.25757,3.966,-0.16713,0.48807,0.17239,-0.65414,-0.092213,0.063155,0.83303,4.7283,8.5255,-0.088523,-0.086196,0.001052,-0.22629,-0.33924,-0.30674,0.21136,-1.2437,9.8369,-0.087473,0.010881,-0.038912,-0.52655,-0.15785,-0.5792,-1.8542,9.2607,-0.95611,-1.2559,0.73685,2.3151,0.24009,-0.60659,-0.070937,-3.8252,-12.34,-0.63848,-0.86862,-0.22065,2.3434,0.36023,0.44777,0.16018
5,9.2906,0.83979,2.1749,-0.20568,0.026102,0.12786,-0.56449,-0.20988,0.19772,2.1807,0.95158,9.3475,-0.096133,-0.082657,0.014947,-0.24831,-0.18314,-0.2517,1.6582,-0.70393,9.4289,-0.043366,0.062157,-0.020626,-0.63724,-0.14183,-0.49648,-2.3187,9.8782,1.8695,-0.24137,-0.20248,1.8278,0.32137,-0.53264,-0.26018,-1.5658,-9.5859,-3.2627,-0.71935,-0.78231,1.7017,0.30955,0.43297,0.29585
1,11.172,-0.13435,5.6124,-0.0228,-0.10283,-0.069132,-0.89171,-0.1502,-0.67843,11.582,2.4706,4.1647,-0.079275,0.017661,-0.01851,-0.74534,-0.68178,0.32247,9.1586,-3.4374,2.142,0.14772,-0.27272,-0.9995,-0.46787,1.3905,-0.17144,-11.772,0.32182,-1.8767,0.80425,0.046128,-1.0154,0.64988,-0.097126,0.1675,-5.3927,-5.1713,1.3158,1.5489,0.4979,0.16703,-0.02818,0.6517,-0.03009
6,10.257,-1.9666,1.9791,2.0566,-0.11864,-0.56417,-0.94038,0.5405,0.25791,-1.8385,9.1547,3.7409,0.36921,0.485,-0.052003,-0.49073,-0.70007,-0.64074,-0.73856,-2.1628,9.716,-0.18348,0.01034,-0.31146,-0.37901,0.58195,-0.71842,-4.3777,3.3433,1.5743,1.1478,0.28172,-2.7269,0.48023,-0.51725,0.32616,-9.3654,-9.0663,-0.47147,0.20759,0.63099,-1.5683,0.59898,0.40705,-0.3405
8,13.989,-2.2078,3.9664,0.069571,0.47035,0.3634,-0.45667,0.078607,-0.65186,13.923,3.5492,3.65,0.97819,-0.53076,0.54358,-0.43449,-0.39459,-0.44966,13.763,-4.7923,2.2796,-0.87957,-0.64907,-0.85007,-0.40758,0.39394,-0.46706,-15.63,2.1005,-2.8068,0.76412,-0.45198,-1.2285,0.58727,-0.38872,0.045574,-16.162,-0.83796,-2.3298,-0.84142,-0.04563,1.4647,0.60214,0.32232,0.26589
6,9.7124,-0.9745,1.0454,0.033705,0.37319,-0.22192,-0.7636,0.33084,0.26263,2.0326,4.11,8.5946,0.14967,0.13816,0.21143,-0.46909,-0.10157,-0.63954,2.8231,-0.74165,9.4373,0.1552,-0.25351,-0.029555,-0.52619,0.47253,-0.52923,-6.9169,7.5394,-5.4064,0.29467,-0.82802,-1.4644,0.56785,-0.21947,0.34739,-5.9131,-7.0319,-5.2049,0.80726,0.74407,-1.3776,0.5793,0.53492,-0.005091
0,11.699,-1.4506,4.0541,0.46651,0.55514,0.31362,-0.75201,0.00522,-0.95897,12.634,3.0502,3.0558,1.3202,-0.82839,2.4292,-0.71958,-0.8404,-0.61706,13.235,-3.8686,3.7397,0.78999,0.30102,0.58603,-1.0943,1.6355,0.21635,-8.985,-3.5366,-2.5913,0.26211,-0.21097,-1.0656,0.24513,-0.80847,0.033784,-12.987,-6.6948,0.032129,-0.45624,-0.24541,-1.6727,0.76648,0.20476,0.33116
8,14.33,-2.4551,4.9986,-0.13337,1.1002,0.093275,-0.7103,-0.3249,-0.3594,15.092,9.0767,2.9986,1.0031,-1.0913,-0.74822,-0.46968,-0.52445,0.38956,16.794,-8.3275,6.943,0.83452,-0.92781,0.4959,-0.35569,0.12223,-0.69958,-18.966,7.1498,-0.61393,-1.4265,-0.68257,-0.35828,0.53133,-0.41392,-0.37026,-19.643,-21.218,3.2461,0.80683,-1.9398,0.26554,0.4488,0.25329,0.57803
8,-3.8785,0.046752,-0.12523,0.40448,0.5234,0.012908,-0.38407,-0.020469,-0.71175,-4.2787,-1.6943,0.74193,-0.27846,0.054884,-0.24906,-0.53079,-0.45974,-0.23092,-3.3335,-1.2212,-0.37707,-0.006734,-0.19896,0.60823,-0.47957,0.36581,-0.42948,2.0266,7.5278,0.19459,0.64788,-0.12954,-0.9824,0.63038,-0.32025,0.047926,1.0826,-6.7771,-0.37317,-0.84479,-0.076067,1.1444,0.61469,0.23659,0.3117
5,6.3514,0.66161,8.3719,-0.004747,0.23133,-0.067888,-0.60535,-0.26834,-0.21199,0.30767,9.5223,4.492,0.10425,0.065783,-0.094119,-0.26813,-0.49639,-0.011178,0.26134,-4.7151,9.4343,0.051346,0.001401,0.006671,-0.51053,0.049762,-0.60289,-3.323,8.9483,1.9195,-0.12531,0.56234,-2.1151,0.32084,-0.45822,-0.35176,-2.8174,-10.757,-4.6388,0.39332,0.67661,-1.6533,0.28419,0.39446,0.29592
3,9.4398,-1.0172,2.3354,0.15065,0.061042,-0.05503,-0.76488,-0.085207,-0.56928,0.57799,7.5312,6.8907,-0.074692,0.97898,-0.94362,0.94175,-0.05069,-0.10559,-0.24284,-5.8932,7.9271,0.18313,0.96044,0.94847,0.35197,0.18324,-0.5741,-10.322,-2.1367,-0.84735,-0.009223,-0.40035,-0.64941,0.89526,-0.19942,-0.41159,-6.624,-6.9716,-1.052,-0.5778,-0.75323,-1.8436,0.43285,0.9101,0.17889
0,10.38,0.91247,3.785,1.3927,-0.13632,-0.044566,-0.77946,0.15454,-0.64671,4.5252,9.271,-0.20789,-0.000427,0.38531,-0.098789,-0.46151,-0.57888,-0.47554,5.0917,-4.2749,6.2361,-0.024966,0.028736,-0.20566,-0.15984,0.58421,-1.0518,-7.5009,0.1593,-1.633,-0.56098,0.45979,-0.46304,0.66543,-0.5677,-0.12698,-12.427,2.4228,0.22372,0.016506,1.5545,-2.3398,0.86919,0.58129,0.18749
4,10.376,-0.12967,3.8898,-1.2445,0.004417,-0.29777,-0.71943,0.025556,-0.54453,-0.19595,7.5111,5.5494,-0.047533,-0.2091,0.6308,-0.15479,-0.65913,-0.80127,-3.477,-6.6486,6.8405,-0.16167,-0.13056,-0.53445,0.11988,0.4664,-0.80683,-9.3095,4.5464,0.15194,-0.60294,0.34032,1.1866,0.45002,-0.32033,-0.22012,-11.733,-0.32693,-2.3137,-0.34686,-0.20562,1.0094,0.56987,0.095527,0.26215
4,5.0462,0.86479,-1.3048,-1.06,0.64851,0.15603,-1.0062,-0.090641,-0.28451,-6.7682,7.9119,3.3405,-0.38315,-0.022665,-2.2082,-0.11262,-0.6419,-0.37388,3.5106,-8.6463,8.8385,-2.0022,1.5027,1.6137,0.24636,0.58483,-0.90025,-5.9979,1.3754,-0.39722,0.20852,0.44688,2.1161,0.54536,-0.35476,-0.073965,-5.7958,-2.9144,-4.7793,-0.53241,-0.17651,2.1388,0.42608,0.42278,0.17414
7,8.8311,0.073639,3.7174,0.11542,0.23715,-0.071643,-0.53897,-0.12211,-0.77698,2.0125,1.3469,10.128,-0.46276,-0.29852,0.43941,0.32137,-0.23954,-0.85095,2.6403,-0.14076,10.11,0.39349,-0.25792,-0.23418,0.34556,-0.14273,-0.85795,2.5681,9.2051,-0.56139,-0.031472,-0.012258,0.007042,-0.68041,-0.65033,-0.17497,3.3666,-9.269,-0.055647,-0.082057,0.017384,-0.033348,-0.77142,0.57129,0.066021
6,9.1825,-0.56249,-0.99879,-0.003341,-0.048693,-0.037998,-0.95414,0.45439,0.39263,-1.6798,6.2193,7.17,0.32849,0.223,-0.12135,-0.46246,-0.34877,-0.83875,-0.5674,-0.9002,9.8144,-0.14623,0.079643,0.075759,-0.45535,0.47274,-0.79286,-0.55576,5.6179,-0.93203,0.95877,-0.52634,-1.2754,0.28469,-0.68315,0.34929,-7.2258,-8.993,-2.7267,0.45053,0.59838,-0.65068,0.59911,0.56396,-0.28357
1,9.8763,0.6377,2.6726,-0.25694,-0.091889,0.032874,-0.73323,0.10072,-0.48509,8.2266,2.5913,-1.1328,-0.64808,-0.091219,-0.86473,-0.030176,0.15674,-1.2847,8.1349,-3.6359,4.4359,-1.4633,-0.060666,-0.53409,-1.2589,0.39041,-0.005901,-5.0266,-2.5994,-1.1576,-0.37715,0.46743,0.072109,0.37391,-0.72416,0.27959,-9.456,-0.46992,-1.6481,0.11066,-0.3669,1.0642,1.083,0.40452,0.013576
5,9.3629,-0.68328,1.3408,-0.24671,0.060692,0.22788,-0.58713,-0.25792,0.18707,0.31548,7.2214,5.9086,-0.16083,-0.073713,-0.002046,-0.14986,-0.55696,-0.083849,1.348,-4.2695,8.7617,-0.34401,0.12717,0.16241,-0.43058,-0.047603,-0.62111,3.5902,5.8941,1.7614,0.28951,0.181,-0.54273,0.14538,-0.60842,-0.33337,-2.487,-11.46,-0.37163,0.78792,-0.247,-0.79298,0.26814,0.38627,0.21643
1,8.4023,-0.53908,4.4801,-0.36735,-1.3353,0.031511,-0.66669,0.15659,-0.55123,0.12436,8.0314,5.373,0.031722,0.20138,-0.80841,-0.009323,-0.17021,-0.63064,0.004601,-7.2139,6.6396,-0.12135,0.59785,0.50384,0.4142,0.84035,-0.62524,-9.2805,-0.81113,-3.0216,0.67801,-0.33685,-1.1687,0.762,-0.38831,0.41228,-6.3278,0.93657,-1.6891,-1.6027,-0.027409,-1.5544,0.60807,0.90753,-0.24245
9,8.3298,-6.2786,-4.7236,-0.55236,0.068787,0.2531,-0.85683,-0.052889,0.025671,7.7127,-4.1139,3.2408,-0.24475,0.12577,-0.8329,-0.75027,-0.27938,-0.22456,17.386,-4.3909,17.142,0.29534,-7.0866,-2.9703,-0.025941,-0.095425,-0.80696,-9.1381,1.8626,-2.0052,0.76855,0.21091,0.037029,0.72102,-0.27957,-0.27243,-7.5123,0.89177,2.0799,0.47554,0.1547,-0.1555,0.795,0.073348,0.25214
8,15.827,-0.79036,-0.053253,-0.83405,0.26286,0.096021,-0.75893,-0.39266,0.17728,13.131,0.7898,4.0569,-2.4742,-0.42554,0.3389,-0.57981,-0.38154,0.34592,16.059,-3.2082,2.0806,1.7444,-0.43357,-0.02454,-0.58685,-0.42431,-0.037902,-14.669,-5.2619,0.60564,0.061842,0.13525,0.39734,0.57748,-0.010009,-0.45186,-13.635,0.47338,-1.3098,0.039013,0.24784,-0.21582,0.48384,-0.34007,0.47952
4,9.3395,1.2418,0.71969,-0.41371,-0.1462,-0.20269,-0.83984,-0.11898,-0.30206,7.0889,5.1538,7.594,-0.72921,-0.4272,1.9585,-0.32878,-0.68914,-1.032,-8.4952,-11.139,5.7195,-0.32228,-0.4794,-1.2773,-0.043947,0.53974,-0.59088,-6.1177,-3.5648,-2.1297,0.82025,0.40765,-1.449,0.53615,-0.28377,-0.045558,-8.2983,-12.629,-5.6619,1.3474,0.17997,-0.31275,0.62936,0.074592,0.22674
8,1.5584,-0.35552,0.93159,-0.36879,0.33175,0.14304,-0.63058,0.43235,-0.31223,0.55767,3.4787,1.7104,-0.21262,0.13344,-0.46803,-0.40289,-0.34253,-0.5894,1.387,-1.6249,-4.6754,0.2122,0.59933,0.8385,0.001828,0.56785,0.53031,-1.4859,6.9396,-0.74187,-0.78018,-0.30867,0.57678,0.47834,-0.091816,0.50764,-2.6279,-3.1801,1.3008,0.1296,-0.045807,-0.8749,0.44963,0.078278,-0.48678
5,9.5036,0.24529,2.5999,-0.083229,0.1546,0.040325,-0.5846,-0.19513,0.16034,2.8044,0.24664,9.486,0.068725,-0.014121,0.016737,-0.29816,-0.14065,-0.24532,1.4359,-1.0168,9.6488,-0.012102,-0.013898,0.067446,-0.62303,-0.12603,-0.51894,3.308,3.9984,1.5129,-0.31906,-0.17453,1.1742,0.17872,-0.61078,-0.28191,-3.3841,-14.597,-5.2899,-0.62461,-0.056716,0.83418,0.42655,0.27104,0.28419
8,3.5964,-2.391,1.9482,0.6981,-0.35668,-0.09674,-0.73056,-0.33046,-0.28189,3.9268,3.1027,0.94847,-0.31735,-0.22164,-0.1745,-0.38289,-0.55776,0.41105,4.8177,-3.2245,2.7955,0.62949,0.25707,0.10319,-0.40382,-0.002525,-0.65491,-6.1067,1.7663,-3.1147,0.95926,1.5951,-0.69202,0.4748,-0.24633,-0.50395,-6.025,-0.7057,-4.3394,-1.1036,2.0838,-0.12664,0.43055,0.16461,0.63182
1,9.3477,-0.78776,3.1225,0.50056,0.24158,-0.054686,-0.82835,-0.06915,-0.72728,11.696,3.0537,3.9158,0.8735,-1.3358,2.2237,-0.85067,-0.60605,-0.03335,12.071,-3.1866,1.3954,1.1846,0.34124,2.0279,-0.78291,1.3151,1.1574,-12.009,1.3301,-1.8025,0.55664,0.61641,-1.9041,0.18061,-0.57213,0.036834,-13.965,0.48665,-2.9641,1.8831,0.28042,-3.0122,0.68844,0.19125,0.11534
1,8.0744,0.001043,0.99281,0.35636,0.044663,-0.19661,-0.77277,0.034657,-0.42114,5.9212,3.1445,-1.0001,-3.7665,-0.24431,1.1676,-0.44958,-0.54175,-1.0711,6.7707,-2.0424,1.8241,0.58682,0.71604,1.3182,-0.60066,1.0911,-0.58184,-10.151,2.1127,-2.2425,1.0718,0.05328,-1.1778,0.80827,-0.3883,0.2968,-4.4406,4.8122,-1.0353,0.005732,0.025837,-0.66312,0.69985,1.0645,-0.23392
9,9.0622,-1.5602,-1.3736,-3.1165,-0.2176,-0.16575,-0.98398,-0.22985,0.022395,4.3428,1.9105,-2.8492,2.6618,0.01409,0.51268,-0.22229,-0.33147,0.80882,5.8876,-3.6017,-2.4213,-1.9902,0.53573,-1.291,-0.60096,0.49888,-0.47479,-9.0868,-0.66105,-0.65084,1.8839,-0.83556,-0.19569,0.71012,0.23281,-0.50727,-6.4202,4.3211,-2.9358,-3.4102,0.56211,0.13891,0.79497,-0.01359,0.43689
7,8.0325,-1.3631,5.8848,0.056741,0.72651,0.19147,-0.47145,0.14686,-0.91351,5.1836,-0.70766,10.818,-0.079414,0.71351,-0.94923,0.17584,0.18928,-0.93191,2.5916,-2.8295,9.6282,-0.16251,0.18103,0.58719,0.2566,-0.029936,-0.93896,-1.7708,10.514,0.0286,0.22668,0.12269,-0.69187,-0.31591,-0.91022,-0.15862,-0.85289,-10.586,-2.3368,-0.32014,-0.13234,0.69071,-0.40956,0.88314,0.12621
0,11.237,-2.4605,2.4177,0.42998,-0.18543,0.24049,-0.83007,0.1675,-0.5521,10.494,-0.93802,1.4859,1.6952,-0.27666,-0.1885,-0.51503,-0.45242,-0.5412,12.61,-1.9477,2.1867,0.91638,0.45553,1.0776,-1.2185,0.93702,0.27078,-10.012,-3.7768,-2.928,0.59733,-0.006441,-1.3196,0.64059,-0.43278,0.48475,-15.324,-0.53243,-3.1731,-1.1483,-0.40485,-2.4184,0.94202,0.55205,-0.20365
7,10.204,1.3053,0.001462,-0.036509,0.26853,-0.10351,-0.57356,-0.22603,-0.72567,5.0084,9.6285,-0.34862,0.25085,0.040404,-0.019995,0.40429,-0.84532,-0.092928,5.7097,-3.7543,8.8403,-0.24514,0.075871,-0.15079,0.23992,0.018819,-0.92453,-0.42943,8.9404,4.1623,0.060537,0.10571,-0.010682,-0.71931,-0.5419,-0.34929,-1.7372,-9.1387,1.8729,-0.090338,0.030911,-0.017523,-0.57883,0.77587,-0.078199
3,18.989,-6.5021,0.58063,0.065503,-0.86883,-0.31306,-0.84448,0.10378,-0.63344,-0.62042,13.676,1.6061,0.89873,-0.2199,-0.56411,1.047,0.92356,0.20498,0.89755,-8.6765,8.5446,1.0755,-1.1325,-0.32125,0.29803,0.37449,-0.53913,-22.768,-3.1329,-0.41355,-1.0022,-0.17994,-0.50123,0.8063,0.16297,-0.49758,-8.2183,0.28571,-1.4656,-0.60447,0.000158,-0.61956,0.56686,0.85956,0.29492
1,8.3494,-1.4014,2.8265,-0.40886,0.54367,-0.13602,-0.53685,0.26689,-0.73698,-0.71852,9.4504,2.989,-0.26065,0.085331,0.76479,-0.14061,-0.55384,-0.49727,2.1393,-5.965,7.1727,0.000682,-0.54921,-0.11227,0.15269,0.686,-0.83536,-3.0422,-10.966,-1.1284,-0.97516,0.72424,-1.0441,0.54798,-0.7344,-0.125,-7.9584,-4.9406,0.51077,-0.74753,0.28021,-2.6743,1.1263,0.34213,-0.076973
4,12.304,0.64397,5.2841,-2.6232,2.7017,-0.11186,-0.78573,0.12275,-0.61015,-1.8587,10.499,-1.2941,0.20338,1.5869,3.1522,-0.17876,-1.4121,-0.16814,-6.4509,-7.887,6.7397,0.32489,-0.33534,-1.6623,0.4603,0.49003,-0.51397,-9.558,2.8763,1.836,-0.53056,0.12946,-0.16112,0.43792,-0.23467,-0.16867,-16.295,-2.8216,0.35639,-0.6662,-0.5893,2.262,0.63826,0.22388,0.090945
1,10.414,-0.25239,7.8256,0.26813,0.16068,-0.001599,-0.62583,0.24606,-0.71854,2.155,8.7435,1.2728,0.054613,0.064095,-0.20962,-0.32429,-0.54506,-0.45592,3.0354,-5.2504,6.7211,-0.19476,0.52387,-0.31663,0.1142,0.71967,-0.80956,-11.173,-1.5314,-1.5949,-1.9926,-0.003867,2.7427,0.52729,-0.7369,0.089153,-9.2775,-0.26642,-1.2186,-0.24929,0.204,1.0798,1.0536,0.42952,-0.10573
4,6.0333,-1.4319,1.9899,1.7126,0.022591,0.27364,-0.72589,0.10605,-0.53447,-0.72635,7.7938,5.0237,0.4261,1.2219,-1.5152,0.002888,-0.90392,-0.62298,-6.1073,-5.8536,4.5884,0.20863,0.38295,2.2271,0.40639,0.46234,-0.5843,-10.178,0.42864,-3.2052,0.16036,-0.22878,-1.3986,0.58419,-0.25959,0.059374,-10.589,-0.98648,0.61601,-0.93007,-0.64731,-2.773,0.51863,0.33767,0.029013
1,8.9912,-0.16205,0.18921,0.62276,0.28081,0.24523,-0.9108,0.15368,-0.49846,8.3266,-0.14691,2.6744,1.0918,-0.063481,0.24626,0.38127,-0.023444,-0.71666,10.441,-2.8773,1.4284,1.5019,-0.18051,0.67372,-0.85728,1.1804,0.22812,-9.7173,-2.3167,-3.4249,0.72677,-0.1899,-1.9571,0.58825,-0.47225,0.43719,-13.308,2.1836,-0.80987,0.22956,0.23193,-2.4766,0.97274,0.5465,-0.11432
4,11.47,-0.43172,2.5549,1.0197,-0.844,-0.17133,-0.96711,-0.07212,-0.29105,-6.9866,8.6146,0.51082,0.048793,0.19131,1.6643,0.015201,-0.74869,-0.30689,-1.4707,-8.2784,6.1454,0.53642,-0.43114,-2.3576,0.48767,0.55446,-0.80913,-13.643,2.6729,-2.2779,0.78072,-0.40883,-1.4613,0.63758,-0.15408,-0.11078,-7.6882,-4.0567,-0.11679,2.0465,0.43407,0.48768,0.2873,0.44935,0.15814
0,11.422,-0.88626,2.8415,0.34201,-0.010358,-0.2383,-0.84914,0.059848,-0.57067,10.612,1.4701,4.6528,0.14253,-0.3019,0.069736,-0.48819,-0.30672,-0.83352,10.14,-2.5387,2.0624,-0.11289,-0.054425,-0.27839,-0.9634,1.3337,-0.43789,-11.077,-1.5617,-1.5701,0.31357,-0.29594,-0.61479,0.73105,-0.03628,0.49518,-10.523,-7.2643,2.9095,-2.1577,1.0937,-0.87812,0.76632,0.66027,-0.31495
4,6.107,-0.3412,1.1506,1.4046,0.24796,-0.37004,-0.72548,-0.025427,-0.57649,5.6693,6.7325,4.7308,-0.071697,0.45515,-0.76052,-0.043714,-0.76561,-0.51705,-1.7621,-7.4109,7.0562,0.86116,0.67593,1.8507,-0.022131,0.51802,-0.66698,-9.892,2.7595,-0.5913,0.50291,0.36399,-1.7089,0.5066,-0.26269,-0.15942,-10.322,-0.31285,0.49256,-0.48912,-0.057646,-2.5187,0.5669,0.27194,0.002743
7,7.0588,1.7829,6.8949,0.098679,-0.47365,0.049071,-0.35269,-0.20151,-0.87576,-4.8725,2.5751,10.224,0.75266,0.35831,1.1007,0.62324,-0.004548,-0.74262,-2.1972,-2.4217,11.179,-0.59251,-0.53068,-0.84163,0.40035,-0.06308,-0.85641,-3.6043,12.529,3.5103,-0.48812,0.11491,0.32313,-0.16799,-0.88887,-0.31011,-2.7505,-9.9699,1.893,0.23214,-0.18235,-0.14358,-0.21869,0.94098,-0.076263
5,9.1552,-0.7837,2.7961,0.18974,0.014736,-0.25817,-0.60122,-0.13897,0.13304,6.6302,4.2644,6.2736,0.005515,-0.019327,-0.10816,-0.88906,0.063263,-0.23107,5.4982,-5.8792,5.3619,0.088683,-0.26394,-0.080462,-0.79721,0.1541,-0.66233,-11.057,12.685,0.95435,-0.70486,-0.62391,-2.1826,0.55215,-0.36573,-0.10873,2.4342,-5.2073,-0.83687,-0.11636,0.18384,-1.8747,0.10344,0.54942,0.2523
8,6.3786,9.6e-05,2.3882,0.40621,1.6366,-0.068882,-0.61937,0.50868,-0.20007,1.4196,4.5753,4.4867,-0.7824,0.49741,-1.0477,-0.46259,-0.33522,-0.55256,1.7542,-3.3262,-3.4298,-0.60172,-0.64575,0.13192,-0.048863,0.33589,0.69247,-8.4331,2.5709,-1.0271,-0.10633,-0.48355,-1.6753,0.48158,-0.017964,0.51138,-8.6531,-2.1198,-3.3109,-0.77793,0.05106,2.3171,0.47115,0.04439,-0.46244
3,8.4074,0.3828,0.040731,-0.46639,0.16384,-0.073556,-0.80461,0.060831,-0.44293,6.2708,6.2999,3.7305,0.21564,-0.082823,-0.79602,0.11942,-0.39059,-0.12663,5.8331,-5.1741,5.5477,0.090738,0.445,0.63996,-0.14726,0.44479,-0.68507,-9.5822,3.259,-1.471,-0.37366,0.07209,1.65,0.6271,-0.66103,0.098042,-8.601,-2.224,-1.9412,-0.034045,-0.18107,0.65183,0.81217,0.45253,0.16897
7,6.6217,-0.38088,-7.9042,0.36122,-0.58782,-0.1643,-1.106,0.25523,0.00034,4.6172,5.7806,7.208,-0.29389,-0.26167,0.17449,0.25017,-0.52136,-0.73213,7.1842,1.8409,7.5919,-0.1915,-0.31817,-0.24235,0.038315,-0.3042,-0.87831,0.59896,9.5785,1.904,0.15983,0.30562,0.004005,-0.70596,-0.61654,-0.23519,1.3114,-9.3861,-1.7366,0.30777,-0.006524,-0.075104,-0.70525,0.64562,0.14535
9,10.875,-1.2752,1.2273,0.053784,-0.1626,0.55702,-0.72925,0.39649,0.014836,1.6097,-4.5605,-6.0739,-4.315,-2.3465,1.7581,0.12984,-0.60779,-0.51149,6.2949,-4.2969,5.3679,0.1222,0.11529,1.217,-0.61615,0.51236,-0.30866,-9.6178,0.5944,1.7634,-0.77602,-0.65451,0.59748,0.65914,0.13096,0.47737,-10.974,2.3457,-1.2601,0.38891,-0.26793,-0.88655,0.80365,-0.1413,-0.13651
0,10.286,0.22331,-0.13549,-0.13221,0.92483,-0.19495,-1.0405,0.062103,-0.63437,3.3595,8.8021,4.5663,-0.11541,-0.13272,-0.069202,-0.34662,-0.66582,-0.79451,2.1369,-6.8556,7.3979,0.25922,-0.43114,0.13187,0.067071,0.9275,-1.0501,-13.021,0.31141,-3.3283,2.0921,-0.42402,-1.4514,0.24955,-0.7038,0.24642,-13.089,-1.9554,0.49572,-0.29811,0.82468,-2.5562,0.49737,0.54752,0.30192
1,8.0864,-1.2193,3.859,0.13959,-0.59485,-0.17437,-0.83312,-0.044039,-0.68688,0.031304,5.4635,7.9693,0.38819,0.801,-0.33196,0.22239,-0.62007,-0.78357,0.12454,-5.4086,7.7396,0.2197,0.44803,0.48654,0.25122,0.48291,-1.1231,-11.159,-0.15596,-1.2606,0.38937,-0.040611,-1.8745,0.51662,-0.46518,0.094744,-7.6171,1.906,-1.0239,1.2111,0.61453,-1.3863,0.23487,0.71147,0.020263
2,15.291,0.82649,2.592,-0.86874,0.01044,-0.000234,-0.75081,0.12355,-0.48832,2.9253,11.407,9.2806,-0.09101,-0.053479,1.7126,-0.16964,-0.13268,-0.66387,1.1163,-6.1856,9.2316,-0.030071,-1.2043,-0.54326,0.2787,0.74401,-0.86531,-15.613,-9.5222,-4.5012,0.76849,1.5288,2.8712,0.36922,-0.71852,0.39052,-16.218,1.1035,-7.0174,2.176,0.91491,4.3979,0.91025,0.58196,-0.06414
5,9.8025,-0.21183,1.4059,0.39935,-0.10888,-0.23612,-0.5851,-0.18062,0.18589,3.006,0.071768,9.0274,0.12758,0.072625,-0.0765,-0.31417,-0.14217,-0.2386,1.3919,-0.85606,9.4962,0.086035,-0.16489,-0.1765,-0.62491,-0.12663,-0.51625,-3.7666,12.935,-0.8671,0.1682,0.11445,-0.032328,0.42949,-0.53353,-0.076277,4.3087,-3.985,0.077352,0.59472,0.4667,-0.66785,0.12445,0.52793,0.2997
3,-6.8586,6.1584,6.5067,-0.086523,-0.25159,-0.01474,0.54736,-0.2345,-0.81514,7.5505,6.5186,-2.1241,-0.11787,0.85566,0.8371,-0.29586,-1.0071,0.51903,5.8089,-4.9483,5.9649,0.38175,-0.88157,-0.84,-0.12596,0.58494,-0.4508,-8.0184,2.4338,1.245,1.05,0.57294,-1.4868,0.63149,-0.54063,-0.44901,-12.611,0.34803,-1.3012,-0.21618,-0.15192,0.48231,0.67543,0.34609,0.66641
3,9.4754,0.10932,1.9209,-0.15307,0.2372,0.005615,-0.69771,-0.12048,-0.63975,5.8087,6.3921,4.2294,-1.1326,-0.59625,-0.72314,0.32279,-0.93502,-0.27729,4.3303,-5.0383,8.444,1.0458,0.39519,1.2278,0.057571,0.5073,-0.5818,-13.94,8.4118,1.3437,-0.49898,-0.09316,1.8485,0.87325,-0.43702,-0.43583,-10.818,-1.1473,-1.9712,0.44702,0.03945,0.00192,0.76495,0.3025,0.48485
6,8.713,1.6358,4.1491,0.19501,-0.13565,0.083239,-0.93355,0.19034,-0.14175,0.88573,8.7717,5.2986,0.11084,0.18552,0.068166,-0.70202,-0.56263,-0.52968,1.2752,-4.3983,8.598,0.01181,-0.073401,0.026232,-0.66779,0.66368,-0.56148,-9.5502,9.4822,-0.32283,0.20888,-0.18039,0.80739,0.69062,-0.18624,0.21432,-0.61112,-1.8515,0.33937,-0.66617,-0.016489,0.76383,0.51446,0.7054,-0.11221
5,8.3348,0.34172,5.7661,0.11515,-0.3963,0.007311,-0.78336,-0.093325,0.000747,4.5455,8.6145,-0.39948,0.15172,0.16535,-0.16176,-0.80417,-0.26068,-0.21051,7.6522,-3.6957,5.6194,-0.1069,-0.011939,-0.016736,-1.0068,-0.12215,-0.62012,-1.2649,16.999,0.052427,0.59351,0.38739,0.42597,0.30402,-0.39847,-0.18793,8.9001,3.0101,4.7066,0.6825,-0.49428,0.38833,0.075661,0.57593,0.17334
3,7.5797,-0.57863,-0.37977,-0.36619,-0.54062,0.01346,-0.90658,0.017771,-0.50802,0.1512,8.7714,4.5168,0.29655,-1.1719,1.3099,0.69261,-0.12863,0.31288,0.081868,-6.7038,7.5948,-0.14354,-1.0984,-1.5274,0.55386,0.56002,-0.57855,-7.0778,1.3207,-0.75287,0.77362,-0.12157,0.52075,0.71537,-0.39582,0.10628,-7.4776,-6.6596,-0.85273,0.03731,-0.60672,1.9732,0.48552,0.74229,0.16933
2,2.6115,-2.0299,1.932,-0.078526,1.9828,0.08821,-0.519,0.20472,-0.74984,4.4314,5.3336,3.8038,0.14898,0.98935,-0.33077,-0.13691,-0.22422,-0.64451,3.1594,-3.1104,5.3121,0.17433,0.30542,0.97296,0.24096,0.68557,-0.88599,-5.9691,4.0351,-2.9396,-1.8062,0.21628,-3.7e-05,0.36314,-0.7149,0.33664,1.704,-18.228,0.58199,0.93566,-0.256,-0.44177,1.1168,0.15742,-0.1269
6,9.5872,-1.1606,2.8411,-0.39074,0.072119,0.37663,-0.85213,0.34605,0.17489,-0.13397,5.2752,8.3358,-0.26994,-0.17606,0.091675,-0.4359,-0.15898,-0.79429,0.33214,-1.2531,9.6819,-0.021501,0.15214,0.10891,-0.40132,0.47911,-0.67403,-8.8443,7.1977,-3.657,-0.52067,0.29755,1.8003,0.47634,-0.22938,0.47293,-8.0636,-6.4054,-1.0934,-0.34234,-0.12196,2.5014,0.53976,0.39837,-0.37899
7,4.6826,-5.2955,8.0217,-0.25717,0.48676,-0.15011,-0.21023,0.30458,-0.98283,-2.3138,2.3498,4.0701,-2.0862,1.1849,-2.5769,0.45239,0.13778,-0.84696,-1.0139,2.7945,7.5873,0.84788,2.1592,1.4079,0.43767,-0.58013,-0.62745,-2.8683,8.2289,2.8547,-0.68508,-0.03251,0.17212,-0.23392,-0.85598,-0.36011,-3.2608,-8.7248,-0.049101,-0.031817,-0.019656,-0.086888,-0.21287,0.94217,0.089505
3,15.908,-0.46005,3.7763,0.27435,-0.25098,-0.012691,-0.71888,-0.16088,-0.59276,-0.81767,8.5351,7.4065,0.083192,-0.001203,0.22247,0.99969,-0.078691,-0.000855,-1.7769,-6.8617,8.9863,-0.20313,-0.037552,-0.31045,0.3817,0.14936,-0.56773,-12.752,-4.2374,-3.1596,0.11812,-0.020504,0.29,0.89955,-0.20454,-0.32725,-6.5229,-9.6965,0.25133,-0.6458,0.22479,0.25255,0.34253,0.91896,0.24181
9,8.5037,1.9275,5.9151,-0.17484,0.44141,-0.39728,-0.42911,-0.26518,-0.81646,-4.6358,2.8707,9.3851,-1.0065,1.0195,-0.7724,0.70757,0.21187,-0.60586,-8.753,11.791,12.999,-1.9086,2.3655,-0.028772,0.73943,-0.41248,-0.38879,-10.064,-4.7354,3.1014,-0.37768,0.27668,1.115,0.65842,-0.58767,-0.37853,-11.195,0.73793,-2.7581,-0.42696,0.068123,0.029998,0.86645,0.056999,0.50741
3,8.1903,-0.46968,-3.1321,-0.076555,-0.2552,0.016015,-0.98831,0.138,-0.38019,2.8089,7.581,3.8583,-0.004596,-0.054891,1.4759,0.60666,-0.25237,0.14482,0.71467,-6.5791,7.3587,-0.10265,-0.94783,-0.23912,0.49731,0.50472,-0.54171,-7.1608,4.0535,-2.4214,0.69146,-0.37852,-1.4379,0.4996,-0.72524,0.09896,-8.9587,-3.9518,-1.0481,0.18787,0.21103,-0.61598,0.82499,0.48459,0.054633
4,-8.69,7.6175,8.0746,-0.56018,0.96639,0.79061,0.59702,-0.13071,-0.51524,-1.9269,8.3629,-4.8602,0.49687,1.3319,1.2409,-0.25188,-0.85817,0.19565,1.7211,-8.9997,3.5632,0.33106,-0.36478,-1.404,0.1721,0.75967,-0.7102,-14.443,0.29393,-0.13205,-0.10712,-0.41976,-1.1747,0.65717,-0.15091,-0.16342,-10.66,-2.8573,-0.11043,0.67236,0.44083,-0.85573,0.38587,0.47927,0.14405
9,8.0114,-0.38641,4.1247,-0.13138,-0.32236,0.23161,-0.70013,0.36324,-0.15421,0.90317,14.74,-2.2194,1.46,2.0853,3.1027,-0.26259,-0.67458,-0.27843,8.8722,-16.636,17.246,-1.1627,-2.7664,-5.1005,-0.065359,0.61854,-0.48658,-7.0385,0.12689,-2.8496,0.64061,0.16767,-0.49701,0.74196,0.012303,0.2597,-9.5435,0.16045,-1.1557,0.98483,-0.13503,0.4259,0.7652,-0.085904,-0.21035
2,29.994,-1.3455,-4.8602,1.224,-0.10185,0.70237,-0.96799,0.23437,-0.35912,13.792,24.975,3.9493,1.9746,2.1838,2.6284,0.056899,-0.64056,-0.55184,5.3685,-54.859,0.1223,1.6784,-2.6175,2.4546,0.1964,1.3834,-0.14476,-12.213,-17.434,-0.1181,1.7578,-0.065444,-1.5799,0.54339,-0.39588,0.47627,-18.374,-0.72461,-5.5057,-0.85768,-1.0962,-2.9873,0.91737,0.36741,-0.12887
5,8.6421,-1.1633,5.1361,0.28289,-0.37999,-0.25551,-0.66009,-0.039735,0.034179,0.2711,4.8865,8.033,0.24642,0.12879,-0.006749,-0.21265,-0.38377,-0.30207,0.042946,-2.0789,9.6818,0.15784,0.036036,0.16619,-0.51524,-0.098491,-0.60691,2.7312,4.285,-0.80694,1.2188,-0.47944,-1.9778,0.1812,-0.63982,-0.10721,-1.726,-12.144,0.48674,0.669,-0.07972,-1.6256,0.36846,0.45085,0.15225
5,7.0554,1.0277,7.021,-0.15773,0.072714,0.11224,-0.65312,-0.20295,-0.10613,4.3558,7.2035,-4.4019,-0.079586,0.002559,0.17053,-0.76024,-0.34914,-0.1037,5.7587,-7.7648,1.6656,-0.11722,0.068703,0.098199,-0.89969,0.3699,-0.64043,-2.0394,10.518,1.3386,-0.003345,-0.37882,1.8335,0.24633,-0.52195,-0.35403,-2.551,-9.8396,-4.3743,0.1047,-0.76441,1.8351,0.26347,0.33738,0.35099
9,5.4237,-1.1735,0.23193,1.4151,-0.14054,0.67908,-0.69401,-0.014181,-0.38178,8.4366,-1.267,-2.2105,0.16825,-0.005901,-0.45706,-0.27342,-0.7264,0.11026,-1.9601,-1.2654,-3.5042,-0.2735,-3.1447,3.128,0.60231,0.07042,-0.41828,-11.283,4.1356,7.4459,0.15982,-0.23405,0.56377,0.77858,-0.30329,-0.071189,-9.7756,-5.3235,4.3804,-0.59455,-1.2205,-1.3723,0.80271,0.11196,0.17714
5,9.1453,0.36379,2.6299,-0.085846,0.091731,0.10283,-0.58693,-0.17817,0.16697,2.4072,0.86759,9.436,-0.022284,-0.021869,0.076531,-0.25787,-0.17882,-0.25244,0.88018,-1.1474,9.6566,-0.044479,0.040419,0.070938,-0.58735,-0.10586,-0.54645,3.6444,2.3601,1.5947,-0.10859,-0.069427,1.4484,0.20516,-0.58775,-0.29079,-2.4815,-16.07,-5.9343,-0.22184,-0.16436,0.62367,0.41265,0.29262,0.28846
0,11.688,-0.79278,4.9811,-0.84252,0.032716,-0.31111,-0.7572,0.20044,-0.62229,4.2042,9.6172,2.1799,-0.15226,0.21654,0.016658,-0.39479,-0.3571,-0.56569,4.2256,-5.171,8.2055,-0.055954,0.057852,0.26122,-0.024383,0.77063,-0.86724,-10.209,6.7031,0.87334,0.95483,0.76622,-1.3126,0.48675,-0.73396,-0.16995,-11.778,-1.7363,-0.46656,-0.76024,-0.47001,0.89938,1.1758,0.16398,-0.070158
1,7.3566,1.0847,0.063455,-0.53907,0.37542,0.077766,-0.77973,-0.062194,-0.35063,8.6745,2.6055,2.6795,-0.003356,-0.14066,-0.15274,0.7852,-0.26192,-0.32987,7.2015,2.7967,1.5344,-0.50227,0.57023,0.32365,-1.5739,0.027616,-0.56444,-9.3616,-0.74423,-1.3195,-0.7183,0.24601,2.1454,0.48711,-0.6699,0.31587,-9.1881,-1.2678,-1.7765,-0.40852,-0.002788,1.4468,0.95357,0.63174,-0.06999
4,11.836,-0.039482,4.3491,-1.4722,-0.1222,-0.61748,-0.74139,-0.057811,-0.49297,-2.7455,7.6167,5.8308,-0.29781,0.21719,-0.30695,-0.14645,-0.64401,-0.68575,-1.0588,-5.9377,7.0946,-0.29689,0.67809,0.35628,0.18985,0.48413,-0.87042,-10.586,1.8615,-1.4685,-0.44241,0.18237,1.8549,0.45803,-0.33921,-0.19692,-12.125,-0.8306,-3.4095,-0.35028,-0.41068,1.2236,0.50651,0.23933,0.29728
5,9.8109,-1.7496,1.9373,-0.038434,0.047499,0.18062,-0.61364,-0.20515,0.17499,0.40123,7.8408,6.0229,-0.034555,-0.009115,0.10587,-0.16787,-0.55106,-0.077328,0.64589,-4.6705,9.0062,-0.12838,0.063161,0.077519,-0.39621,-0.00621,-0.63377,-0.43131,7.5042,-0.41301,0.7721,0.023656,-1.4147,0.22294,-0.58209,-0.27668,-2.248,-11.424,0.88771,1.1295,-0.18623,-1.1326,0.23919,0.47077,0.14382
8,7.2735,-0.50494,-0.37216,-0.35378,0.1472,-0.021172,-0.80392,-0.3225,0.18536,7.2753,4.0503,0.86178,0.14963,0.53304,-0.35954,-0.67256,0.077765,0.4044,7.4358,-1.1089,1.082,1.5466,0.91944,-0.24854,-0.61513,-0.38235,0.012126,-10.527,4.0354,-1.2735,0.035634,-0.13597,-0.41874,0.44532,0.20762,-0.50425,-8.4857,-2.326,-1.9505,0.99562,-0.004772,0.65522,0.43692,-0.42376,0.44439
5,9.7405,-1.1983,1.2106,0.18632,0.07765,-0.27896,-0.59856,-0.23215,0.19764,-0.17086,8.7118,4.3884,0.32959,0.093443,-0.070587,-0.13832,-0.56568,0.006229,0.57213,-5.3353,7.9707,0.1348,-0.01007,-0.14672,-0.378,0.078419,-0.64,-4.2,7.8211,-0.99899,-0.19507,-0.47056,0.34506,0.33998,-0.51542,-0.16562,4.0685,-6.4696,2.4661,-0.42271,0.18343,0.27447,0.024164,0.62014,0.080575
1,6.6144,1.5235,4.2135,-0.005752,-0.4362,-0.13912,-0.75713,-0.17632,-0.73231,1.3888,6.7197,5.7832,0.11778,0.8354,-0.48923,0.043464,-0.85063,-0.65224,1.7385,-6.2476,7.4474,-0.097741,1.009,0.26163,0.14446,0.69667,-1.113,-7.2527,-0.6261,-0.64741,-0.083901,0.50941,2.3554,-0.07954,-0.82442,0.067293,-9.5542,0.87679,-1.9781,-0.50528,0.16687,1.892,0.59732,0.49656,0.06942
8,35.113,-0.92303,11.701,-0.26174,-0.2572,-0.46592,-0.47499,0.002244,-0.63124,41.242,-0.80211,-1.193,0.64672,-0.38374,0.48168,-0.53693,-0.38294,-0.34516,43.668,-4.6923,-1.1532,-1.1564,-0.17108,-0.76756,-0.5053,0.33787,-0.40304,-31.744,-10.215,-6.032,0.20918,0.43402,0.097982,0.60324,-0.38373,0.00363,-31.53,7.9127,-7.7888,-0.24065,0.11203,-0.24556,0.61139,0.29873,0.29071
2,-2.195,0.47226,-0.82566,-1.651,-1.1351,0.28339,-1.016,-0.040906,-0.63681,-11.003,0.20973,2.1105,-0.050704,-0.071206,-0.40998,0.20217,-0.76901,-0.33129,10.174,4.7353,-1.8418,0.45145,-0.18707,-0.55709,0.5512,0.77125,-0.78249,-0.37873,8.3575,-1.9092,-0.13745,0.76754,0.89502,0.6921,-0.15218,0.37511,0.68317,-8.294,-5.7826,-3.7296,-0.9812,2.2072,0.56978,0.56836,0.030593
2,20.731,-6.6798,16.121,1.1425,-2.9089,0.51746,-0.83569,0.33849,-0.43361,27.429,26.883,-5.3909,1.3578,1.2105,3.8789,-0.34652,-0.38459,-0.70198,31.042,-23.523,-0.32562,3.3244,-0.44175,2.7952,-0.41919,1.536,-0.25544,-7.5906,-16.466,-2.0125,0.52966,-0.42089,-1.7336,0.69087,-0.60347,0.35911,-24.195,7.0106,-2.1036,-1.4322,-0.055606,-2.9878,1.1701,0.38906,-0.12347
1,13.642,0.25037,5.4561,0.42521,0.016902,-0.010424,-0.77087,0.25958,-0.58276,-0.53335,11.659,-0.91847,-1.7796,-1.5154,0.92651,-0.28777,-0.53756,-0.42202,1.6554,-6.8058,5.6386,-0.2647,-0.12642,-0.19934,0.20622,0.82052,-0.71718,-10.902,-4.8096,-2.4796,-1.2271,-0.66055,-1.6863,0.42681,-0.81455,-0.041981,-13.641,-3.0219,-1.506,-0.58926,-0.41871,0.65333,1.1131,0.19741,-0.056653
7,9.3741,0.33137,2.084,-0.62411,0.22697,0.17996,-0.79442,-0.12851,-0.53341,4.6202,5.0854,8.1958,0.007495,-0.94849,1.1942,0.18331,-0.32662,-0.87151,4.6327,-2.907,8.756,0.81404,-0.74456,0.032296,0.007576,0.048175,-0.9402,-0.47042,8.9247,1.9604,0.031719,-0.17197,0.70812,-0.37501,-0.83728,-0.28528,0.076481,-9.3079,0.8999,-0.030319,0.054369,-0.74296,-0.45221,0.86021,0.015062
7,9.8559,0.10774,-2.494,-0.35677,0.16394,0.056332,-0.93726,-0.082093,-0.34095,7.7066,-0.81689,8.7914,-0.22064,0.48097,0.12092,-0.098408,0.13898,-0.92605,5.3278,-0.73895,8.6991,-0.000408,0.46248,-0.11143,-0.024579,-0.005046,-0.93918,1.6504,8.7536,1.329,0.009078,0.18691,-0.47863,-0.64595,-0.67113,-0.2873,1.6548,-9.222,0.10306,-0.020514,0.083412,0.45593,-0.71068,0.6749,0.008741
6,9.9476,0.56536,-0.63428,-0.17253,0.1533,0.19953,-0.99843,0.40247,0.37435,-2.0084,6.583,7.4051,0.007359,-0.006571,-0.00497,-0.45339,-0.37412,-0.85608,0.10081,-0.50716,9.6865,-0.058464,0.043373,0.0283,-0.51161,0.42194,-0.80998,-7.1745,9.9927,-3.3224,-0.19679,0.50129,0.85504,0.53081,-0.36554,0.29282,-1.022,-6.0793,-1.1977,-0.5242,-0.55252,1.4692,0.33319,0.81769,-0.21385
4,-8.1514,5.9204,7.2894,1.2344,0.34414,-0.80742,0.50117,-0.20254,-0.6042,1.0698,9.5636,-4.1792,-0.18967,1.0641,0.84808,-0.27159,-1.1072,0.16395,-2.4187,-9.9074,2.0157,-0.63066,0.1707,-1.3972,0.1411,0.7065,-0.5228,-8.6913,2.5689,0.41021,-0.44569,-0.072912,0.64629,0.51001,-0.29238,-0.2474,-13.033,-4.0236,-2.072,0.15357,-0.3822,1.0118,0.61866,0.29863,0.17896
0,9.9769,-0.9468,2.3526,0.29024,-0.009596,-0.16923,-0.84954,0.071685,-0.57291,8.5951,1.1708,4.4495,0.27975,-0.40951,0.26682,-0.46991,-0.2986,-0.80299,8.5321,-2.226,1.4556,-0.20448,0.34892,0.19531,-0.98934,1.3263,-0.47489,-10.098,1.1274,-1.6659,0.42041,0.01665,-0.95446,0.72509,-0.067218,0.49889,-17.346,-26.331,-2.0456,2.5741,1.5856,-0.80219,0.77891,0.63653,-0.35283
2,5.2361,2.5728,-2.6072,1.1578,0.47517,-0.24316,-0.4678,0.050567,-0.79238,0.89499,7.1509,5.7334,-0.031335,0.77672,-2.5676,-0.12624,-0.141,-0.678,1.2391,-8.0392,4.7166,-0.2691,1.9021,1.4879,0.2586,0.70049,-0.92867,-10.877,-1.376,-3.508,0.011379,0.81503,3.0174,0.78342,-0.29551,0.396,-14.389,-38.961,-7.3934,1.9094,2.8493,0.80871,0.68268,0.74801,-0.13323
1,11.942,-1.5074,0.97797,0.52782,-0.26985,-0.31032,-0.9337,0.086189,-0.44852,10.439,0.37566,4.8619,-0.15922,-0.12346,0.068814,-0.14878,-0.14021,-1.1529,10.761,-1.6487,1.6022,1.4926,-0.099815,-0.26563,-0.58474,1.272,0.001349,-11.448,-2.6083,-3.3471,0.55525,-0.075399,-0.83751,0.75647,-0.038812,0.44445,-6.8056,-7.7266,0.51943,0.62748,0.72574,-0.38746,0.67495,0.88316,-0.21587
1,8.8545,1.7772,2.9194,-0.78418,0.094305,-0.24356,-0.84302,-0.13822,-0.71018,10.816,2.5692,2.4392,-1.4922,0.58087,-1.3161,-0.81571,-0.86622,0.30006,10.371,-2.5019,2.129,-1.267,-0.39655,-1.9928,-1.204,1.3819,0.66299,-14.95,-3.3605,-2.6878,-0.29053,0.088258,2.3122,0.57706,-0.2344,0.15266,-11.216,-1.183,-2.7374,-0.52112,0.21861,2.1471,0.25564,0.6264,0.029547
9,10.445,-1.4596,-0.3538,-0.1733,-0.26122,0.15539,-0.72138,-0.39688,-0.238,11.731,4.9175,8.8941,0.73709,1.693,-0.58088,-0.39612,-0.73319,-0.043282,3.6714,-7.1444,5.4148,-0.56713,0.77965,-1.1442,-0.37954,0.12085,-0.74753,-10.847,-4.1537,-2.4763,-0.43418,-0.35332,0.24677,0.67496,-0.35007,-0.26433,-10.594,-0.66333,0.73127,0.066698,1.0399,-0.074367,0.7015,0.28473,0.39176
9,7.8612,1.3858,1.3849,0.98255,-0.13553,0.70577,-0.73488,0.53198,-0.040009,2.7376,7.413,-4.6221,-0.49548,0.36822,-3.473,0.047154,-0.84161,-0.11365,2.0871,-10.196,-4.4637,-0.09809,0.63204,-0.41053,-0.56258,0.46319,0.547,-8.1288,-3.8295,1.0293,-1.1444,-1.0945,-2.2262,0.78794,0.071179,0.51174,-8.4353,-4.4833,-0.76065,-0.10082,-0.74087,-1.4358,0.71292,0.24363,-0.50693
5,9.6655,-1.0657,1.7822,0.13335,-0.027243,-0.29658,-0.60148,-0.2175,0.18482,1.0795,7.352,6.86,0.24128,0.01971,-0.18474,-0.20096,-0.53191,-0.11604,1.0392,-4.7645,8.5095,0.11239,0.024724,-0.13238,-0.40525,0.014565,-0.62411,-4.3636,9.4905,-1.6205,-0.12112,-0.23754,0.72601,0.33147,-0.51887,-0.1886,1.6941,-7.187,2.1939,-0.7514,0.14939,1.2339,0.074542,0.59025,0.11605
0,8.2079,1.0228,3.8063,-0.32475,0.04681,0.064472,-0.62584,0.098752,-0.61371,8.2253,2.2241,-1.6956,-0.26194,0.36706,-1.4914,0.36199,0.053815,-0.49674,8.2019,-3.5652,4.2833,-0.97051,-0.57489,-0.75012,-1.1912,0.52008,-0.056165,-4.8405,-6.5345,1.2198,0.25902,0.51933,-0.83758,0.48808,-0.66013,0.29439,-9.2811,-1.8226,-2.0111,0.082492,-0.002212,1.0189,1.1354,0.49244,-0.077919
7,7.2352,0.49793,5.5007,0.51114,1.0619,-0.11213,-0.45075,-0.14696,-0.84057,0.36166,2.0357,9.2251,-0.091139,0.13987,-0.93529,0.53641,0.17208,-0.79067,0.56637,-2.1034,9.4041,-0.067292,0.12014,0.80917,0.36699,-0.21686,-0.85578,-1.0596,8.631,1.6863,-0.12156,-0.008544,-0.56498,-0.32263,-0.86119,-0.26762,-0.21567,-9.5869,1.8371,0.27878,-0.17281,0.75639,-0.37792,0.89602,0.014515
8,3.0793,0.075078,1.8056,0.22532,1.3711,0.082542,-0.63002,0.42206,-0.31899,-1.5813,7.7285,-2.402,0.62853,0.42473,0.075305,-0.13613,-0.72658,-0.25365,1.8852,-0.16975,-2.2226,-0.61405,0.73084,-0.50352,0.31057,0.40196,0.61039,-3.4581,-0.13026,-1.6628,0.19178,0.33127,0.7092,0.4965,-0.095425,0.47197,-2.5195,-0.55788,-3.5604,-0.14741,0.35047,-0.58528,0.45841,0.15537,-0.45729
6,9.3984,0.61116,1.0312,0.16298,-0.14201,-0.19451,-0.85324,0.31611,0.2187,-0.083223,4.9443,8.563,0.22617,0.28418,0.048217,-0.44688,-0.12015,-0.78228,0.049723,-1.3584,9.6306,0.03943,-0.096676,0.02978,-0.38996,0.50247,-0.65013,-8.8575,6.9474,-3.1315,-0.17978,0.1839,1.0266,0.54961,-0.065424,0.36071,-0.82009,-3.2057,1.3535,0.35967,-0.027019,-0.15678,0.44927,0.52233,-0.42671
6,10.505,-2.6504,2.134,0.19425,0.42552,-0.142,-0.80464,0.24038,0.23662,10.082,1.5367,0.8136,-0.000395,-0.031217,-0.23719,-0.77518,0.31512,0.15077,9.1167,-4.7492,0.48251,0.066636,-0.058339,0.0607,-0.73169,0.22204,0.37821,-4.6948,2.8835,-1.7375,1.5226,0.8592,-1.687,0.68717,-0.21672,0.22303,-7.4327,-9.0555,-1.2081,0.88703,-0.03963,-1.1711,0.64287,0.33694,-0.19982
5,10.079,0.55353,2.8728,0.088631,-0.015527,-0.078354,-0.83333,-0.26352,0.017778,-1.8031,6.6946,7.0008,0.10901,0.00792,-0.012878,0.35076,-0.6648,-0.021527,-0.022762,-0.25966,9.7542,0.067784,0.091732,-0.025274,-0.59737,-0.16873,-0.6167,-1.4597,14.908,-4.7382,-0.4525,0.039651,-1.4203,0.045498,-0.68647,-0.15718,3.0688,-1.9584,-0.62849,0.8662,0.67842,-1.8624,-0.19092,0.49327,0.4412
4,9.3809,0.47732,4.8511,1.7367,0.39276,0.20035,-0.75162,-0.30189,-0.47346,-7.073,9.3043,5.1795,0.31765,0.042606,1.9745,-0.082338,-0.59891,-0.44037,1.992,-4.8778,5.7145,0.89423,-0.3162,-1.1917,0.17622,0.45686,-0.93884,-11.842,11.704,0.13259,-1.0858,-0.1095,-0.96217,0.6884,-0.038183,-0.15234,-5.6526,0.98743,0.71538,-0.5618,0.28973,-0.036433,0.37295,0.40498,-0.069385
7,9.5946,-0.26331,0.046138,-0.026886,-0.20623,-0.089279,-0.78935,0.07446,-0.61049,3.2769,0.077433,9.4874,0.45925,-0.77318,0.33104,0.35934,0.17327,-0.8621,2.0573,-1.1176,9.7542,-0.3297,-0.74826,-0.40936,0.41153,-0.13078,-0.84306,1.9584,9.2939,1.1329,-0.11049,0.10069,0.096483,-0.71076,-0.62135,-0.23691,2.6798,-9.2664,0.14723,0.094828,0.090753,-0.077431,-0.7622,0.60894,0.007752
8,3.5884,-0.83201,-2.4098,1.131,0.19093,-0.20384,-0.61278,0.37491,0.36825,3.7387,2.0379,1.1424,-0.50242,-1.1019,-0.48009,-0.63229,0.057333,-0.27878,4.3911,-0.12951,4.8216,-2.2891,0.034653,-0.13588,-0.745,0.30964,0.18259,-4.8959,1.8819,-2.6014,-0.080256,-0.33184,-1.4324,0.62022,0.084289,0.61506,-5.0522,-1.1063,-0.53669,0.88901,0.4694,0.80457,0.6309,-0.21399,-0.27226
9,7.464,3.8981,8.054,0.9785,-0.008519,-0.008843,-0.37959,-0.32515,-0.82058,3.8081,-7.0467,5.0513,-1.0189,0.2691,3.3345,0.79119,0.26393,-0.4729,4.824,7.5823,4.4867,-3.0252,5.2595,-3.4738,0.92547,-0.092738,-0.076966,-9.6694,0.46361,1.3854,0.22517,0.071137,0.47745,0.59493,-0.65171,-0.37715,-8.9276,3.0744,-1.0251,0.019437,-0.22485,0.033086,0.87328,0.04137,0.50125
4,4.1211,0.58421,-1.3019,0.19632,-0.019362,-0.034433,-1.0262,-0.10962,-0.24033,-3.2991,8.572,3.2082,-1.0826,-0.89107,-2.6703,-0.29355,-0.62167,-0.34493,3.3272,-4.9909,5.7445,-0.65943,0.72879,0.75735,0.21864,0.43694,-0.98533,-7.567,-1.221,-1.0946,1.9507,0.15187,2.476,0.57661,-0.30549,-0.085112,-5.6095,-3.7573,-6.564,-1.9766,-0.2696,2.5929,0.45696,0.39032,0.1278
7,7.6763,0.2501,7.6906,0.1791,-1.2882,0.68414,-0.28015,0.051901,-0.92983,-16.48,6.2414,9.0113,1.1502,0.81083,-0.7408,0.81069,-0.53545,0.029383,-10.892,6.659,8.6329,-1.0328,-0.11552,0.52074,0.44808,-0.18599,-0.84988,0.25235,7.9522,3.9229,-0.18694,-0.87829,0.74578,-0.34418,-0.76795,-0.46354,-4.0038,-10.471,0.69259,0.30234,-0.26115,-0.83154,-0.085878,0.96484,0.078186
6,10.185,-3.6559,1.4751,-0.063217,-0.029887,0.094693,-0.94582,0.5829,0.23085,1.02,9.4313,2.0483,0.15717,0.17832,0.01363,-0.46748,-0.67671,-0.77638,1.3246,-8.0633,6.0184,-0.18669,0.046849,0.2035,-0.61062,0.76868,-0.32435,-1.1735,2.6318,1.3273,-0.01487,0.38626,0.34872,0.44193,-0.63323,0.23907,-9.002,-7.7522,-1.0499,0.052114,0.3265,-0.49306,0.60829,0.33107,-0.4463
0,12.567,-2.0787,3.1425,-0.16482,0.48236,-0.15103,-0.7601,0.12877,-0.65899,4.1555,9.0786,1.6671,0.11064,-0.2173,0.00756,-0.42355,-0.34824,-0.56983,0.2629,-1.6791,10.883,0.30968,-0.197,-0.17783,0.50601,-0.10063,-0.71984,-11.412,5.2641,0.35768,1.007,-0.48082,-0.43233,0.88275,-0.2873,0.15678,-15.659,1.7424,0.41202,1.6029,0.053128,1.5992,0.86744,0.58672,0.01315
6,9.5313,-1.303,-1.6887,-0.26591,-0.022585,0.47961,-0.90231,0.47665,0.44308,-1.6759,5.7832,7.1602,-0.037196,0.086899,0.036182,-0.44776,-0.3148,-0.86842,-0.80225,-1.5544,9.558,-0.10027,0.14243,0.097012,-0.39654,0.5115,-0.79501,0.37351,4.52,0.79068,-0.14849,-0.19869,0.12066,0.24433,-0.71854,0.34702,-6.3936,-8.1275,-3.5395,0.23422,0.25259,-0.33269,0.60206,0.55247,-0.32507
9,11.308,1.2092,-1.189,0.61692,2.1477,-0.63211,-0.96487,0.00834,-0.40107,7.0981,0.17738,3.5502,0.12659,0.17777,-0.67651,-0.51984,-0.77382,-0.48382,17.862,-3.6816,7.404,-1.0802,1.9942,0.73182,-0.53391,-0.074606,-0.90228,-10.891,6.3989,-2.2543,-1.7175,0.70177,0.71054,0.85193,-0.63136,0.30932,-9.398,-2.525,-2.0349,-0.56203,-0.068826,-0.053362,0.75318,0.79853,0.28924
8,-3.8102,1.9999,-2.6206,1.0524,0.46426,-0.29181,-0.61999,0.42889,-0.36173,1.0713,-2.5449,-0.94254,1.1411,0.96233,0.020729,-0.079698,-0.7239,-0.32231,3.0074,2.9074,1.0371,-0.37939,0.031673,-0.89627,0.33255,0.51184,0.53097,-1.2765,8.2744,-0.9369,0.60027,0.15509,0.4294,0.49849,-0.013039,0.49608,0.11851,-1.4213,0.19071,-0.69949,-0.099714,-0.23795,0.46515,0.10552,-0.47221
2,-0.039518,-1.9035,0.93607,-2.0476,4.7166,1.1235,-0.54909,0.14475,-0.73467,3.8123,3.6321,4.7596,0.12749,-0.015314,-1.4377,-0.19163,-0.13091,-0.66369,4.2315,-4.1999,3.8998,0.39275,0.49548,0.27618,0.11872,0.75676,-0.90714,2.6041,20.313,-5.5632,-0.41349,0.28494,1.0431,0.77704,-0.11954,0.36716,-1.5302,-10.558,-2.7966,0.25204,1.4475,-0.91191,0.74378,0.67724,-0.26081
3,7.4338,1.9945,-1.5215,-0.35818,-0.083551,0.17132,-0.87517,-0.15893,-0.38515,6.5442,4.5851,5.0648,-0.26047,-0.64032,0.30798,0.29988,-0.52276,-0.13531,6.8093,-4.753,5.2589,0.47574,-0.14524,-0.87067,-0.32286,0.46427,-0.62255,-7.1116,-2.6354,-1.4036,-0.25347,-0.21039,0.56196,0.90332,-0.020788,-0.30626,-6.607,-4.8507,-1.4449,0.004884,0.47967,1.1968,0.57485,0.91288,0.38619
8,3.0665,-0.33426,-0.2401,-0.22149,-0.29713,-0.12687,-0.41374,0.012089,-0.69696,0.20604,1.5177,-0.14529,-0.10944,0.45308,-0.11437,-0.56883,-0.35212,-0.37047,0.41103,0.57569,-1.4831,-1.548,0.56469,-0.35342,-0.47505,0.43008,-0.39486,-0.29526,0.67648,1.2308,-0.35115,0.066231,0.057928,0.6684,-0.31323,0.094031,-0.055911,-2.6503,0.67262,0.62696,-0.025846,-0.2401,0.67784,0.22027,0.27993
7,4.5523,-0.19706,7.8935,0.002056,0.32869,0.42281,-0.22438,-0.008781,-0.94726,-2.1447,8.1481,2.9598,0.77261,0.23897,-1.7859,0.72178,-0.36487,-0.52977,-0.087258,-7.5725,11.243,-0.084018,0.2274,0.94807,0.48933,-0.003276,-0.83314,-2.2362,9.7484,2.2058,-0.23102,-0.024505,0.49818,-0.2501,-0.7952,-0.48421,-6.9615,-11.47,0.69754,-0.5788,-0.13207,-0.37912,-0.006582,0.96994,0.071287
4,5.6543,-3.4002,1.8204,1.0259,-0.58949,0.14524,-0.73488,0.11634,-0.55466,6.0606,4.1116,4.5159,0.82822,0.83127,-1.1819,-0.42656,-0.97032,-0.5435,-3.5581,-9.2639,5.8202,0.26699,0.88633,1.795,-0.040965,0.51971,-0.65515,-4.975,9.0888,-5.9624,0.71625,-0.15747,-1.2692,0.48209,-0.43131,0.010257,-11.127,7.9415,-1.947,-0.19863,1.3171,-1.3461,0.59808,0.30522,0.097321
6,10.22,0.3456,2.679,-0.36138,0.21531,0.20272,-0.85792,0.3104,0.21061,-1.4751,5.3311,8.6842,-0.13308,-0.070788,0.048238,-0.37251,-0.16369,-0.81621,-0.3332,-0.63233,10.254,-0.069729,0.26548,0.035663,-0.32952,0.51005,-0.69387,-9.3029,7.0887,-3.7174,-0.26059,0.52758,1.707,0.49936,-0.17752,0.44496,-6.8948,-5.6561,0.004241,-0.92704,0.002457,2.4761,0.52675,0.43672,-0.35978
4,6.4584,1.7262,0.31208,-1.7223,0.26929,-0.32048,-0.81519,-0.27405,-0.33095,-6.2871,7.3189,4.5731,-0.17068,0.034255,-2.526,-0.217,-0.62256,-0.72297,5.7593,-5.7679,6.9171,-0.021083,0.96231,2.0239,0.076582,0.61049,-0.94091,-11.728,1.4259,-2.1515,1.1461,0.59779,2.6756,0.65246,-0.20837,-0.034306,-10.421,-1.7832,-4.518,-0.27514,-0.23498,1.6716,0.53388,0.27681,0.25722
7,10.425,1.35,1.3169,-0.071669,0.39208,-0.02925,-0.51292,-0.23425,-0.76917,3.9272,9.4468,-0.35122,0.019221,0.10696,0.10921,0.41643,-0.8433,-0.015109,4.7696,-3.7632,8.3666,-0.1179,-0.084002,0.009516,0.2949,0.078305,-0.90402,-0.005634,8.988,3.7809,0.08144,0.11765,-0.069634,-0.72238,-0.52259,-0.36623,-1.9319,-9.1304,1.8995,-0.11307,0.12834,0.015833,-0.59072,0.76645,-0.077876
3,-6.9401,6.5838,4.0243,-0.63433,-0.2648,0.2471,0.59082,-0.20379,-0.77065,7.3177,6.5435,-1.6814,0.088295,0.012869,-0.90262,-0.31422,-1.0249,0.41576,7.1818,-5.6117,3.6864,-0.14931,0.013514,0.61619,-0.27945,0.5424,-0.50092,-9.9633,-0.44615,-3.9386,-0.65105,0.32639,-0.84377,0.82735,-0.079338,-0.53348,-9.8337,-5.6388,-1.5723,0.60568,0.21251,-1.179,0.53986,0.84969,0.46285
4,12.608,-1.3858,-1.1544,0.6599,-0.59131,-0.29809,-0.92887,-0.096775,-0.26186,-1.341,10.089,3.7506,0.68607,-0.029797,1.5163,-0.53571,-0.59339,-0.21905,0.94868,-9.1252,5.7869,-0.071607,-0.64493,-1.332,0.25494,0.65611,-0.79395,-11.369,2.2273,-0.31997,0.087345,-0.52912,-0.10303,0.70561,-0.19779,-0.035318,-5.9943,1.143,-1.2928,-1.0281,-0.33843,0.072995,0.42868,0.41956,0.15729
8,19.054,1.5129,6.2992,-0.13435,0.88747,0.31452,-0.59297,0.45465,-0.3244,-1.0865,19.692,8.159,-1.269,0.51336,-0.072834,-0.33774,-0.32067,-0.61577,1.0557,-16.084,-4.1034,-1.1131,0.074737,0.29659,-0.024539,0.56361,0.53018,-27.354,13.582,-4.5708,-0.48342,-0.8464,-0.55624,0.42861,-0.068757,0.54375,-17.825,-3.1033,-4.649,-0.87865,-0.40037,1.0287,0.42284,0.1556,-0.47471
8,15.32,-2.9659,4.5579,-0.068881,0.96564,0.091989,-0.72259,-0.34123,-0.30108,16.917,10.964,4.193,2.3388,1.0091,-0.11742,-0.47552,-0.50522,0.39671,17.676,-6.6049,8.3599,-0.86412,-0.84143,0.13419,-0.33754,0.0595,-0.70052,-16.653,0.77136,1.8341,-1.4493,-0.26272,-0.79386,0.52894,-0.33348,-0.41276,-20.083,-8.8407,1.0369,0.13747,-2.2612,0.16712,0.40212,0.2532,0.62508
2,2.8485,1.2357,0.44658,1.2633,0.19547,-0.33932,-0.91274,-0.066043,-0.80275,-5.0054,3.4799,2.2324,0.53272,1.098,0.031983,0.39453,-1.1032,-0.28049,1.892,-3.1119,1.1014,0.62184,-1.6574,-0.16926,0.50374,0.87338,-0.86117,-7.5699,13.538,-1.0879,1.536,-0.26033,-1.9878,0.58996,-0.33711,0.39519,4.8014,17.88,0.38181,-0.95104,-0.67128,-0.018278,0.37038,0.67958,0.35918
5,7.5301,0.34792,5.4961,0.30233,0.55553,-0.33163,-0.646,-0.10567,-0.010547,6.6315,4.7433,5.3794,0.087748,0.22809,-0.12438,-0.89235,-0.029159,-0.12443,5.9907,-4.6253,6.4816,0.054405,-0.10119,0.098401,-0.77841,0.023851,-0.6629,-5.5577,14.9,-4.1507,-0.32406,-0.58989,-2.0962,0.38627,-0.52982,-0.039595,0.70771,-8.1081,0.88392,0.20808,-0.097761,-2.3929,0.099681,0.61193,0.11657
5,9.5077,-0.5691,2.4529,0.16893,-0.30996,-0.18628,-0.58369,-0.17672,0.18792,3.0744,-0.32226,9.3052,0.091304,0.029474,-0.054388,-0.31718,-0.1247,-0.2416,1.2854,-1.5266,9.9928,0.064426,-0.072771,-0.088123,-0.61186,-0.1029,-0.52986,-5.7922,15.189,0.064872,1.0634,0.17555,-0.92611,0.45272,-0.51605,-0.085615,3.6954,-3.8033,0.40962,0.58758,0.34671,-1.1062,0.14237,0.54416,0.25853
7,9.6265,0.077701,1.9952,-0.55044,-0.71884,0.27165,-0.78671,-0.19285,-0.53241,0.24125,6.8966,6.8209,-0.067557,-1.202,1.1679,0.47888,-0.43768,-0.70188,4.51,-3.6443,8.5125,-0.2349,-1.0151,-1.6079,0.094468,0.067529,-0.93905,-1.4259,8.837,0.93503,0.61363,0.37732,0.75576,-0.20381,-0.89664,-0.27211,-1.9541,-10.487,1.6065,-0.68623,-0.058428,-0.59465,-0.25322,0.9361,-0.054012
0,9.3389,1.9496,0.99469,-0.6867,0.047987,-0.2702,-0.6424,0.012136,-0.61469,8.9244,5.5007,0.2303,-1.3799,-0.10582,-0.96963,-0.48912,-0.48342,-1.1117,9.1488,-3.8065,4.7114,0.19893,-1.8035,-3.663,-0.76998,1.1106,-0.65208,-14.509,-2.6221,-3.2444,-0.23833,-0.41662,2.1306,0.71887,-0.37629,0.21127,-8.8285,2.2851,-7.4922,-1.0239,-1.1953,1.8715,0.88817,0.798,-0.26065
6,9.6713,0.45741,1.8534,0.34589,-0.069727,-0.35505,-0.86206,0.31995,0.16693,-0.46697,5.8849,7.5691,0.11736,0.14348,-0.11491,-0.40935,-0.21618,-0.79232,0.39867,-1.9429,9.886,-0.033443,-0.10244,-0.10098,-0.3971,0.5006,-0.64992,-10.582,11.383,-2.0002,-0.15242,-0.14615,-1.7312,0.55904,-0.097817,0.34712,-5.0964,-5.8258,-0.27668,0.74381,-0.13445,-1.8297,0.4887,0.51416,-0.34598
3,6.539,-0.57416,0.36401,0.60478,-0.37748,-0.015281,-0.78227,0.055536,-0.49265,7.2345,4.8565,3.8516,0.007531,0.25198,-0.043688,0.044446,-0.36917,-0.17025,5.815,-4.1033,4.4459,0.051413,-0.39234,0.40869,-0.16103,0.43902,-0.69575,-7.1055,3.6271,-1.3535,0.25641,-0.02674,-0.94285,0.66677,-0.61928,0.16297,-7.211,-3.3501,-2.59,0.18508,0.31087,-1.3557,0.80807,0.46149,0.15717
0,10.351,-0.26493,2.6753,-0.39611,-0.084669,0.085841,-0.85396,0.17161,-0.52687,9.0902,1.0083,2.402,0.023272,-0.051142,0.16143,-0.29661,0.11047,-0.52847,9.2959,-1.5827,3.7782,-0.17158,-0.28046,0.17138,-1.0694,0.9462,0.17986,-20.982,28.787,-4.9309,-1.0916,0.5859,0.69475,0.53085,-0.5267,0.42772,-9.8843,-3.5453,0.066807,-0.54817,-0.10258,0.75164,1.0178,0.23075,-0.078431
1,5.0628,-0.16274,2.6762,0.06717,-0.083837,-0.27609,-0.64105,0.12818,-0.61788,0.27789,7.4289,4.8896,0.073164,0.12238,0.19388,0.06744,-0.21255,-0.60978,0.38203,-5.941,6.3127,0.14019,-0.16447,-0.22761,0.41251,0.81141,-0.70356,-8.3147,4.0556,-2.0207,1.1277,-0.5243,-1.6714,0.65077,-0.48834,0.42059,-9.201,-1.018,-0.37323,1.8866,0.4873,-2.8808,0.76885,0.75005,-0.18367
3,20.943,-1.6376,2.6526,0.12783,0.10328,-0.08986,-0.77073,-0.17758,-0.54075,6.1407,4.7391,9.0453,0.67142,-1.0125,0.15857,-0.066035,-0.81832,-0.76972,7.286,-6.3983,5.7617,-0.25251,-0.60635,-0.952,-0.21051,0.41197,-0.57837,-16.604,-2.3568,-3.0655,0.80516,-0.098601,-0.45529,0.801,0.059607,-0.41496,-9.8003,-3.2401,-0.47596,-0.2482,0.15173,1.0441,0.74576,0.84122,0.00817
0,6.5355,-0.33332,3.6832,-0.25923,-0.086324,0.024809,-0.59448,0.18753,-0.64695,8.2372,0.54472,1.5343,-1.2048,0.35288,-1.8639,-0.37654,-0.034283,-1.0727,7.7931,-4.7433,2.5189,-1.6835,-0.073042,-0.21576,-0.61956,0.81667,0.29664,-6.4589,-5.1452,-1.2327,-2.3531,0.42518,1.1789,0.36089,-0.68081,0.43557,-8.6448,-0.71421,-1.3955,0.13313,-0.31398,1.803,1.0346,0.46793,-0.19412
5,9.4232,-0.64736,2.895,0.044802,0.03174,-0.044529,-0.59473,-0.171,0.14683,2.4925,0.8674,9.4225,-0.000618,-0.04522,0.028531,-0.26431,-0.17439,-0.25409,0.7218,-1.3282,9.6846,0.037426,-0.067483,0.010697,-0.57602,-0.089466,-0.5588,-2.9731,8.9246,-1.7562,1.0219,-0.28307,-2.1233,0.3376,-0.5491,-0.17629,-2.0939,-14.158,-2.438,0.9829,0.22217,-1.8995,0.27316,0.48742,0.2716
4,11.532,-2.5996,1.4684,0.90257,-0.20082,-0.007871,-0.8484,0.005413,-0.38099,0.27503,8.7512,4.0707,0.188,0.078494,-0.50707,-0.25584,-0.83346,-0.51891,-0.90538,-8.9696,4.9022,-0.39422,0.548,-0.11782,0.24622,0.62013,-0.72519,-12.052,0.52089,-2.7305,0.50487,-0.37663,-0.8755,0.63612,-0.30361,0.060115,-12.884,-3.6329,-0.13915,0.68283,1.087,-1.5225,0.45944,0.40761,0.15226
2,21.74,-7.4005,1.4277,2.0779,0.46111,-0.043725,-0.84176,0.36352,-0.39473,10.131,16.035,0.094716,2.2733,1.8614,-1.2579,-0.052148,-0.4146,-0.67647,9.5411,-19.248,0.002886,0.51942,-0.85198,2.948,0.18978,1.2342,-0.27542,-20.34,-11.766,-7.8266,-0.070965,-0.014984,-2.9149,0.80312,-0.55034,0.33798,-21.436,8.361,-2.9738,-1.0072,-0.10244,-3.5658,1.0922,0.6521,-0.13865
8,61.595,0.68064,29.24,2.9926,-3.7206,1.1575,-0.63873,0.014906,0.10896,49.935,7.1989,-12.364,1.1696,1.4629,-0.8274,-0.43756,0.12502,0.009659,43.775,-3.255,-6.8405,-4.3802,0.84356,0.80485,-0.3767,-0.22641,0.098695,-25.245,-13.516,-9.9934,0.40833,-3.6046,0.36352,0.3461,0.16484,0.12019,-33.97,2.5359,-14.243,-4.2147,-0.9783,-0.46443,0.35241,-0.18008,0.12571
1,10.664,-1.1939,1.1245,-0.32282,-0.5447,-0.19013,-1.1055,0.13593,-0.36554,-0.039793,7.383,6.155,-0.045784,0.51794,-0.88455,-0.12308,-0.56188,-0.77549,0.21282,-6.4492,6.7073,-0.06945,0.27482,0.43016,0.26033,1.0034,-0.78189,-9.3513,6.0676,-5.2812,0.61445,-0.15532,-1.062,0.70722,-0.31773,0.37465,-7.7065,-9.8561,-4.8278,-0.49573,0.90098,-0.44407,0.24996,0.75232,0.17683
7,8.5501,-1.1707,4.8975,0.30137,-0.19907,0.1511,-0.53818,0.12687,-0.87543,4.4051,0.11046,12.588,-1.1129,0.99184,-0.74892,0.26199,0.25217,-0.90136,3.724,-3.1048,10.951,0.33586,0.73528,0.8497,0.29678,-0.060813,-0.93043,-3.1483,10.709,-1.1402,0.03301,0.083569,-0.028682,-0.26614,-0.92887,-0.14389,-1.8351,-11.352,-1.8399,-0.054423,0.082087,-0.10488,-0.37197,0.89729,0.13994
5,7.8962,1.4499,5.1454,0.12267,0.016611,0.15463,-0.62613,-0.22599,0.080851,4.1027,6.986,5.3621,-0.00395,-0.025702,-0.056716,-0.81858,-0.45894,-0.26308,5.9132,-5.802,5.3043,0.058127,0.14047,0.15969,-0.81467,0.24151,-0.60906,0.31911,5.9217,0.97175,0.62982,0.05138,-1.939,0.30293,-0.50159,-0.31977,-3.8059,-11.206,-0.98938,0.33202,0.19864,-1.5544,0.36732,0.33808,0.16809
0,9.8762,-1.5008,3.818,0.090787,0.46979,-0.078791,-0.70913,0.20963,-0.6878,4.5027,9.3687,-0.73783,-0.31825,0.3065,0.69027,-0.48135,-0.49106,-0.44763,6.0303,-6.0606,6.5782,0.093337,-0.45479,-0.29293,-0.087641,0.83307,-0.82568,-12.657,3.419,-2.771,0.1291,1.3024,-0.21825,0.54874,-0.6271,-0.30172,-5.9243,-10.807,-0.58167,-3.1169,-0.47885,-1.7706,1.127,0.16458,-0.087368
1,9.9659,0.53416,2.3456,0.1777,-0.28007,0.26946,-0.76002,0.11522,-0.45618,8.6806,2.6046,-1.4019,-0.42943,-0.14931,-0.5225,-0.20732,0.080174,-1.0653,8.0022,-3.6542,5.6201,-0.064215,-0.51573,-0.43721,-1.3315,0.50557,0.16445,-9.0362,7.6971,0.45412,-1.9667,0.30696,0.11389,0.36398,-0.74053,0.22373,-10.548,0.20463,-1.0208,-0.44492,-0.099619,1.0733,1.0819,0.36969,-0.010115
8,-2.2253,-0.57167,-0.62547,-0.45134,-0.043559,-0.007497,-0.61541,0.44275,-0.33246,0.53473,-1.5274,-1.9116,-0.20473,0.044918,-0.22185,-0.36429,-0.29921,-0.64405,-1.0259,-3.7314,-0.13716,-0.25936,0.24618,-0.96189,-0.52992,0.23576,0.48748,-0.83563,2.6094,0.10191,-0.36021,-0.15963,-0.047537,0.53596,-0.079673,0.43576,-0.94474,-3.5765,0.74995,-0.17156,-0.048218,0.042291,0.5328,0.15989,-0.35985
5,8.9802,1.173,2.6663,-0.072123,0.09145,0.012629,-0.81153,-0.31345,0.045257,-1.4524,6.9888,6.4607,0.02569,-0.020008,0.11043,0.3221,-0.63443,0.036899,0.25686,0.58973,9.7253,0.082911,-0.16648,0.005269,-0.62373,-0.18919,-0.61797,0.8751,7.3473,-1.1294,-0.52184,0.54808,2.4783,-0.069768,-0.71756,-0.20724,-2.7963,-13.561,-3.2377,0.47994,-0.78292,2.6525,0.20004,0.38487,0.42129
7,2.932,-1.8148,7.9881,0.68668,-0.10765,-0.76113,-0.094643,0.21427,-1.0075,-2.9745,-4.9295,8.0954,-0.62798,-0.68882,-2.6566,0.40951,0.31753,-0.82276,-9.703,9.1742,-0.74659,1.0582,2.165,0.64699,0.5668,-0.72596,-0.26267,-2.5092,8.3833,3.2645,0.17056,0.092009,0.027542,-0.23446,-0.86846,-0.32449,-2.524,-8.6977,1.1441,-0.62502,0.14125,0.064919,-0.21687,0.93213,0.14705
9,8.5912,-0.77882,3.0458,-0.7965,0.14566,-0.35294,-0.63776,0.083247,-0.76838,0.5123,9.6662,0.33611,-0.73066,-0.55364,-0.63918,0.31777,-0.96528,0.13838,6.626,-6.632,5.6374,-0.71318,1.7779,1.1753,-0.10911,0.72811,-0.66599,-8.8348,1.2351,-3.1525,0.48268,-0.21333,0.66354,0.76648,-0.6681,0.30267,-10.443,-0.76224,0.61186,1.2818,0.4364,0.988,0.66439,0.87255,-0.025585
6,9.2042,-0.2238,2.6372,-0.55218,-0.038092,0.28554,-0.85243,0.34254,0.18599,0.39473,3.6849,8.6779,-0.10548,-0.077997,0.005084,-0.47663,0.001093,-0.77947,0.40753,-1.3222,9.3428,0.073296,0.16457,0.11703,-0.33529,0.52363,-0.66107,-9.8435,8.5188,-5.3133,-0.68581,0.89307,2.0467,0.46968,-0.2252,0.47642,-9.8624,-6.2965,-0.68415,-0.7146,-0.26679,2.7284,0.55431,0.38154,-0.34744
3,9.1253,-0.18127,1.5164,0.3395,1.0662,-0.24509,-0.80493,-0.14536,-0.67034,2.4155,9.7034,-0.27931,0.4412,-0.12028,-1.4571,0.97239,0.29648,0.4541,-0.38975,0.071121,8.6467,-0.35865,0.31225,-0.21526,0.58017,0.023813,-0.84596,-10.076,0.6772,1.1798,-0.077522,-0.57653,1.5258,0.86706,-0.22713,-0.37069,-9.4637,-1.4811,-0.65616,0.56515,0.081721,1.1325,0.75807,0.41806,0.51443
2,4.9245,0.83098,0.92549,0.84236,0.2717,0.134,-0.69011,-0.073318,-0.55749,-5.5551,7.3881,-3.1405,0.59461,2.2714,0.046404,0.18214,-0.66663,0.10106,5.0172,-1.9164,0.38371,-0.033102,-0.91089,0.031326,0.20769,0.81423,-0.55577,-6.0068,11.533,-8.0095,1.4779,-1.8016,-1.7787,0.76672,-0.22177,0.33226,6.5794,18.15,-9.1858,1.348,-2.1854,-0.75155,0.81982,0.74459,-0.30905
4,12.135,1.4023,2.0935,-1.2428,-0.029737,-0.46776,-0.78163,-0.09212,-0.48103,0.079195,7.9137,6.1001,-0.054449,-0.012438,1.3679,0.10937,-0.84785,-1.0951,-10.611,-9.182,5.371,-0.65995,0.011611,-1.5801,0.25256,0.55502,-0.62436,-4.3641,-2.8257,1.8754,-0.13188,0.095275,0.24636,0.48284,-0.13942,-0.11453,-12.085,-6.6846,-1.1522,1.4568,0.054646,0.68598,0.66938,0.12817,0.1028
1,5.7704,-0.16578,3.2627,-0.30675,-0.26024,-0.022595,-0.83688,-0.015092,-0.69135,5.5542,2.3449,1.5304,-0.12515,0.77328,-1.2763,-0.74255,-0.78753,-0.47634,5.7259,-4.5938,3.0377,-0.17871,-0.19504,-0.036264,-1.1206,-0.10551,0.31794,-7.2786,-2.9844,-0.47648,-1.7593,-0.34615,2.5056,0.24485,-0.51856,0.11301,-9.5918,-0.26524,-0.64548,-1.4341,-0.27757,1.9153,0.61569,0.33706,0.14227
3,11.153,1.9568,2.2938,-0.13907,0.10107,-0.019294,-0.78061,-0.19707,-0.50931,1.7016,8.9149,5.1576,0.18765,0.83808,-0.70865,0.86035,-0.48985,-0.22258,6.7486,-4.592,5.518,-0.13551,0.63239,0.58215,-0.1854,0.34238,-0.63745,-9.489,6.441,-1.1139,-0.8342,-0.064411,1.118,0.75184,-0.65948,-0.25886,-11.531,1.9367,-0.85276,-0.15201,-0.076963,0.45871,0.66496,0.15028,0.62792
4,-7.9855,4.8732,7.5828,0.52497,0.38256,-0.44197,0.51095,-0.21066,-0.60674,1.7325,9.8648,-4.7669,-0.6798,1.2418,0.54805,-0.29568,-1.1631,0.22654,-3.535,-10.112,2.8825,-0.38612,0.28954,-1.5004,0.14508,0.69594,-0.51364,-8.1362,2.1455,0.098893,-1.1309,0.16367,0.63001,0.50788,-0.25839,-0.26404,-11.055,-4.2498,-1.7867,0.1669,-0.34134,0.84647,0.63739,0.26741,0.15747
0,8.4103,-0.79675,3.3467,-0.49121,-0.18765,-0.19501,-1.0476,0.043752,-0.61169,3.0111,7.2432,5.8273,-0.018469,0.22705,-0.46852,-0.32969,-0.60398,-0.83373,2.1805,-6.8016,6.7155,-0.032528,0.2919,0.17276,0.092414,0.94842,-1.0416,-9.0192,-0.22693,-2.1622,0.66673,-0.10169,-1.1486,0.47733,-0.47079,0.36006,-6.307,2.2804,-0.36458,-0.59942,0.035815,0.63584,0.26493,0.74433,0.14318
9,8.7556,-1.292,2.6239,0.73584,-0.23212,1.1448,-0.66768,0.15289,-0.40294,1.1553,9.9822,-6.195,0.42855,3.965,1.9531,0.14561,-0.75191,-0.14624,2.9888,-3.0188,7.0437,-1.1223,-3.5797,-2.806,0.302,0.33484,-0.59583,-9.3713,2.0102,-1.6795,-1.124,-0.40942,-0.65996,0.72174,-0.22752,0.19605,-11.475,-5.3328,-0.39013,-0.65053,2.0813,0.36475,0.71128,0.085176,-0.34457
5,6.695,0.46679,6.8705,-0.17627,0.1187,0.027703,-0.65105,-0.20965,-0.098676,4.8516,7.2766,-4.1922,-0.076016,-0.020681,0.10605,-0.74191,-0.30039,-0.16004,5.7577,-7.9761,1.7251,-0.15298,0.072551,0.14145,-0.88961,0.36136,-0.66464,-0.044478,7.4309,1.1597,-0.1909,-0.38935,1.8478,0.2121,-0.53893,-0.37761,-3.1962,-11.862,-7.4521,-0.19946,-0.98555,1.4713,0.29484,0.31199,0.33329
1,5.4015,-0.17605,2.8173,0.78933,0.021031,-0.008824,-0.80947,-0.11215,-0.73865,5.9251,1.8486,3.6891,1.3874,-0.13797,-0.019388,-0.96897,-0.40142,-0.11951,5.6731,-1.4513,0.37998,0.5684,0.21467,0.69873,-1.1614,1.5802,0.040209,-9.8804,0.75261,-1.1447,0.91475,0.32908,-2.0804,0.46965,-0.39572,0.10577,-8.0661,4.3509,0.18654,0.71047,0.40429,-2.7708,0.34757,0.55498,0.13942
4,-9.1143,4.0795,4.2894,0.92745,-1.8161,-0.49998,0.64936,-0.12771,-0.42745,-6.2784,8.9467,-4.7477,-0.62337,-2.4547,-1.4784,-0.23664,-0.96671,0.19062,3.8158,-7.9196,4.9419,-0.43282,0.78018,1.6566,0.11096,0.74657,-0.7854,-13.902,0.19804,-1.8314,-0.33282,-0.43089,2.5577,0.57357,-0.25739,-0.2175,-10.468,-1.0054,-1.6357,0.081212,-0.11092,1.0009,0.48589,0.43143,0.18227
1,7.0228,-2.6188,0.6212,-0.49351,-0.54609,0.059878,-0.6562,0.23576,-0.69197,1.9136,10.386,-1.8371,0.45718,-0.2046,0.48612,-0.18853,-0.59411,-0.44938,2.3696,-3.0118,5.821,-0.6906,-0.52269,-0.015495,0.15187,0.58859,-0.92942,-12.058,2.7657,-0.43974,-0.18947,-0.10261,-0.62596,0.6187,-0.66405,-0.14303,-12.33,2.4134,-2.8184,0.011778,1.4889,-2.7135,1.0187,0.48208,0.032924
6,9.6345,-1.688,0.23983,-0.12907,-0.11198,0.37855,-0.85109,0.3516,0.37625,3.6974,0.60695,9.0178,-0.0243,-0.25913,0.081833,-0.95175,0.007439,-0.62449,0.32699,-1.6787,9.72,-0.016496,0.15424,0.15571,-0.50391,0.58692,-0.75569,-0.47155,4.0903,0.5677,0.12548,-0.002695,0.18855,0.55676,-0.57452,0.18939,-7.2429,-7.711,-4.0325,0.34516,0.13903,-0.017957,0.72751,0.3289,-0.1582
3,6.5954,-0.96879,1.3241,0.19269,-0.16436,0.062243,-0.7181,0.11928,-0.58193,6.3992,5.9994,4.1693,-0.090701,0.10402,1.4986,0.07143,-0.34563,-0.19307,4.5738,-5.6014,6.2703,-0.46493,-0.71405,-0.51518,-0.02188,0.45017,-0.69965,-9.0918,3.4019,-2.2017,1.0318,-0.24266,-1.6452,0.60786,-0.69215,0.14565,-9.0351,-5.6425,-2.986,1.7895,0.42495,-1.391,0.90328,0.35653,0.11899
6,9.524,-1.3166,-1.6042,0.2019,0.045271,-0.23105,-0.92337,0.47457,0.43443,-1.2126,5.8207,7.5864,0.080751,-0.12837,-0.08977,-0.4747,-0.29104,-0.88293,-0.22048,-0.86979,9.8446,0.037278,-0.042631,-0.10084,-0.47613,0.48248,-0.79311,-3.0158,6.3835,-2.5447,0.84608,-0.75369,-1.9322,0.35322,-0.60454,0.38151,-6.4523,-9.615,-2.0146,0.15971,0.67155,-1.464,0.55566,0.62509,-0.25742
8,-1.3901,0.11293,-0.001259,0.15803,-0.25129,-0.1084,-0.41563,0.003873,-0.68982,-0.71898,0.14466,-0.34297,-0.2753,0.087493,-0.11835,-0.50295,-0.43045,-0.36564,-0.66264,-0.6026,-0.006331,0.85808,-0.061576,-0.041466,-0.46123,0.39375,-0.42819,-0.92598,3.3982,-3.5967,-1.0862,0.014777,0.73215,0.63575,-0.35616,0.05429,-0.83478,-1.8605,-1.1266,0.49104,0.080282,-0.78646,0.6374,0.27857,0.28609
0,6.5643,1.8583,2.0709,-0.583,-0.052945,0.45288,-0.77859,0.079537,-0.63894,3.868,9.8134,-0.51052,-0.15835,-0.82495,0.69046,-0.51501,-0.54605,-0.43565,7.0458,-2.2854,4.5289,0.19714,0.035524,-0.1657,-0.45698,0.57111,-0.94838,-16.211,-0.091322,-2.7029,1.0295,-0.26875,2.3497,0.84605,-0.39299,0.028721,-9.8863,13.884,-3.3788,0.027412,0.67836,1.4275,1.0928,0.42107,-0.20533
3,7.6169,-0.44629,2.1761,-0.30572,-0.56236,-0.16258,-0.7152,0.028026,-0.63785,1.834,7.8448,4.7247,0.39387,1.2899,-1.5841,0.86891,-0.1593,-0.090008,1.6256,-5.7453,8.2022,0.043674,1.263,0.76576,0.16917,0.30928,-0.6504,-9.0894,1.5573,-2.4023,-0.19223,0.18022,2.2424,0.71307,-0.56105,-0.20312,-8.1914,-3.6854,-0.86041,0.23151,0.28909,0.6746,0.69376,0.57181,0.43593
1,8.9363,1.3319,-0.97487,-1.2882,0.006345,0.094089,-1.176,-0.020905,-0.38719,9.3086,4.6061,1.5831,-2.8484,-0.65186,-0.78861,-0.62319,-0.032428,-0.70246,9.0267,-0.19822,1.3788,-1.0507,0.26982,-0.28052,-0.32122,1.1584,-0.13233,-14.849,-1.4018,-4.0916,1.1871,1.289,2.401,0.50345,-0.5397,0.40708,-11.491,-3.3402,-1.1105,0.096395,-0.4335,1.9404,0.36901,0.74049,0.12379
4,12.046,-0.32247,2.1679,-0.5425,0.13898,-0.038746,-0.77937,-0.010452,-0.50992,2.3473,6.7892,8.0371,-0.34019,-0.11078,1.6058,-0.13439,-0.7901,-0.90754,-8.1842,-7.6197,6.6167,-1.2942,0.043854,-1.8891,0.29433,0.45275,-0.63352,-6.7984,3.8766,1.3291,2.2174,-0.36674,-1.0232,0.46923,-0.21082,-0.14659,-10.633,-0.54674,-0.88417,0.415,0.091397,0.21646,0.67516,0.14519,0.092018
2,1.5426,-3.2157,3.971,-1.8476,0.43115,-0.013584,-0.77511,0.038826,-0.68907,5.677,4.9413,-0.78019,-1.7618,0.037648,0.78641,-0.63347,-0.60216,-0.31857,6.9047,-1.3828,1.2404,0.25667,-1.5768,-1.0581,-0.64153,0.28473,-1.0045,-8.8244,22.413,0.86099,2.5133,-0.79356,-2.1155,0.8701,-0.21091,0.15204,2.8076,5.7036,-1.2005,0.72398,-1.2063,1.9699,0.68739,0.71796,-0.03954
7,9.9258,-0.34164,-1.4219,-0.09461,0.38627,-0.029947,-0.88482,0.030436,-0.48126,5.6,-0.54266,7.3215,0.1127,0.31212,0.18448,-0.024267,0.21977,-0.91968,5.3486,-1.0914,7.7278,0.10232,0.33294,-0.13366,0.032546,0.014134,-0.94322,1.4555,8.7668,1.4154,0.21151,0.15137,-0.59699,-0.62135,-0.69193,-0.29188,2.1716,-8.7248,-0.033258,-0.17486,-0.063566,0.61703,-0.69398,0.69221,0.00733
9,8.1593,-0.45572,-2.3481,0.36518,1.5525,-0.35909,-0.82403,-0.15077,-0.58162,14.093,7.7788,8.7933,-1.3763,-0.94816,-2.2964,-0.47958,-0.78663,-0.5389,2.676,-5.6228,5.1268,-0.60608,0.69583,1.0742,-0.27751,0.71552,-0.66844,-8.9828,5.4731,-3.5985,0.72308,1.0218,-0.69673,0.72001,-0.69054,-0.38492,-10.087,0.89796,1.9431,-0.68932,-0.42362,0.098663,1.0153,0.47014,-0.055119
1,7.8625,-1.5217,0.58292,-0.57074,0.2137,0.39038,-0.7155,0.24287,-0.67805,4.0347,7.6562,0.48936,-0.28184,-0.2782,0.66631,-0.31532,-0.57843,-0.43039,2.7753,-4.8478,5.1332,0.047496,-0.73743,0.47768,0.076609,0.6918,-0.88667,-6.7695,4.8975,-1.4159,2.492,1.4363,-1.8333,0.5757,-0.70492,-0.096755,-17.158,-0.049015,-1.5902,-0.02173,0.7506,-2.7215,1.05,0.37793,-0.036169
6,8.2107,-5.5154,2.4421,-0.011538,0.26076,-0.26871,-0.4516,0.83895,0.079997,8.8458,3.5858,0.81998,-0.058175,-0.07388,0.45566,-0.79785,0.23812,0.095772,10.171,-2.1841,-0.48543,0.70466,1.432,0.4872,-0.72697,0.29428,0.33121,-10.925,5.378,-1.7897,-0.92204,-0.17231,1.7514,0.69594,-0.022083,0.17723,-6.0618,-8.4441,-4.0434,-0.51866,0.14032,1.9976,0.55371,0.52485,-0.12693
2,11.125,-1.7145,-0.074182,-1.6174,0.76407,-0.033169,-0.90879,0.13254,-0.45453,3.2505,7.4223,0.5225,0.18788,-1.1298,-1.6731,0.34811,-0.69222,-0.37576,-6.5352,-7.6727,2.0094,1.5445,1.5987,0.26407,0.10807,1.1807,0.087717,-8.5518,-8.91,-3.2378,-0.62467,0.35661,1.2894,0.57504,-0.42756,0.46107,-22.667,-12.683,0.89324,-0.39001,-1.2171,4.3147,0.93849,0.3549,-0.022489
8,10.174,-1.2983,-2.7947,-0.19906,-0.19185,-0.14235,-0.60005,0.33289,0.41756,9.0013,2.0379,0.49231,-0.22297,-0.66108,-0.5119,-0.62011,0.19626,-0.24191,7.3971,-1.4782,1.7428,0.13588,-0.81709,0.34639,-0.76156,0.30689,0.082187,-8.9475,1.7015,-1.0995,0.048106,0.273,0.22309,0.63285,0.12597,0.58305,-9.8541,-0.97901,-1.0028,-0.1919,0.095941,-0.20247,0.60562,-0.26354,-0.27705
4,10.188,2.9067,1.4234,-1.9888,-0.12057,-0.63705,-0.77454,-0.28211,-0.3412,-3.9375,8.2105,4.0796,-0.015659,0.72887,-1.7793,-0.056035,-0.62753,-0.79553,2.8417,-6.6056,6.2843,-0.19469,0.88813,1.7488,0.090482,0.4928,-0.92685,-14.445,-3.1189,-3.6706,-1.5525,0.21654,2.8188,0.59283,-0.3067,-0.052617,-12.175,-3.6496,-2.4982,-0.24138,-0.55061,1.4623,0.56239,0.23921,0.28043
0,11.749,-0.63309,3.8584,0.14463,0.032094,0.014997,-1.0654,0.018387,-0.59414,1.9414,7.9055,5.7076,-0.10391,-0.086955,-0.39725,-0.29461,-0.6349,-0.83052,1.6127,-8.0378,6.1152,-0.11819,-0.078511,-0.28496,0.073817,0.98309,-0.99477,-12.369,1.5982,-2.5837,0.65844,-0.21231,-0.30349,0.59741,-0.37545,0.37829,-10.185,-3.0664,-4.3648,-0.1217,-0.49551,0.4829,0.34135,0.66347,0.25904
1,8.2091,0.21094,2.6175,-0.022596,0.24965,-0.34512,-0.64584,0.16077,-0.57827,-0.23785,8.8114,4.5744,0.13418,-0.22698,0.5451,0.007538,-0.18522,-0.6184,-0.28017,-7.1696,6.6853,-0.001858,-0.6456,-0.44101,0.41761,0.84332,-0.6129,-9.2959,-0.50665,-3.6683,0.53403,-0.58069,-1.9984,0.58488,-0.6011,0.43163,-12.052,-1.1952,-1.1836,0.09083,-0.12579,-2.6275,0.9723,0.62452,-0.14987
9,6.5781,0.1864,-0.82867,-0.76743,0.006451,0.043202,-0.88584,-0.41111,0.069513,-5.4379,13.538,3.4957,-0.80107,-0.067719,-1.3782,-0.8317,-0.42271,-0.18609,5.4919,-1.2094,1.8192,-0.41474,-0.060928,-0.002516,-0.84232,-0.41158,-0.34033,-2.0663,23.054,-5.7416,0.5817,-0.2704,0.12801,0.94336,0.43057,-0.21429,-7.533,-4.6198,-14.513,-0.014381,2.2949,-0.26956,0.82848,0.21728,0.48979
9,10.724,-2.5758,-3.476,-0.76654,-0.91016,-0.11283,-0.95745,-0.12201,-0.37321,7.3946,10.306,1.3224,-1.0107,0.31443,-1.561,-0.11037,-1.0475,-0.082472,0.71597,-13.04,-1.3433,1.4675,-0.71788,2.0149,-0.2109,1.0082,-0.19322,-11.215,-3.1317,0.25256,0.3204,0.064349,-0.033438,0.9402,-0.44676,-0.34552,-9.3649,-5.4569,0.32455,1.1612,0.051734,0.091771,0.88279,0.67746,0.21171
9,18.014,5.9608,1.2919,-0.064959,0.58592,-0.2369,-0.78607,-0.41333,0.20571,11.963,19.68,-1.6354,3.1419,2.6157,-1.5757,-0.43779,-0.70582,0.31884,16.764,5.357,2.2967,3.1386,-0.87175,-1.7097,-0.74494,-0.47114,-0.19646,-26.078,-7.0081,-1.3222,-0.90942,0.41779,2.5338,0.73346,0.37644,-0.45459,-16.62,8.6212,-4.0732,-2.6369,-0.81463,1.4154,0.77053,-0.15457,0.5142
9,5.8862,-2.7715,-2.6967,0.64632,0.26759,0.37916,-1.072,-0.12396,0.37121,8.5636,1.6128,-1.0321,-0.011624,0.16149,0.19409,-0.96126,-0.15125,0.60633,-7.7668,1.6382,-5.2122,1.3957,0.77808,1.7852,-0.22371,0.27861,-1.0307,-9.1229,-0.082785,1.1854,-0.36175,0.16057,0.09532,0.88177,-0.28917,-0.71886,-9.1241,-2.7007,-0.82732,0.16791,0.096169,-0.3035,0.94941,0.51379,0.57464
7,9.5797,0.28856,3.4241,0.36278,-1.1587,-0.40152,-0.54919,-0.10749,-0.77956,2.1459,10.297,-1.7803,-1.5263,1.3375,0.72437,0.5317,-0.7826,-0.008508,3.5022,-2.931,8.9943,0.30178,-0.64412,-1.1466,0.39376,-0.03103,-0.87873,1.6071,9.0909,3.0125,0.2526,-0.19287,0.28184,-0.69077,-0.57752,-0.35122,1.4961,-8.4844,1.1645,0.19391,-0.02964,-0.37992,-0.56739,0.78886,-0.028302
0,9.963,-1.2778,0.76728,0.20538,0.4808,0.35464,-0.80692,0.10438,-0.58614,11.267,0.68828,4.1171,-0.068396,-0.95957,2.2397,0.33113,0.066533,-0.53709,11.51,-3.1127,4.236,0.29726,0.12082,0.2015,-1.0671,0.96777,0.1176,-5.9358,-16.392,0.89256,-1.0454,0.54304,-0.49567,0.5872,-0.52598,0.38767,-11.503,0.35812,-4.5339,0.28605,-0.66568,-3.1175,1.0144,0.38106,-0.15764
0,9.0255,-0.7862,4.3972,-0.14454,0.071816,-0.14142,-0.80682,-0.067213,-0.91022,9.0243,3.4631,3.9397,-0.095996,-0.094876,0.10401,-0.73522,-0.56178,-0.35467,7.3133,-2.0573,1.7215,-0.4356,0.008116,-0.31828,-0.43705,1.0291,-1.1928,-10.492,0.30462,-2.7155,0.55622,0.018334,-0.84071,0.64954,-0.31972,0.32979,-10.722,-9.3837,-7.5625,-1.3478,0.77142,1.776,0.30793,0.66224,0.39219
6,9.6589,-1.4529,1.0772,-0.18009,-0.088792,0.1981,-0.72715,0.42206,0.25524,2.4518,3.1186,9.0222,0.39805,0.065678,0.10541,-0.53458,0.022326,-0.59612,1.2024,-7.2623,6.6075,0.67204,-0.012333,-0.093126,-0.78186,0.82716,-0.005959,-1.9602,5.3679,-2.0059,1.1127,0.34573,-1.2016,0.47786,-0.46771,0.3789,-8.3037,-7.0333,-6.5141,1.0441,0.013901,-0.91667,0.62817,0.37229,-0.054486
9,8.9754,-0.23366,-0.66357,-1.2166,0.037915,0.52601,-0.93778,-0.098646,-0.40124,9.1371,4.1901,1.4598,-0.59033,-0.89305,-1.0897,-0.23775,-1.0033,-0.1197,11.348,3.1217,30.736,-3.8322,0.41548,2.8452,0.30957,0.044929,-0.95075,-9.3381,0.081982,-0.49024,-0.004173,-0.014652,0.11066,0.91343,-0.48216,0.3244,-8.5395,-3.1559,-2.7795,-0.26642,-0.089638,-0.15945,0.7084,0.80127,0.20869
3,7.8149,-1.0466,-3.6621,0.57585,0.15604,-0.078938,-0.93202,-0.085743,-0.18501,8.6441,3.7854,1.4387,-0.1819,0.51189,-0.33874,0.035014,-0.7967,-0.30667,8.4905,-4.2855,0.24392,-0.16126,-0.12495,0.69958,-0.47331,0.47963,-0.32046,-8.0241,1.1001,-1.45,-0.19336,-0.13803,-0.69292,0.8546,-0.28739,-0.29028,-8.3808,-1.7188,-0.40118,0.12294,0.76029,-1.0623,0.77248,0.36054,0.54073
7,7.8975,0.37316,5.5669,0.011333,-0.27047,-0.024186,-0.67047,-0.10525,-0.77853,-3.1282,3.0119,10.389,-0.41321,-0.3827,0.66299,0.41219,0.15185,-0.81603,-4.6315,-0.73504,8.7973,0.3787,-0.18269,-0.45175,0.32468,-0.25635,-0.80899,0.7488,9.5337,-0.57844,-0.10119,0.21366,0.77191,-0.54376,-0.74498,-0.086342,1.4203,-9.1368,-1.1261,0.31205,0.33815,-0.81563,-0.55976,0.71942,0.185
5,8.4585,-0.52502,5.1691,0.4063,0.19461,-0.048086,-0.64607,-0.086774,0.001152,8.8606,1.8803,3.8122,0.12586,0.055561,-0.2094,-0.89122,0.23501,0.05037,7.3244,-3.2413,5.5437,0.099375,-0.045072,-0.052815,-0.8447,-0.12358,-0.60382,-0.56935,6.5832,-1.2506,0.84357,-0.5272,-2.7416,0.25293,-0.61189,-0.053946,-0.56761,-10.05,2.4111,0.35565,-0.22647,-2.1528,0.30236,0.52197,0.10054
4,8.559,-1.3943,2.3525,-0.65285,0.62882,0.07291,-0.75926,-0.020568,-0.52039,4.3301,5.922,7.5193,0.14138,0.068205,1.1267,-0.23928,-0.63307,-0.87305,-7.1911,-8.4432,7.1182,-0.81223,-0.79578,-1.2859,0.14544,0.60664,-0.5273,-7.0147,2.6254,-0.34847,0.63745,-0.29465,-1.0616,0.4756,-0.2141,-0.13348,-9.2418,-5.9344,-0.035006,-0.38926,-0.42984,-0.62429,0.65864,0.16608,0.10581
9,10.11,-1.2646,2.8093,-0.61133,-0.11724,0.11541,-0.91388,0.26557,0.15972,-10.73,2.6895,5.1219,0.34493,0.22206,0.28708,0.63354,-0.54651,-0.36478,-9.4161,1.6127,7.3312,0.47515,-0.62951,-0.64705,0.61021,0.21223,-0.62142,-9.0927,-2.7781,-1.3003,0.24985,0.094068,0.097465,0.81805,0.50106,0.31948,-11.331,-0.94611,2.3114,0.27051,-0.085641,0.3686,0.99557,-0.22675,-0.2754
1,7.7769,0.35401,2.8399,0.028211,0.39383,-0.19164,-0.66062,0.12772,-0.58052,0.29905,7.8158,4.8361,0.15608,-0.22376,0.60745,0.019733,-0.18137,-0.61969,0.28641,-6.9643,7.2603,0.14302,-0.6961,-0.32861,0.42195,0.83765,-0.63321,-8.3011,0.023931,-4.3685,0.85584,-0.54924,-1.9979,0.56605,-0.61303,0.40594,-11.353,0.23877,-0.29835,0.14085,-0.16872,-2.6246,0.93754,0.62391,-0.14527
8,11.7,0.091574,-0.071242,-0.50335,0.29331,0.34875,-0.92161,0.17964,0.4173,10.832,2.9406,1.4203,2.1884,-1.0891,0.33395,-0.92916,-0.12876,0.1176,16.759,-3.1354,0.79729,0.15439,0.19462,0.11451,-0.92736,-0.083098,0.38292,-4.7874,1.4153,-3.7255,-0.30976,0.26294,-0.28595,0.85077,0.45729,0.31495,-16.337,-0.53249,-0.39604,0.14916,1.462,0.0087255,0.8237,-0.29858,-0.38349
9,6.6733,-2.6476,3.698,-0.32752,0.40723,-0.43025,-0.55357,0.091889,-0.82618,-1.0224,7.7458,5.8199,1.4072,-0.87218,-0.30141,0.44566,-0.86686,-0.28326,2.2086,-5.0108,4.975,-0.24205,0.77082,-1.3038,0.10606,0.69734,-0.68986,-8.722,2.3472,-3.5416,-1.043,-0.17665,-0.027902,0.79276,-0.61085,0.29786,-8.6267,-2.9747,0.69636,0.62745,-0.044248,0.14992,0.64375,0.85392,-0.072968
2,11.342,1.6183,2.5589,1.6223,0.33147,-0.16524,-0.73941,-0.11151,-0.48097,-5.3203,11.166,-5.7058,1.8817,3.9398,-0.4728,0.16252,-0.66596,-0.019069,6.8921,-10.774,-0.33063,0.75452,-1.2686,1.5061,0.23918,0.90588,-0.48635,-18.789,1.6918,3.891,0.21994,-1.1176,-2.3744,0.76126,-0.33265,0.3606,-12.391,8.5089,3.1332,1.9938,0.59188,-0.64414,0.92838,0.82905,-0.060072
8,0.054104,-0.57866,-4.2214,-0.087526,-0.55666,0.21323,-0.77581,0.38315,-0.25465,0.9646,-0.11326,-0.76119,0.27574,0.57739,0.81398,-0.62925,-0.22228,-0.2004,0.05191,-1.3428,1.0192,-0.16672,-0.20791,-0.80781,-0.68401,0.40041,0.11623,-0.27599,-4.6271,-2.7035,-1.2845,-0.14345,0.3678,0.59967,-0.18394,0.41424,0.22751,1.7092,-0.59422,0.80499,0.26417,-0.57766,0.54498,0.16734,-0.31942
4,7.8177,0.79757,3.1899,-0.083084,0.077493,-0.2694,-0.77298,-0.237,-0.49142,-2.9253,9.2404,6.0118,0.17401,-0.42898,-0.36136,-0.27469,-0.58857,-0.36936,2.2879,-5.6238,8.0543,0.037241,0.007738,-0.78395,-0.089269,0.50892,-1.0751,-8.4688,3.0563,-1.4728,-0.51912,-0.23781,1.0418,0.65522,-0.10466,-0.05877,-8.1105,-2.5577,-1.5936,-0.93989,-0.30082,1.3352,0.42194,0.36344,0.19401
6,8.6126,0.70583,4.2954,-0.29429,0.25629,0.27038,-0.91535,0.29855,-0.087974,1.6699,8.1283,4.7666,-0.14244,-0.22533,0.21141,-0.73513,-0.51078,-0.54229,0.67666,-4.5893,8.6137,-0.078066,0.20619,0.063507,-0.62291,0.68216,-0.57199,-5.4553,4.3942,-0.39735,-0.27258,-0.42608,1.7619,0.65683,-0.45594,0.119,-9.6345,-11.215,-6.1318,-0.73397,-0.4659,1.3306,0.70964,0.42392,-0.070728
5,9.7261,-1.1221,1.6902,-0.076276,-0.056007,0.079682,-0.60385,-0.22578,0.18711,0.47527,7.6091,6.2718,0.025718,-0.027042,0.04871,-0.1776,-0.54903,-0.085822,1.387,-1.9003,9.351,0.014083,-0.01004,0.024062,-0.46895,-0.16536,-0.5749,2.7578,5.5577,0.96052,-0.17837,-0.10868,1.1372,0.16212,-0.59932,-0.34188,-2.8612,-14.948,0.44304,-0.93002,0.2845,0.69995,0.2657,0.37865,0.20464
5,9.2694,-1.5789,1.3786,0.12279,0.085745,-0.19671,-0.60672,-0.20911,0.18634,0.49461,7.3757,6.0875,0.054151,0.00864,-0.05238,-0.17291,-0.54449,-0.086592,0.78066,-4.3785,8.6888,0.13139,-0.061353,-0.075176,-0.40496,-0.007027,-0.63336,-5.549,13.126,-0.006028,0.41559,0.023639,-0.24222,0.3404,-0.52129,-0.13889,4.8069,-5.1814,1.8588,-0.071935,-0.028316,-0.43477,0.029218,0.6159,0.094281
1,11.217,0.72982,1.2226,0.30731,-0.25277,0.032689,-1.1228,0.085804,-0.34766,0.839,9.4523,5.9158,-0.28325,0.035622,-0.47121,-0.12936,-0.62374,-0.76583,0.58388,-6.3625,6.8288,-0.30937,0.47169,0.57252,0.21312,1.0205,-0.76367,-8.4618,8.1819,-4.8367,0.13997,0.48606,0.23771,-0.049249,-0.76359,0.38194,-10.903,-1.5042,-2.9054,-0.5593,-0.070055,1.1005,0.91554,0.37404,0.009732
3,7.4493,-1.2647,0.5068,0.25412,-0.57937,0.034285,-0.7076,0.18413,-0.57076,7.4929,4.0618,4.4509,-0.18455,0.08573,0.54694,0.1415,-0.40205,-0.15652,4.7698,-5.6853,5.5469,-0.20701,-0.35836,-0.035273,0.05957,0.44698,-0.6979,-6.5095,4.7898,-2.0498,0.66046,-0.09481,-1.0125,0.57784,-0.71712,0.12881,-7.853,0.67179,-3.13,0.63591,0.37536,-1.0458,0.8392,0.41223,0.16091
9,19.969,0.34357,6.5526,-0.74426,-0.79223,0.26661,-0.77221,0.23269,-0.24394,-11.185,5.5262,6.5068,1.7904,0.35908,1.7473,0.34297,-0.501,-0.55416,-4.396,-2.5384,3.4978,-2.8577,-1.2814,-0.36945,0.63311,0.32291,-0.33166,-14.337,-5.4721,-2.8674,0.46789,-1.101,1.8255,0.73848,-0.091729,0.38117,-29.173,-18.356,7.9648,2.0739,0.35764,-0.40832,0.80446,-0.070503,-0.23028
6,7.82,-0.075079,2.7755,-1.4407,-0.056472,0.40214,-0.90464,0.42944,-0.069406,-0.86959,4.8569,8.3134,-0.32385,0.009008,0.1118,-0.47646,-0.14156,-0.84228,0.41869,-4.0886,8.6746,-0.092865,0.13428,0.45747,-0.41278,0.76713,-0.543,-2.4669,3.5442,0.70708,-0.28186,-0.36412,1.9847,0.47656,-0.62206,0.23825,-10.424,-10.161,-1.5243,-1.3017,-0.30647,1.4909,0.59247,0.49694,-0.33731
8,8.3823,0.33069,2.2942,0.82931,0.46667,-0.18589,-0.93537,0.11314,0.40457,9.6393,3.6388,-0.00839,-0.32333,0.71483,-1.313,-0.96143,-0.21649,0.13687,8.529,-2.8382,3.123,-0.62507,0.1736,0.25095,-0.95887,0.21686,0.17735,-13.284,8.7078,2.7225,1.3059,-0.23873,-1.3517,0.8658,0.38345,0.28613,-10.662,-7.1904,-1.1624,0.48455,-0.38548,0.61873,0.90092,-0.24971,-0.29766
5,9.8753,-0.85979,1.711,0.031628,0.029171,-0.15288,-0.60046,-0.22919,0.17548,0.65674,7.9755,6.27,0.13717,0.003263,-0.06822,-0.18371,-0.54654,-0.079615,1.0767,-4.1752,8.8864,-0.063177,0.011333,-0.1034,-0.41078,-0.043407,-0.62304,-2.4531,9.7443,-1.4546,-0.64349,-0.027762,1.7864,0.24391,-0.5797,-0.27199,-2.1121,-10.883,0.231,-0.37988,-0.045027,1.7654,0.2196,0.47265,0.18496
4,-6.1111,3.2731,0.006677,-1.6084,-0.72791,1.0516,0.58732,-0.28297,-0.54741,2.9426,6.4362,-3.2007,0.74796,-0.22041,-0.49089,-0.42796,-1.1502,0.011067,-3.1292,-10.595,2.491,0.33416,-1.1601,1.7185,0.002508,0.74263,-0.43521,-8.5081,2.9147,-1.1102,-0.77515,0.50715,-1.6335,0.56001,-0.23278,-0.14328,-8.8774,-2.0163,-0.20645,-1.4293,0.3564,-1.9174,0.59638,0.29798,0.13347
8,10.944,0.79635,0.64442,0.059613,-0.24101,-0.21516,-0.77875,-0.33469,0.25545,9.3953,5.7148,2.6019,-1.1937,-0.18878,0.25592,-0.62433,-0.13405,0.4808,10.961,-0.38016,3.7134,1.3206,-0.87753,-0.429,-0.58672,-0.36413,0.14337,-10.325,-1.4981,0.66811,0.2322,1.1005,1.7316,0.53676,0.040955,-0.35234,-9.9914,-0.45,-0.83257,-0.21368,0.2428,-0.95422,0.43695,-0.29312,0.50524
6,8.29,-3.6623,3.9466,-0.4498,0.48216,-0.75526,-0.91423,0.34509,0.043442,-0.13522,2.9907,9.094,0.059085,-0.022093,-0.36702,-0.36619,-0.11609,-0.67883,1.0033,-1.6325,9.6747,0.000466,-0.012839,-0.3071,-0.48288,0.44785,-0.58766,-11.328,9.8324,-5.2474,0.50913,-0.034756,0.24943,0.62127,0.15001,0.15184,-2.1643,-4.2101,0.98749,0.14493,0.10178,-0.74666,0.45272,0.64312,-0.18694
6,10.171,-0.32724,-2.3354,-0.42364,-0.13511,0.15354,-0.95933,0.36544,0.44968,-3.3864,6.8596,7.2683,0.14264,0.13605,-0.033068,-0.3097,-0.3888,-0.87418,-0.51063,-0.98833,9.645,-0.10448,-0.032106,-0.12932,-0.45044,0.48743,-0.79227,-6.9424,10.792,-3.0398,0.26505,0.11453,0.65266,0.53133,-0.32877,0.28824,0.693,-1.3514,0.031989,-0.008319,-0.23681,1.1843,0.28432,0.83848,-0.25218
0,7.5951,-0.11717,4.0817,0.30451,-0.34102,0.11529,-0.62108,0.14462,-0.62374,2.0763,7.5375,4.4579,-0.078817,0.13308,-0.32003,-0.13347,-0.22495,-0.64124,1.8891,-5.1289,7.9459,0.083898,0.12347,0.33413,0.26713,0.75319,-0.82245,-5.5272,-6.0846,-0.25505,-0.67767,-0.20139,-0.049423,0.3113,-0.75067,0.32852,-8.9485,-1.975,-1.5511,-0.49486,-0.042619,1.3743,1.0673,0.39719,-0.19148
5,8.5883,-0.012466,5.2682,0.99806,-0.43048,-0.6677,-0.78597,-0.12169,0.046464,-0.25392,6.8199,4.8929,0.98665,0.26908,-0.43685,-0.11762,-0.49374,-0.070234,0.85176,-0.97995,9.2866,0.083166,-0.29464,-0.12395,-0.54428,-0.1734,-0.56042,-2.9682,18.909,-1.5991,0.14888,-0.37958,-0.60071,0.27993,-0.43372,-0.1814,6.595,4.605,1.4206,-0.03138,0.42701,-1.1306,0.080023,0.56364,0.20078
8,9.1168,-0.20424,2.0932,0.062178,0.10071,-0.029365,-0.76817,-0.42207,0.10564,8.5236,3.5168,1.8247,-0.013043,-0.021562,-0.046949,-0.6612,0.13769,0.41175,9.0506,-2.0144,0.66766,-0.1477,0.11072,0.83809,-0.53453,-0.47286,-0.14414,-9.3313,1.608,-1.4854,0.27796,0.28457,0.18775,0.45528,0.12406,-0.54907,-8.839,-2.4739,-2.2825,-0.070947,0.041662,0.039696,0.42418,-0.36977,0.51448
6,9.9021,0.79332,2.5447,-0.24221,0.25911,0.12883,-0.87219,0.28543,0.18764,-0.36774,4.7166,8.4398,-0.10207,-0.045984,0.035462,-0.42835,-0.10626,-0.78196,0.66266,-1.1856,9.7332,0.033811,0.14045,0.042824,-0.37886,0.52123,-0.64608,-9.4489,6.4356,-3.7122,-0.43792,0.36939,1.6387,0.51052,-0.15864,0.43454,-5.0129,-4.9349,0.62817,-1.1293,-0.11407,2.1883,0.51033,0.46517,-0.36654
6,9.3594,-2.0071,2.0439,0.61466,0.044159,-0.29023,-0.90545,0.3603,0.18181,3.0685,1.351,9.1341,0.086769,0.14419,0.10093,-0.89364,0.042153,-0.68503,0.78709,-1.4346,9.929,0.08754,-0.26691,0.29911,-0.51562,0.60548,-0.73357,-6.2748,5.9152,-2.3526,1.0822,0.09281,-1.8823,0.58194,-0.39395,0.30852,-8.0915,-8.9546,-3.5867,0.75326,0.29535,-1.1901,0.69661,0.41064,-0.11336
8,2.7719,0.21172,-0.19646,0.074504,-0.38276,-0.13545,-0.73227,-0.31061,-0.31757,0.75008,1.5093,0.79839,0.30733,0.26238,-0.20203,-0.35985,-0.62256,0.36545,-0.24232,-1.177,1.2005,-0.006938,0.014788,-0.25871,-0.45045,0.072393,-0.64306,0.31563,2.2927,-0.48115,-0.020324,0.61172,-0.037461,0.4746,-0.29286,-0.50571,0.51169,-0.32006,-1.0126,0.31008,0.36029,-0.15547,0.45839,0.15556,0.61439
7,10.047,-0.61616,0.29352,0.022082,-0.5835,-0.1377,-0.7727,0.081654,-0.63434,2.2805,-0.25725,8.5514,0.50295,-1.0692,0.64898,0.43382,0.22331,-0.82102,0.8968,-1.5658,8.5194,-0.27775,-1.1215,-0.67184,0.49956,-0.14888,-0.79613,2.1146,9.3849,1.0234,-0.029504,0.1304,0.05435,-0.69816,-0.62772,-0.25562,2.769,-9.2487,-0.74031,0.072609,0.13871,-0.008368,-0.76627,0.60366,0.060575
6,8.7265,3.144,3.8305,-0.28073,-0.037647,-0.051946,-0.94733,0.28612,-0.12732,-0.65264,5.6663,8.4632,-0.38596,-0.23271,0.051877,-0.48453,-0.21743,-0.82086,1.7547,-2.6536,8.4515,-0.24832,-0.074071,-0.053995,0.018791,0.71611,-0.62202,-10.11,8.3338,-0.037829,-0.72373,-0.033698,0.70401,0.55444,-0.34936,0.32417,-2.7424,-5.3008,0.45029,-1.127,-0.053012,1.5318,0.36962,0.69362,-0.44235
7,8.5686,-0.41291,-5.6733,-0.31672,0.006954,0.18907,-1.0503,0.30978,-0.28091,4.9361,7.8038,3.4052,-0.95916,-0.20588,0.37599,0.36992,-0.62873,-0.58737,4.8709,-1.6214,6.5666,0.47119,-0.19232,-0.60615,0.15503,-0.045122,-0.92037,0.20389,9.5684,1.6383,0.054994,-0.042528,0.054447,-0.69957,-0.61847,-0.2286,0.36075,-9.4761,-3.0764,-0.057757,0.12119,-0.039143,-0.69641,0.64998,0.17406
3,-4.8851,2.5791,6.6168,0.44553,0.4126,-0.65329,0.47343,-0.13886,-0.84854,3.6549,6.3307,-2.6214,-0.12954,-0.094057,0.91996,0.70199,-0.58451,0.44425,6.3049,-7.0213,3.6373,0.050577,-0.047042,-1.1698,-0.18094,0.57675,-0.52471,-9.2095,7.5983,1.4805,0.89528,-0.91375,1.4113,0.85079,0.04085,-0.41487,-4.3588,0.9844,-1.6246,-1.0753,-0.43889,2.2129,0.61441,0.77799,0.5365
8,2.3182,-0.74384,-1.0534,0.13506,-0.76394,0.32217,-0.99738,0.16174,0.15138,0.000411,0.14092,0.33731,-1.0442,-0.084901,-1.4567,-0.83454,-0.51852,-0.081188,0.6368,-0.78854,-0.005276,0.53387,-0.26967,0.6504,-0.87274,0.47017,0.12916,-0.2523,3.4818,-0.26095,-1.055,-0.086726,-0.30235,0.84845,0.46791,0.18452,-2.503,-5.0515,-2.0463,1.7142,-0.37171,-0.15084,0.84905,-0.2943,-0.37794
9,10.067,-0.69219,-2.6187,1.5628,0.66316,0.25483,-1.0005,-0.09484,-0.26754,-3.5738,7.4764,-25.255,3.308,-0.005629,0.21979,0.12572,-0.92694,-0.49257,5.9006,-10.465,-3.0381,-0.19633,-1.0893,0.71391,-0.039794,1.028,-0.21961,-9.8174,1.9057,2.1959,0.15361,0.26037,0.002526,0.81368,-0.70271,-0.28593,-9.3142,-2.2991,0.87181,-0.35742,0.14279,-0.12834,0.94886,0.67511,-0.033877
8,9.442,1.0338,-0.24477,-0.074758,0.41244,0.030355,-0.99853,0.13035,0.3174,11.015,3.297,0.90373,-1.1138,-0.23208,0.71412,-0.96511,0.35557,0.2595,19.405,-2.3606,1.083,0.1729,0.19629,0.11362,-0.9558,0.22394,0.30064,-6.6281,4.8048,-1.3016,-0.37067,-0.23768,-0.33873,0.82242,0.50263,0.33865,5.0085,1.3222,-0.041533,-0.88916,-0.44256,-0.41584,0.84128,-0.37544,-0.40258
7,8.431,0.24451,3.7438,0.012058,0.77555,-0.16238,-0.49009,-0.20153,-0.79632,0.57615,12.826,-0.85222,0.26793,0.29076,-0.64021,0.4414,-0.83343,-0.023114,3.1032,-5.5492,13.215,0.27602,0.72614,0.012684,0.30486,0.070744,-0.90906,1.4011,7.2038,3.7685,-0.26579,0.13376,-0.69913,-0.65554,-0.58538,-0.39707,-0.93036,-8.096,1.8971,-0.21928,-0.15665,0.8135,-0.51508,0.82168,-0.064975
2,0.25357,1.4728,-1.4854,0.73219,0.39896,-0.091135,-0.87444,-0.048154,-0.50265,-8.0749,0.83243,1.4596,-0.5936,0.96434,-0.46809,0.13498,-0.83351,-0.193,5.1917,5.5882,-1.7048,-0.21923,-2.5936,-0.62329,0.52734,0.78715,-0.5596,-3.7503,20.083,-2.8548,-0.30152,-0.04379,-0.38308,0.72991,-0.000612,0.46179,-1.2408,4.0763,12.921,1.3211,0.90339,2.0239,0.85206,0.66635,-0.23926
6,8.9615,-0.75358,2.4892,-0.39554,-0.073199,0.34822,-0.9147,0.33128,0.18736,2.5982,1.3704,9.1194,0.00124,-0.10812,0.1466,-0.8727,-0.006277,-0.70927,1.0457,-1.4298,9.4319,-0.051498,0.25509,0.26743,-0.54432,0.57778,-0.73774,-1.2476,4.0954,-0.006121,-0.61848,0.013424,1.0955,0.56248,-0.53946,0.20502,-7.6584,-9.3423,-4.3873,-0.57337,-0.12661,0.5992,0.72312,0.33361,-0.13248
5,8.6266,0.1555,2.1058,-0.11403,0.097209,0.10541,-0.81592,-0.31838,0.050985,-0.82931,5.869,7.3346,-0.093634,0.014092,-0.042107,0.31203,-0.62568,-0.019534,0.37459,0.12398,9.4495,0.036706,0.076134,0.037508,-0.62614,-0.1871,-0.60877,-2.5774,13.303,-4.4766,-0.22134,0.42704,1.1277,0.055535,-0.68694,-0.13613,4.2778,-4.0715,-0.77508,-0.7009,-0.60753,1.8182,-0.15477,0.50251,0.4336
1,5.6986,-0.21665,3.2796,-0.4607,-0.010269,0.018084,-0.81555,-0.049611,-0.74104,6.0268,2.3417,1.12,-0.35772,0.66029,-1.2087,-0.83927,-0.75272,-0.39256,5.9881,-3.9063,1.9454,-1.0484,-0.033851,-0.55087,-1.9164,0.1308,1.1311,-7.4699,-2.7895,-1.5135,-1.4637,0.026041,2.8072,0.16969,-0.51599,0.1914,-10.215,0.22938,-1.2401,-1.0707,-0.18256,2.0588,0.57037,0.37469,0.123
4,7.6906,-0.11638,3.4693,1.3166,0.18169,0.26568,-0.6689,0.068702,-0.56194,-0.54299,7.0727,5.719,0.61568,1.1754,-1.533,-0.043964,-0.83698,-0.68825,-5.3069,-4.8557,6.5346,-0.20549,0.29542,1.454,0.34463,0.23531,-0.73711,-8.6901,-0.06315,-4.521,0.10538,-0.14186,-1.0155,0.52687,-0.35771,0.12911,-9.713,-2.9389,-0.002213,-0.48011,-0.50311,-2.032,0.52147,0.36943,0.023254
7,6.9563,-0.24949,-4.2244,-0.51847,1.1795,0.94534,-1.0208,0.35065,-0.31941,2.5901,9.3684,7.4342,0.10975,0.31193,-0.72894,0.26938,-0.64336,-0.6413,4.8119,-0.29795,11.582,0.52047,1.3135,0.87365,0.089422,-0.21041,-0.91778,-3.5407,8.8443,2.6817,0.53817,-0.025718,-0.35569,-0.1821,-0.8732,-0.3475,-3.2031,-10.557,-0.88089,0.39295,-0.241,0.19544,-0.1778,0.93038,0.21846
1,8.7511,1.9806,-0.94098,-0.68077,0.054708,-0.12164,-0.73874,-0.007169,-0.4754,9.2914,4.1953,0.56463,-1.3489,-0.22279,-0.54918,-0.86235,-0.46369,-1.1516,10.848,-2.4149,3.541,0.61764,-1.4823,-1.8294,-1.4562,1.0712,-0.28987,-12.763,2.2694,-3.1796,-1.3328,-0.27715,1.8643,0.83945,-0.26279,0.22645,-11.482,-4.652,1.1271,-0.66183,-0.29298,1.2992,0.82683,0.85127,-0.18911
1,10.594,1.1874,2.6895,-0.020632,-0.2106,0.11128,-0.7331,0.069111,-0.48118,8.8241,2.127,-1.384,-0.20423,-0.11256,0.28305,-0.24317,0.2221,-1.355,8.9511,-2.8728,5.7405,-0.044714,0.14494,0.57133,-1.2012,0.45944,0.020251,-11.347,14.357,-1.8279,-0.62179,0.63386,0.18024,0.40946,-0.75737,0.25011,-10.76,-0.97139,-1.7612,-0.74733,-0.21457,0.93766,1.0988,0.33441,0.040583
1,5.8047,-1.3891,1.1879,-1.0908,0.87253,0.83169,-0.62845,0.26516,-0.73699,3.0607,6.539,0.39348,-0.81208,0.056351,0.27126,-0.2279,-0.58228,-0.46507,2.7153,-4.8158,3.9192,0.18755,-1.0611,0.38976,0.1955,0.70448,-0.82667,-10.951,6.236,-4.4724,1.8682,1.3547,-1.4569,0.58755,-0.69896,-0.062456,-17.113,-0.003521,-1.8434,-1.2803,1.005,-2.6281,1.021,0.44891,-0.030876
6,9.8939,-0.66281,0.54151,-0.017568,-0.039871,0.3288,-0.76867,0.29314,0.28649,0.57552,4.7901,8.8731,-0.036307,-0.11874,0.35549,-0.41949,-0.18148,-0.6543,2.847,-0.5649,9.635,-0.028491,0.12538,0.19183,-0.5303,0.45498,-0.53828,-1.3986,5.5253,-0.95667,-0.29082,0.23735,0.5033,0.47058,-0.52782,0.33504,-6.8708,-4.9413,-7.9198,-0.39365,-0.077082,0.1243,0.63055,0.36027,0.028181
3,-6.779,7.6222,7.1579,0.1316,0.019392,0.10854,0.52761,-0.21217,-0.83407,3.004,10.338,-2.7114,-0.12145,0.67002,1.0938,1.0943,-0.24929,0.43513,3.8693,-7.7326,5.1515,-0.19062,-0.29061,-0.5841,0.021542,0.57905,-0.48271,-6.116,1.9465,0.60969,0.83137,0.25265,-0.94002,0.67111,-0.51058,-0.44898,-11.589,-1.3159,-1.8352,0.2275,0.066044,0.017465,0.6711,0.3559,0.66309
3,11.949,-0.75793,0.32832,-0.45391,-0.19244,-0.51579,-0.77535,-0.008546,-0.47895,6.183,5.7758,5.8437,0.24887,-0.58041,0.57809,0.15469,-0.31654,-0.16379,5.1003,-6.7608,5.3928,0.33219,-0.24439,-1.6172,-0.058195,0.49008,-0.65189,-13.734,3.0612,-1.1641,-0.39029,-0.060244,0.68124,0.74512,-0.29321,0.25097,-8.8684,-4.4409,-4.03,-0.99631,-0.47519,1.5135,0.59142,0.69249,0.20295
3,9.0823,1.5008,0.054672,-0.32432,0.57498,0.17606,-0.85776,-0.089068,-0.44071,5.0162,5.0052,6.4427,0.31127,0.6888,-0.85912,0.31095,-0.47385,-0.22065,5.7385,-6.2631,6.6894,-0.27562,1.0288,0.79609,-0.22334,0.44735,-0.66435,-9.6752,0.24965,-1.548,0.011835,-0.19153,1.2476,0.89147,-0.23237,-0.22771,-9.443,-2.879,-1.8012,-0.70154,-0.093255,0.5682,0.72174,0.59297,0.57513
4,15.017,-0.62186,2.193,0.7312,-0.030475,-0.41843,-0.96247,-0.048496,-0.30477,-7.1217,7.3292,2.0476,0.067426,-0.089507,1.3283,0.031843,-0.70255,-0.39977,-2.2842,-7.2357,6.4792,0.08506,-0.56532,-1.8552,0.43708,0.37897,-0.85288,-14.86,3.6161,-2.9861,0.97275,-0.50599,-1.1035,0.6321,-0.13656,-0.11686,-11.004,-1.4954,-1.9947,2.1326,0.59339,-0.031057,0.2967,0.39603,0.14366
6,9.5321,1.8039,-0.24426,0.021879,-0.28569,-0.02908,-0.73828,-0.059338,0.43334,1.2257,2.7474,9.1169,-0.12538,-0.034856,-0.1798,-0.44369,-0.00426,-0.64492,1.2606,-1.3651,9.4623,-0.04337,0.011094,0.01273,-0.5214,0.4552,-0.56998,-9.328,3.2695,-1.5608,-0.71986,0.031258,0.63152,0.65878,0.077839,0.16216,-2.4716,-5.6477,-1.3555,-0.63886,-0.045274,0.85376,0.49035,0.60857,-0.17607
9,9.5525,1.2523,-1.5044,0.11589,0.24107,0.60497,-0.90708,-0.39852,-0.29554,7.4918,5.5759,4.1449,0.53569,0.64178,0.07298,-0.27359,-0.77087,-0.57627,16.31,-0.5994,2.2578,-0.8447,-3.6539,-5.22,-0.20246,0.1838,-0.92739,-12.57,-0.30729,-0.11803,0.14349,0.46992,2.5447,0.72572,-0.69793,-0.029211,-11.778,-3.655,-2.3331,-1.7987,-0.5564,2.8272,0.59585,0.7484,0.44297
5,9.5266,-2.2631,1.7315,0.040338,0.041193,0.000562,-0.6218,-0.19673,0.16621,1.0475,6.7182,7.2606,0.022128,0.067874,0.073894,-0.20042,-0.52789,-0.15304,0.62412,-3.9328,9.1179,0.002386,-0.023261,0.051028,-0.41174,-0.026015,-0.62569,-2.2692,8.559,-1.8572,0.55208,0.032684,-1.7288,0.26029,-0.56063,-0.23291,-1.1338,-10.324,0.75236,0.64053,-0.074036,-1.3892,0.21026,0.50142,0.16713
3,12.628,0.23565,-3.1022,0.90284,-0.22842,-0.099883,-0.90178,-0.038216,-0.50175,-0.92317,9.671,5.9246,-0.28,-0.51098,-0.67317,0.65949,0.019817,0.37724,-2.6828,-6.6769,8.8146,-0.15084,0.58219,0.87135,0.67156,0.46215,-0.4462,-7.4022,1.6583,0.10427,-1.237,-0.12641,0.27582,0.21318,-0.9035,-0.00049,-16.956,-2.7327,-1.0709,-1.4608,-0.71253,-0.13883,0.8654,0.5345,0.063733
6,8.3712,-1.5602,6.2689,-0.57932,0.22238,0.17065,-0.85551,0.52462,-0.06897,-0.67828,4.4553,8.1378,-0.49839,-0.32085,0.054543,-0.4422,-0.17288,-0.85721,0.77414,-3.1692,7.0334,1.0651,-0.19408,0.073277,-0.41548,0.67298,-0.60372,0.2825,3.0043,-0.28751,0.16765,0.10131,0.5027,0.42706,-0.67565,0.24892,-8.9098,-9.5725,-0.98167,0.38368,-0.36917,0.10897,0.60623,0.48478,-0.36197
9,11.772,-1.4356,5.2595,0.22431,-0.1777,0.25395,-0.98787,-0.20901,-0.16267,8.2014,9.8299,7.7232,-0.9842,0.20025,-2.3388,-0.86386,-0.30594,-0.49196,10.579,-4.193,4.8434,-0.17876,-0.41365,0.33021,-0.89671,0.047725,-0.55536,-12.177,2.6426,1.6255,-0.71613,0.68098,0.72316,1.1296,0.02174,-0.2938,-11.341,1.6116,-2.167,0.015869,0.071109,0.24548,1.0543,0.05827,0.53326
4,12.188,0.85508,3.8917,1.1343,0.094641,0.17552,-0.73933,-0.19867,-0.51102,-3.4595,5.3605,7.8537,-0.46925,0.66691,-1.0847,0.010794,-0.73999,-0.92924,-2.8429,-7.4572,6.3375,0.70815,0.097435,0.10909,0.41064,0.32405,-0.83041,-12.026,-3.2674,-2.2875,-0.011953,0.1585,-1.4996,0.63041,-0.18925,-0.12368,-12.923,0.51104,-1.0635,-1.2972,-0.020941,-2.2845,0.43638,0.2868,-0.073087
9,7.945,-0.89247,4.9873,-0.1913,0.019026,0.069797,-0.50621,0.073443,-0.88548,0.034801,8.7165,2.6859,0.079784,-0.15004,-0.27499,0.55455,-0.86354,-0.13625,0.54471,-7.0777,5.8855,-0.40186,0.48989,0.38167,0.44125,0.77735,-0.49646,-8.814,4.0154,-0.79912,-0.04479,-0.15218,0.001056,0.81548,-0.70854,-0.083952,-9.8068,-0.66229,-0.67257,0.14749,0.25345,0.23125,0.87179,0.66297,0.14863
4,13.315,-2.2821,0.31818,0.95199,-0.63443,-0.12851,-0.99299,-0.02596,-0.24082,-6.7457,8.127,1.0544,1.005,0.12232,2.4137,-0.028046,-0.73201,-0.43062,-2.4945,-6.9687,6.9455,0.35435,-0.47585,-2.4164,0.5538,0.4769,-0.83682,-14.493,2.5176,-1.8071,-0.012236,-0.5762,-1.1537,0.63431,-0.16686,-0.10448,-7.0412,-2.7902,0.19487,-0.12906,0.1489,-0.21112,0.29595,0.4338,0.13996
2,22.987,-4.2903,2.1629,2.3592,0.41276,0.85583,-0.70565,0.14884,-0.5537,9.9444,27.975,-9.4959,0.83886,3.1811,2.1442,-0.033051,-0.57481,-0.26393,10.531,-32.246,6.1111,2.5281,-3.0929,2.5525,-0.034332,1.0399,-0.41117,-15.135,-18.277,-11.567,0.34227,0.34453,-3.2454,0.5238,-0.61469,0.32705,-23.9,-0.47076,-0.71465,-2.0008,0.9011,-3.0327,1.1308,0.57934,-0.13602
7,9.6262,1.6205,2.5208,-0.33904,0.58819,0.067646,-0.52094,-0.20838,-0.77505,2.9939,7.4675,4.1764,0.17623,-0.085842,-0.31111,0.41747,-0.6413,-0.55241,4.8526,-2.2464,7.6683,-0.46183,0.10333,0.12092,0.25228,0.016244,-0.91876,1.1667,7.9256,3.6044,-0.12172,0.12704,-0.55199,-0.64335,-0.61976,-0.37112,-0.69488,-8.9055,1.9488,0.033342,0.016836,0.56902,-0.50777,0.82648,-0.068173
0,8.411,-0.12817,3.7378,-0.37502,-0.28169,-0.029365,-0.7312,0.013209,-0.96594,9.6902,2.0754,2.0291,-1.1752,0.49084,-1.2552,-0.86913,-0.8016,-0.5814,9.4253,-2.6901,2.6848,-0.54932,-0.60674,-1.1794,-1.3484,1.3626,-0.002105,-12.142,-3.2997,-2.1656,-1.7582,0.42322,2.5961,0.35156,-0.63147,0.39078,-10.301,3.5434,-1.8938,-1.5489,-0.22727,1.7169,0.53752,0.58109,0.2518
9,11.483,1.9122,0.89632,0.51009,-0.043622,0.038911,-0.75146,0.091741,0.40226,2.3603,8.179,-5.737,5.1565,-2.1263,-1.1469,-0.57827,-0.59705,-0.11908,15.951,-1.8952,3.498,-0.50367,-1.5101,-3.0497,-0.79427,-0.21802,0.14376,-14.61,-4.592,-5.8898,-0.17199,-0.008275,1.219,0.80223,0.39498,0.43339,-8.6409,1.2649,-4.6853,0.061552,0.63374,0.52565,0.75037,-0.34849,0.1006
4,10.301,1.9742,3.3543,-1.2371,0.32278,-0.10933,-0.75614,-0.12526,-0.47086,0.48641,8.5986,5.7569,0.078254,-0.1391,0.81201,-0.13215,-0.6288,-0.76559,-2.897,-9.2872,6.0918,-0.47469,-0.90456,-0.87657,0.13495,0.5056,-0.70454,-12.986,8.9124,3.4916,-0.7653,-0.55662,1.7522,0.47484,-0.21318,-0.10135,-11.957,-1.5283,1.2187,-0.083305,-0.3386,2.8153,0.65004,0.21274,0.13291
6,9.1213,-1.0172,2.0298,0.47119,0.13112,-0.32313,-0.99543,0.50518,0.13651,-1.8774,9.0547,3.8282,0.27812,0.13503,-0.068836,-0.46396,-0.68063,-0.64759,0.13465,-2.7223,9.4802,0.37992,-0.35288,0.12847,-0.40426,0.59348,-0.69305,-11.999,11.717,0.42203,-0.64481,-0.72803,-1.1632,0.58843,-0.26778,0.2981,-5.6784,-3.4669,-0.43739,0.48323,0.28296,-1.8047,0.46823,0.56305,-0.38621
2,20.25,-6.617,7.709,1.0694,-0.13897,0.54809,-0.92253,0.11539,-0.83205,2.4356,25.437,10.369,1.4738,1.3614,2.0027,0.30025,-0.95803,-0.60359,6.7034,-28.231,4.0765,2.2442,-1.7232,2.7132,0.62673,0.94658,-0.92796,-18.486,-12.128,-5.2685,1.6147,-0.13002,-2.3034,0.29794,-0.71169,0.18283,-28.294,10.577,-3.6066,0.17332,1.5808,-3.0714,0.49109,0.59189,0.37671
5,9.5747,-0.37232,2.4932,0.005617,-0.032762,-0.045088,-0.58803,-0.17134,0.17064,2.7168,0.85706,9.6439,0.027165,-0.047939,-0.066534,-0.27861,-0.15984,-0.24373,0.83406,-1.2186,9.911,-0.02282,-0.017275,-0.11642,-0.58975,-0.093544,-0.55029,-4.2972,15.522,-1.7684,0.45988,0.12112,-0.42879,0.43761,-0.52485,-0.071806,4.3026,-3.7596,0.54598,0.40077,0.092157,-0.93899,0.098416,0.55222,0.26519
8,-7.2254,-1.5776,-7.0229,0.762,-1.1074,-0.3901,-0.76693,0.37851,-0.29885,0.69646,-0.23174,-0.62911,-0.40433,0.43074,0.39375,-0.6601,0.007819,-0.26809,1.0669,0.043876,0.071938,2.7048,-0.73914,-1.9356,-0.66818,0.35796,0.15703,-1.142,-7.1043,-2.8615,-1.0787,0.24852,1.7084,0.57005,0.014311,0.45351,-0.85477,7.4547,0.18975,0.54197,1.2352,0.57747,0.58443,-0.007721,-0.37233
4,8.2436,0.34295,-1.3389,0.16327,-0.05442,-0.31876,-0.95784,-0.23471,-0.25528,0.52917,8.8059,4.9261,-0.36965,-0.97936,-0.055612,-0.64299,-0.43947,-0.36193,1.9839,-7.3494,6.1119,-0.41317,0.023842,-1.0215,0.14586,0.79275,-0.79504,-9.9535,-1.0071,0.15404,-0.1153,-0.099136,1.0629,0.68869,-0.22902,-0.038685,-6.8979,-3.3741,-3.3392,-1.2033,-0.60473,1.0366,0.45053,0.42369,0.10295
6,8.1231,-4.1386,-0.78225,0.0328,0.25972,-0.008074,-0.85536,0.61874,0.32837,0.25225,8.6635,4.0521,0.17666,0.24994,-0.31858,-0.61269,-0.55409,-0.65562,-0.86417,-2.624,9.707,0.029939,0.037663,0.22485,-0.3391,0.61599,-0.69361,1.4773,0.16559,-0.2559,0.099086,0.35438,-1.0229,0.46313,-0.60022,0.22959,-8.3927,-9.1748,-2.4007,-1.226,0.36121,-0.94482,0.61085,0.36158,-0.37818
0,9.2255,0.3791,2.5619,-0.44157,-0.38145,0.039676,-0.8041,0.21627,-0.60857,-1.8305,18.503,-4.0546,-0.33765,2.4986,3.4608,0.1059,-0.79456,-0.17556,5.6458,-4.5121,6.2525,-0.048185,0.54822,0.50558,-0.17476,0.67562,-0.96227,-8.9834,1.2125,0.49521,1.1883,0.56423,-0.96266,0.40434,-0.78664,-0.10349,-9.9432,-0.53416,-0.30265,-0.94495,0.2446,1.3195,1.133,0.20295,-0.12391
9,12.534,-4.2252,-0.47171,-0.44268,-0.53092,0.5938,-0.74693,0.20612,-0.65683,6.2656,4.7322,3.3097,0.95405,0.94588,0.06222,-0.15207,-0.85289,-0.54673,17.53,-16.264,-11.023,0.24172,-3.4093,3.0017,0.30051,0.78348,0.55395,-11.097,4.7951,-0.20988,-0.34551,0.25092,-0.73332,0.65083,-0.74875,0.38233,-10.182,-3.7774,-0.18106,0.23183,-0.34564,-0.74976,0.94473,0.54591,0.10274
3,7.8421,0.56667,0.35646,0.26188,-0.22062,-0.085791,-0.79745,-0.19731,-0.4811,4.8441,6.7731,5.2531,0.16137,-0.4291,0.99391,0.53602,-0.60046,-0.2344,-1.4211,-11.055,3.5177,1.2361,-1.0837,-0.81097,0.5726,0.70991,-0.40263,-9.2521,3.5579,-2.5269,0.5688,-0.073103,-1.3393,0.85201,-0.47119,-0.10792,-8.7425,-1.9689,-1.421,1.1614,0.1337,-0.43931,0.8049,-0.004113,0.54109
8,-3.2191,0.48908,-0.29707,-0.2471,0.26089,0.068501,-0.74184,-0.30408,-0.29442,-2.4148,-0.33925,3.9744,-0.44636,0.11521,0.40068,-0.42247,-0.52571,0.43932,-2.6169,-0.66215,1.3369,0.67642,-0.24502,0.1887,-0.4419,-0.028791,-0.63631,-1.1224,6.9148,-4.3038,0.93574,-2.077,0.39831,0.47401,-0.23224,-0.51322,1.5183,-6.3424,-2.361,0.1938,-0.89597,0.57792,0.48746,0.14554,0.59438
4,8.9758,-1.6406,2.2828,-0.29533,0.34743,0.018376,-0.73672,0.26233,-0.45693,1.8782,6.529,6.7642,-0.19312,-0.36708,1.4126,-0.19609,-0.96021,-0.79136,-8.9935,-6.7656,4.5171,-1.0238,0.06648,-0.97205,0.39201,0.44319,-0.46647,-5.6236,3.0615,-2.5799,0.91971,-0.43812,-0.98171,0.37379,-0.41137,0.060486,-9.7916,-0.66288,-0.98653,-0.02536,-0.18494,0.08536,0.64316,0.18998,0.094552
0,8.6241,0.41481,3.1998,-0.35778,-0.49401,-0.031658,-0.84147,0.13027,-0.58233,8.5016,0.61365,2.0492,-0.36354,0.84309,-1.4914,-0.21729,0.014491,-0.62246,10.79,-3.8579,6.3299,-0.56403,0.56288,0.9129,-1.5403,1.1091,-0.049385,-4.1128,-8.774,-1.4029,-0.70681,0.35369,-0.19131,0.44505,-0.59031,0.39009,-9.7896,-1.6498,-2.0842,-0.54921,0.1251,1.0368,0.94967,0.32883,-0.096313
7,6.7645,-0.16192,6.8724,0.13863,-0.068066,-0.045413,-0.22594,-0.048511,-0.93271,-6.7415,4.2978,5.2748,0.20306,-0.18128,0.18703,0.92706,-0.12295,-0.23547,-6.2617,-2.8703,6.8112,-0.18079,-0.18487,-0.1517,0.87795,-0.021205,-0.4101,1.7198,9.4145,-0.49762,-0.060976,0.057666,0.48179,-0.60778,-0.72737,-0.15419,2.8431,-8.7619,2.0663,-0.16404,-0.18787,-0.42942,-0.72684,0.63492,-0.089334
6,9.8502,-0.58684,0.3893,0.32811,0.12325,-0.29684,-0.75615,0.28473,0.33303,0.89975,3.5668,9.281,0.24204,0.30387,0.039658,-0.43652,-0.088013,-0.66174,2.3828,-0.69968,9.4384,0.31137,-0.33455,0.07807,-0.47092,0.50243,-0.55432,-8.7297,7.7013,-4.4379,0.7277,-0.46407,-1.5729,0.57493,-0.15269,0.32628,-5.1,-6.0178,-4.8075,1.0385,1.0921,-1.2905,0.53705,0.6026,-0.003278
8,-4.129,0.14251,-0.50338,-0.31435,0.23836,0.13975,-0.73673,-0.31393,-0.3103,-3.6064,-0.33979,3.2345,-0.33585,0.047092,-0.070925,-0.40736,-0.57358,0.39405,-2.2132,0.071619,1.0242,0.6609,-0.37683,0.24512,-0.46556,-0.018181,-0.63094,2.6488,4.3226,-1.2318,-0.84341,-0.30988,0.10812,0.46264,-0.25817,-0.52197,0.46005,-5.482,1.1915,0.30829,0.25421,0.053025,0.4883,0.16723,0.59427
2,21.613,4.116,-10.702,-3.2718,0.27475,0.24852,-0.8636,-0.2275,-0.6254,-10.184,24.046,2.2208,1.3637,-2.5211,-2.7311,0.49755,-0.82595,-0.30248,7.6126,-17.117,17.029,-2.263,2.4805,-2.8939,0.32498,0.88633,-0.79168,-17.478,-1.2629,-3.0435,-0.92602,0.45769,2.7775,0.49768,-0.55956,-0.006697,-14.64,14.432,-2.7312,-0.92013,-1.8659,4.26,0.34171,0.60652,0.25217
2,5.3367,2.5928,-4.0984,2.3839,1.0747,-0.32256,-0.45423,0.039111,-0.77814,-0.21604,6.3346,5.1442,0.96022,0.96284,-2.9434,-0.097787,-0.17013,-0.67276,-0.9217,-6.366,6.4126,0.052379,1.8617,1.2766,0.32268,0.77623,-0.80005,-7.0121,-2.5399,-1.2908,-0.4326,0.51408,2.2949,0.81371,-0.22925,0.36594,-6.3766,-33.664,-3.5012,2.3348,2.7923,0.87225,0.69827,0.77146,-0.1575
5,9.5598,-1.4713,1.6944,0.059673,0.002906,0.080879,-0.61385,-0.20701,0.17041,0.49689,7.4194,6.0756,0.007623,0.038942,0.070881,-0.17088,-0.54798,-0.090431,0.70201,-3.9993,8.7005,-0.094118,0.024383,0.075778,-0.40775,-0.014937,-0.6339,-0.86238,8.0983,-0.33407,0.34837,0.13329,-1.4533,0.2283,-0.57829,-0.26927,-1.1643,-9.9244,1.1325,0.63752,-0.2576,-1.1714,0.23425,0.47815,0.1524
3,11.317,0.46271,-0.070686,-0.098744,-0.51727,0.11044,-0.92281,0.085065,-0.49243,-1.9419,8.8113,5.0422,-0.36523,0.33045,-0.88641,0.65076,-0.005162,0.48094,-1.8049,-5.3291,9.0561,0.3091,0.57987,0.8758,0.61771,0.3554,-0.46859,-6.9198,5.6847,-2.1464,-1.0553,0.94661,1.0552,0.17974,-0.90695,0.038238,-12.225,-2.4732,-1.9494,-1.0139,-0.15526,-0.096568,0.90012,0.48325,0.023782
5,10.128,-0.11403,2.9439,-0.15622,-0.063687,-0.055726,-0.83822,-0.26392,0.0169,-1.0678,5.7219,6.5707,-0.09338,-0.02334,-0.30394,0.33765,-0.67034,-0.026577,-0.26621,-0.60651,10.192,-0.009261,0.12597,-0.01392,-0.57711,-0.17475,-0.63901,0.70164,7.4799,-1.6861,0.86133,-0.88436,-2.7149,-0.072194,-0.7104,-0.20918,-2.4513,-13.307,-3.6585,-0.05362,0.84475,-2.2396,0.13561,0.41413,0.44958
5,8.1166,1.1705,5.7975,0.24906,0.097571,-0.14486,-0.63797,-0.18827,0.090878,4.1,7.1229,5.0141,0.061288,0.16041,-0.21199,-0.81649,-0.46026,-0.2617,5.2193,-5.6099,6.3477,0.13007,-0.18853,-0.092798,-0.78511,0.26553,-0.6477,-4.2131,13.974,0.90225,-0.099036,-0.047953,-1.1101,0.36352,-0.40424,-0.21765,1.204,-8.2853,0.77812,0.19947,-0.060089,-1.8403,0.17399,0.58328,0.091869
6,8.7002,0.46704,4.6955,0.33616,-0.025772,-0.12958,-0.90777,0.32434,-0.055297,2.9726,7.3157,5.4305,0.041992,0.10571,-0.10642,-0.79706,-0.40703,-0.55437,0.89583,-4.3058,8.9582,0.009132,-0.068802,-0.018141,-0.64272,0.66215,-0.57904,-6.439,5.3355,0.4053,0.93129,0.77264,-2.2484,0.64645,-0.43312,0.16248,-8.5707,-8.4324,-5.4282,0.71864,0.36008,-1.6385,0.69284,0.46098,-0.091152
9,9.7483,0.93689,3.5074,-0.71598,0.26054,-0.26364,-0.69448,0.28655,-0.33518,-0.89653,10.01,-2.4047,0.23874,-0.96051,0.13334,0.12667,-0.79099,-0.063678,-7.1411,-0.90025,5.0182,2.9598,0.93286,1.1796,0.67682,0.11517,-0.3282,-14.428,10.415,6.1108,0.17878,-0.47375,0.75683,0.73362,-0.24637,0.26341,-7.8495,2.1405,0.46159,-0.44162,0.37355,0.67596,0.75615,-0.080629,-0.33579
6,9.747,0.81305,2.487,0.58608,-0.026718,-0.29938,-0.99345,0.50282,0.087091,-1.7571,8.9623,3.3285,0.16094,0.19582,-0.43093,-0.49948,-0.66208,-0.63745,0.42635,-2.2885,9.2523,0.12373,-0.054035,-0.051252,-0.51287,0.58848,-0.63322,-8.6425,8.9019,-1.3078,-0.54131,0.12293,0.3033,0.62542,-0.22758,0.25599,-1.3039,1.5915,-0.58586,0.26909,0.38398,-0.8867,0.45138,0.61109,-0.3482
3,10.33,-2.8624,0.95374,0.23602,1.6842,0.66061,-0.89717,0.32656,-0.51712,2.291,8.0382,3.0421,0.56271,0.6688,-2.2764,0.80811,-0.20331,0.29714,0.72994,-7.8427,6.1243,-0.40295,1.3618,1.8328,0.21174,0.43024,-0.54142,-10.45,1.5489,1.1698,-0.14191,0.57235,-0.97694,0.82883,-0.06846,-0.55967,-8.9884,-4.3523,-0.36601,0.7056,-0.14514,-1.8344,0.67633,0.71469,0.33326
2,8.5359,-1.3318,-0.2147,1.4505,-0.31961,-0.26859,-0.85029,0.20983,-0.4394,-5.2927,6.1086,2.5405,1.1315,1.521,-0.18546,0.099215,-0.53371,-0.436,3.2065,-0.96085,-0.86607,0.24344,-1.209,0.94207,0.2721,0.98694,-0.4923,-16.965,6.8174,1.3297,0.23023,-0.10774,-2.7367,0.91468,-0.29153,0.34287,-6.975,9.3745,-0.24643,1.9489,-1.2319,-2.5506,0.86796,0.84521,-0.36834
9,5.5796,1.0188,0.86519,0.045729,1.2393,-1.1453,-0.71055,0.41777,-0.75616,10.744,13.853,4.1381,1.1198,2.3662,-4.2041,-0.80129,0.14788,-0.58943,1.6232,-3.0271,9.2175,1.3532,2.5903,-0.6572,-0.35605,0.63464,-0.78099,-16.109,-1.0069,12.424,1.7632,-0.41418,0.61859,1.0099,-0.25287,0.50641,-25.704,11.856,3.4497,3.5376,1.237,3.1911,0.89281,0.64452,-0.32076
1,8.4917,0.62535,3.0534,-0.87243,-0.32245,-0.17139,-0.79854,-0.19461,-0.68781,0.53971,6.118,7.0033,-0.1062,-0.85581,0.28499,0.23842,-0.65816,-0.7176,1.3857,-5.1656,8.2486,0.090673,-0.67254,-0.64777,0.20119,0.52721,-1.0887,-14.525,0.93203,-0.99927,-0.061327,0.4632,2.2519,0.47947,-0.53896,0.15644,-10.771,-3.1302,-0.64998,-0.52157,0.30244,1.8628,0.35752,0.67494,0.02759
8,44.89,6.4414,-16.457,-5.6138,-2.5544,1.4288,-0.60088,-0.021107,0.17092,28.905,11.96,1.0943,2.3739,0.50059,0.26554,-0.42578,0.13477,0.10246,37.237,-0.20375,1.8236,-3.6392,1.0628,0.059013,-0.41304,-0.1615,0.092089,-17.917,-13.122,-18.52,2.0206,-1.4525,0.18759,0.35141,0.17134,0.062372,-25.616,2.1063,-2.9415,-2.6083,-2.3412,0.41074,0.3701,-0.13532,0.11162
6,9.35,-0.9826,1.8449,0.35819,0.17656,-0.27899,-0.90587,0.32726,0.23932,2.5269,1.1842,9.1867,0.063526,0.15836,-0.067897,-0.8533,0.012803,-0.72422,1.2727,-1.334,9.8649,0.037023,-0.23065,-0.039881,-0.55066,0.59568,-0.72849,-10.696,7.5281,-3.9606,1.3209,-0.2892,-1.5075,0.61152,-0.17033,0.33867,-5.8522,-7.2529,-2.4881,0.46355,0.092489,-1.5375,0.61591,0.54064,-0.18047
2,12.834,1.4668,2.5247,-3.3437,0.65129,-0.16757,-0.87386,-0.14427,-0.66414,1.5434,12.431,3.1513,2.0365,-1.6854,-2.2648,0.65075,-0.60387,-0.59725,-5.2576,-9.3975,3.972,0.01264,2.3205,-1.6242,0.35847,0.98748,-0.73838,-12.507,-14.467,-1.1281,0.56645,0.27547,3.1841,0.12586,-0.72531,0.092797,-26.218,-7.2964,7.8032,2.0649,0.36751,4.1165,0.59663,0.46913,0.069509
7,6.5887,0.5326,8.4358,-0.25693,0.5542,0.20013,-0.28996,-0.061113,-0.92475,-3.9144,9.1418,3.5512,-0.13681,-0.48006,-2.2358,0.68811,-0.42163,-0.52402,-4.8431,-4.4285,10.068,-0.44892,0.46541,1.5653,0.50418,0.038322,-0.82032,-3.0895,13.311,6.5892,0.75579,0.40212,-0.27067,-0.22882,-0.77958,-0.52085,-4.4452,-11.648,0.98013,-0.46677,-0.17713,0.67564,-0.056817,0.97154,0.048926
9,11.006,1.2859,0.39397,-0.39883,0.12506,-0.15074,-0.74755,0.44766,-0.1062,9.2476,4.5567,-0.41602,-0.56896,-0.3509,-1.3647,-0.38082,-0.52399,-0.51783,0.57474,-3.5112,10.794,-0.63793,-0.79184,-1.3308,0.35289,0.69132,-0.36401,-10.34,1.2946,2.4451,-1.0323,0.053154,0.19994,0.77007,-0.25345,0.33826,-10.455,-4.2175,0.40951,-0.27513,0.75158,-0.3139,0.71053,0.24739,-0.42308
9,4.2491,-0.05029,0.65848,1.0578,-0.61809,-0.13089,-0.70812,0.34857,-0.15027,-6.6981,5.8729,-1.4198,1.4271,2.1481,0.17785,-0.48291,-0.61587,0.016083,7.7169,-1.2898,-0.60967,0.73359,-0.95105,1.9759,0.13775,0.64731,-0.34659,-10.842,5.4484,1.3746,0.006494,-0.20245,-1.6921,0.68636,0.1203,0.37506,-0.92596,12.595,11.507,-1.7797,1.0102,0.55815,0.77575,-0.018979,-0.22765
7,9.1931,-0.41149,-4.5167,-0.37385,0.37023,0.02424,-0.92044,-0.14088,-0.25263,6.9129,3.6134,8.2272,-0.066282,0.38417,0.12423,0.13727,-0.18771,-0.91863,7.5036,-1.2492,7.7387,0.20821,0.56186,-0.1034,0.027288,-0.10224,-0.92674,-1.6228,9.4799,1.238,-0.10098,-0.032291,0.004735,-0.49147,-0.77748,-0.29198,-0.46178,-9.3331,0.84135,0.17258,0.029384,0.016313,-0.5903,0.77276,0.029552
5,6.7861,0.99884,7.3843,0.089521,0.04776,-0.16457,-0.64746,-0.206,-0.1092,4.3811,7.5465,-4.6216,0.073546,0.036207,-0.21035,-0.76595,-0.33885,-0.078478,5.8686,-7.8672,1.6275,0.029212,-0.078078,-0.066184,-0.90342,0.35842,-0.63741,-5.9638,14.132,5.0674,0.51295,0.42187,-1.1352,0.3418,-0.40081,-0.31846,1.8996,-4.3753,-4.9568,0.28522,0.97377,-1.3605,0.14803,0.40358,0.42076
0,8.2069,-0.21091,3.0257,-0.27806,-0.23238,-0.21342,-1.0165,0.020464,-0.63639,2.9393,7.1858,5.6069,-0.017305,0.27018,-0.27613,-0.33036,-0.60022,-0.85728,2.4463,-5.4368,7.1768,0.14244,0.23843,0.17206,0.078975,0.86111,-1.0858,-9.6566,-1.4091,-1.1875,0.16688,0.023935,-1.1856,0.49941,-0.47036,0.36833,-6.557,4.6734,-1.3971,1.0241,-0.093776,-0.068267,0.29651,0.72101,0.1486
9,21.987,-5.1041,8.4572,0.46274,0.13139,0.12013,-0.62907,-0.42442,-0.47864,-14.864,-8.9643,9.8956,-1.8047,-0.95949,-0.55462,0.78433,0.39337,0.18246,-8.601,11.907,-12.399,0.75249,1.0344,-0.45365,0.031295,-0.82126,0.31801,-21.369,-5.5533,2.8766,1.9655,0.108,0.1556,0.64987,-0.025492,-0.48328,-20.699,3.9122,1.0087,0.098515,0.088564,0.26643,0.65759,0.32203,0.57323
0,7.6542,0.056801,4.1829,0.20739,-0.21677,0.026406,-0.61279,0.18726,-0.63354,7.9154,1.2789,0.27083,0.36684,0.49954,-1.6492,-0.35719,-0.039503,-0.93562,8.0967,-2.5792,3.0347,-0.60228,-0.4803,-1.2943,-0.61996,0.71498,0.40067,-6.1497,5.0098,0.1777,1.5227,-0.28568,-0.47206,0.37117,-0.72663,0.35917,-9.9036,-3.303,-1.0265,0.10695,0.28556,1.1119,1.0951,0.33148,-0.1706
6,8.8004,-0.23675,1.1758,0.11829,-0.30161,-0.3765,-1.0203,0.4677,0.16759,-0.79563,9.2748,4.7155,0.032859,0.16862,-0.41705,-0.58789,-0.59998,-0.63015,1.7613,-1.9179,9.0777,-0.043744,0.055191,-0.086228,-0.56744,0.54855,-0.65447,-9.8984,8.761,0.56195,0.73793,-0.19716,0.51097,0.61725,-0.21898,0.25162,-1.8914,-1.5067,0.88893,0.27665,0.10393,-0.37176,0.46,0.61262,-0.36413
4,9.6334,-0.001197,2.8925,0.79003,0.097405,0.19695,-0.76214,-0.22865,-0.49707,-4.0654,9.1868,6.0872,0.445,-0.44355,0.87834,-0.22348,-0.57268,-0.44488,2.3164,-6.2418,7.3809,-0.24578,0.01629,-1.3124,-0.12785,0.41944,-1.1352,-9.2095,1.2819,-1.5975,-0.49818,-0.18226,-0.23195,0.66653,-0.049565,-0.055251,-7.3473,-2.6848,-1.0236,-0.65211,0.03488,0.25927,0.37843,0.41774,0.15432
2,0.18771,1.3822,-0.77515,0.63974,-0.093572,-0.54047,-0.86533,0.19071,-0.42404,-6.8867,1.8207,-0.045675,2.5735,0.9092,-1.1994,0.039462,-0.41616,-0.52038,2.2291,6.1386,-0.76726,-1.2567,0.29508,-2.8821,-0.050806,1.0772,-0.43227,-2.7476,8.0555,0.74275,-1.0677,-0.6056,0.17545,0.99825,-0.033876,0.2626,-4.4393,-14.833,-1.8796,5.3416,0.9238,-0.4328,0.91189,0.84922,-0.2828
9,8.8603,1.1575,0.61131,1.6564,-0.097563,0.7191,-0.75183,0.43756,0.29218,6.6003,4.8609,0.37325,0.88422,0.5265,-3.1556,-0.76486,-0.27523,-0.33252,-1.5275,-5.4307,-5.3189,2.1705,-2.9028,3.0932,0.037365,0.88335,0.21796,-8.3151,-4.7125,2.6123,-5.7705,-1.458,-0.41139,0.79709,0.43034,0.23424,-8.8984,-5.8853,-0.59274,-0.14263,-1.0748,-0.34576,0.78233,-0.20073,-0.40458
4,11.715,-1.0217,4.7659,0.98561,0.26294,0.14468,-0.75187,-0.21587,-0.46831,-4.1105,6.6191,6.9822,-0.26277,-0.078944,0.31158,-0.074838,-0.62523,-0.66018,1.384,-8.5715,7.0081,0.51705,-0.59626,-0.97245,0.32011,0.41779,-0.86043,-12.665,0.4283,-0.39959,0.59905,0.049198,-1.7751,0.62824,-0.20605,-0.13537,-10.904,-4.9804,-1.2723,-0.32716,0.57809,-1.7694,0.40312,0.41823,-0.035375
3,5.279,-1.1572,2.8508,0.26006,-0.29517,0.23058,-0.65881,-0.13377,-0.67231,8.6438,1.5257,4.2029,0.10242,0.85734,-0.49707,-0.033599,-0.66042,-0.63654,8.254,-2.4829,2.6938,0.13914,-0.33026,1.4908,-0.2908,0.39654,-0.59284,-7.2236,2.8971,-0.74374,-0.29037,0.43749,-0.98704,0.84841,-0.048945,-0.41873,-6.4845,-0.97608,1.164,0.16529,0.16023,-1.5977,0.89934,0.54286,0.12191
9,9.1573,0.47881,2.5701,1.597,-0.21211,0.60974,-0.9541,0.079898,0.3588,2.5926,10.943,3.4689,4.3866,1.1116,1.4801,-0.75597,-0.19711,-0.611,5.8383,-5.0863,1.2799,3.9638,-2.5782,3.0705,-0.99579,0.24963,-0.19084,-9.2868,0.005564,-2.9591,-0.41864,-0.20983,-1.0376,0.87116,0.65096,0.11535,-8.9011,0.88533,-0.35451,-1.2848,-0.12589,-0.40341,1.0269,-0.20369,0.12705
8,-1.3844,0.13086,-2.9348,1.1732,0.2086,-0.25731,-0.78684,0.36933,-0.26395,2.5559,2.2581,0.32198,0.35573,0.71531,0.45639,-0.59158,-0.16409,-0.34321,8.713,5.8488,2.6633,-0.25362,0.18413,-2.7682,-0.77333,0.29789,0.063616,-5.7795,1.4794,-6.5985,-1.0118,0.5044,0.17897,0.6763,-0.18525,0.54915,-3.5804,-1.3596,-0.52011,0.68097,0.074607,-0.8849,0.59498,0.25565,-0.35626
5,10.161,-0.33585,1.6125,0.11038,0.061862,0.12434,-0.57868,-0.27033,0.19977,-0.096378,8.1179,5.9258,0.035921,-0.013496,0.033773,-0.13634,-0.56305,-0.069444,1.104,-4.1297,8.0402,-0.098353,0.000461,-0.029244,-0.39847,-0.015786,-0.63734,1.236,5.9958,-0.28062,-0.61872,-0.25508,1.717,0.16964,-0.60881,-0.319,-4.4863,-15.049,0.48747,-0.70086,0.4739,1.3078,0.26437,0.39028,0.20099
2,-3.7126,1.1655,-0.72029,0.18204,-0.034804,0.2883,-1.0524,-0.070626,-0.60639,-15.745,-2.718,-1.9322,-0.90795,1.0562,0.016121,0.10986,-0.79632,0.30639,9.1407,0.92944,0.16226,0.30152,-1.6728,-1.3355,0.82756,0.54256,-0.72017,2.8438,15.801,-6.7822,0.4906,0.50488,1.2826,0.68145,-0.17505,0.36845,3.0531,-6.6685,2.6215,-0.8113,-0.24867,3.2033,0.49225,0.58828,0.10788
1,10.121,-0.78994,1.6692,-0.001557,-0.31521,-0.040716,-1.0823,0.13346,-0.41701,0.06604,7.4386,6.1122,-0.10969,0.25432,-0.87837,-0.1276,-0.56886,-0.8074,0.45848,-6.7175,8.032,0.13974,0.37256,0.44381,0.26959,1.0005,-0.76561,-8.7072,4.3428,-4.2805,0.023237,0.10544,-1.1539,0.68901,-0.34659,0.37233,-8.1044,-10.301,-4.1069,-0.72274,0.63299,-0.32067,0.25082,0.76758,0.14316
9,7.4357,0.80177,3.3682,-0.21365,0.23874,-0.33294,-0.49873,-0.31872,-0.77629,-4.4429,8.0226,7.5142,0.078932,-0.15438,-0.58142,0.77289,-0.4912,-0.41019,-5.8729,-4.2715,6.5603,0.43823,0.31554,-0.087343,0.80863,-0.021509,-0.51726,-9.94,1.7835,-0.55339,0.13628,-0.060743,-0.16255,0.8195,-0.41478,-0.39122,-9.306,-1.4755,-1.2595,0.28873,-0.17532,0.32729,0.83162,0.50876,0.42713
4,-5.1059,4.2636,2.1853,-0.93149,-0.95107,-0.12369,0.6246,-0.27557,-0.49431,4.0628,8.4809,-1.411,0.68099,-0.010252,-0.52191,-0.31298,-1.2266,0.21573,-4.5965,-10.009,2.1624,-0.2538,-0.54318,1.588,-0.031629,0.72921,-0.46692,-8.9771,4.0606,1.0541,-0.17903,0.57748,-1.6047,0.54787,-0.28919,-0.13611,-8.4973,0.95912,-0.82408,-1.1744,0.37069,-1.6469,0.59139,0.32381,0.13673
5,8.4347,1.1469,5.8066,0.087108,0.95646,-0.3855,-0.63919,-0.14305,-0.027366,6.2548,4.534,6.5354,0.012749,0.12149,-0.061257,-0.88676,-0.059798,-0.17766,6.0448,-4.8385,6.254,0.045455,-0.19354,-0.097863,-0.79022,0.01634,-0.64644,-5.1069,13.115,-3.7871,-0.12198,0.026289,-1.2593,0.42094,-0.50369,-0.037498,2.0042,-3.5213,1.2618,0.48616,-0.25297,-1.7731,0.021687,0.62865,0.090069
6,9.9362,-1.2258,0.47804,0.19654,0.061587,-0.095403,-0.75082,0.31776,0.31704,1.0292,4.6246,8.9821,-0.022162,0.00967,0.27876,-0.43791,-0.15013,-0.65304,1.7543,-1.3315,9.6367,0.010435,-0.1197,0.14683,-0.46888,0.50289,-0.54999,-5.0309,7.3621,-4.2504,0.76205,-0.54878,-1.6071,0.51639,-0.35653,0.39155,-7.0678,-6.7361,-7.0913,1.0853,0.25912,-1.0618,0.61828,0.4257,-0.005925
2,44.127,-10.44,2.4611,2.7687,-0.40546,0.14633,-0.99547,0.21405,-0.39956,4.249,12.322,-1.2455,-0.69092,0.54342,-0.65876,-0.65475,-0.61918,-0.2665,7.1857,-6.4544,3.1138,-0.73202,-1.3103,-0.26695,-0.45207,0.70533,-0.95809,-46.615,8.0591,-3.5606,-2.1198,1.8531,-3.6158,0.65171,-0.65346,0.088798,-24.934,8.204,3.2379,1.1885,0.77714,-5.0507,0.86906,0.55679,0.17369
0,13.418,-1.2609,3.5168,-0.58954,0.41009,-0.1228,-0.79693,0.21113,-0.61776,4.1868,9.8063,0.59281,0.030786,0.3073,0.47165,-0.46075,-0.3951,-0.52255,5.0693,-5.6433,7.4748,-0.1176,-0.22087,0.10625,-0.11422,0.72595,-0.92476,-16.033,-6.7951,5.3039,-1.9791,-0.12606,-2.0674,0.52999,-0.7057,-0.13292,-12.197,-7.7043,-3.0817,0.13961,-1.0399,-0.34528,1.1357,0.1335,-0.084474
6,9.2192,-0.83835,2.4894,0.53884,-0.21314,-0.63166,-1.0125,0.49989,0.10791,-0.10934,7.7297,5.3015,-0.009805,0.13104,-0.27602,-0.60569,-0.51097,-0.67614,1.6827,-2.0829,9.6423,0.26265,-0.1721,0.08672,-0.52475,0.54529,-0.67705,-11.399,14.269,1.4945,-0.18395,-0.10804,-0.51226,0.61453,-0.22811,0.25928,-5.0229,-0.73163,0.54539,0.47192,0.000688,-1.6576,0.48382,0.57451,-0.35755
1,4.9685,-2.8799,5.0752,0.30574,0.050491,0.1148,-0.5866,0.40397,-0.72796,0.99225,9.0881,2.1621,0.20008,0.74448,-0.35818,-0.09106,-0.5751,-0.49081,2.1441,-5.8182,6.7205,-0.17473,0.15937,0.044451,0.28435,0.64698,-0.87653,-9.6877,2.7541,-1.2465,0.334,0.44106,-0.48604,0.71038,-0.5803,0.083781,-8.1432,5.0956,1.5821,2.5019,0.53709,-1.8759,0.58437,0.77596,0.030935
3,9.0496,-0.98428,0.4376,-0.27316,0.25919,0.25531,-0.76185,-0.004503,-0.58518,1.9013,6.21,6.3384,-0.16296,0.37869,-0.91598,0.91865,-0.040378,-0.13931,-0.64766,-5.734,8.1429,0.01412,0.79972,1.0132,0.37572,0.24142,-0.53972,-10.708,-2.6914,-1.2897,-0.11671,-0.35601,-0.5954,0.90543,-0.19551,-0.39225,-7.4168,-6.4935,-0.16604,0.31141,-0.36522,-1.7976,0.51128,0.85988,0.17318
3,9.1854,-0.18169,1.0308,-0.42372,0.10509,0.053029,-0.75257,0.022413,-0.53252,5.7756,6.8481,3.9795,-0.1859,0.18325,-0.79846,0.16151,-0.35347,-0.13155,4.5186,-5.0932,5.7586,-0.009956,0.49631,0.79499,-0.001574,0.469,-0.68082,-9.0064,3.2759,-1.695,-0.61254,0.1576,1.5525,0.56027,-0.73555,0.055556,-9.2404,-1.3605,-2.5699,-0.24905,-0.17654,0.66506,0.82236,0.46945,0.1517
9,17.112,-0.19157,10.936,-0.9927,-0.57346,-0.27626,-0.55215,-0.54806,-0.5626,0.30081,2.0519,3.2341,3.1627,-0.95006,6.6055,0.82249,-0.26082,-0.43848,-1,-4.2535,9.1909,-3.6744,-3.5663,-5.2662,0.41574,-0.34776,-0.76882,-17.181,7.7599,-3.5756,2.6294,0.54122,-0.25704,0.76127,-0.34995,-0.4514,-19.346,-0.7084,-1.2412,-0.53038,-1.4565,1.4638,0.58363,-0.33119,0.65306
6,7.6042,-6.6553,1.461,0.098095,0.20342,-0.31777,-0.4102,0.85554,0.12205,12.047,2.9484,-0.29588,-0.42178,-0.3603,0.18636,-0.77998,0.22749,0.23902,10.465,-5.59,-0.55639,2.7808,-0.51132,0.50832,-0.67595,0.19873,0.469,-10.723,3.7282,-1.8136,-1.2025,-0.47899,2.4179,0.70144,-0.07621,0.19864,-10.506,-10.444,-2.9151,-0.21804,-0.16554,2.3568,0.60147,0.44872,-0.12365
0,11.483,-0.34611,3.6262,0.3625,-0.071567,-0.19166,-1.0506,0.058242,-0.56568,1.7341,8.1239,6.2018,-0.085429,-0.26375,-0.62592,-0.30926,-0.65172,-0.80295,1.4683,-6.7005,7.7354,-0.13717,-0.048867,-0.008491,0.11555,0.93973,-0.94971,-12.346,2.0969,-2.2897,0.61106,0.026464,-0.59591,0.63062,-0.31823,0.40553,-12.021,-9.9608,-2.1977,-0.61097,-0.073641,0.33199,0.36401,0.65328,0.20172
6,9.0049,-2.7591,0.79968,-0.076939,-0.28877,-0.043925,-0.90543,0.60697,0.24565,-0.50345,8.3419,3.9193,0.11267,0.20854,0.013953,-0.57549,-0.5836,-0.65132,0.095913,-2.5148,9.5923,-0.083461,0.12426,0.007029,-0.40041,0.60303,-0.65994,1.8242,-0.38663,-0.43619,0.75765,0.43194,-0.79135,0.46298,-0.60832,0.22853,-9.5533,-9.4244,-1.9145,-0.70501,0.34888,-0.90948,0.60677,0.35542,-0.39169
8,21.596,-1.4467,4.5346,1.1784,0.93161,-0.17309,-0.78083,-0.369,0.15917,20.201,1.8632,2.5496,0.83912,-0.77348,-0.18881,-0.63954,0.019085,0.44224,21.978,-0.86411,2.2516,-1.5217,-0.83252,0.26246,-0.49629,-0.50299,-0.026105,-23.682,-3.7324,0.10627,0.39551,-1.4125,-1.6376,0.52685,0.064914,-0.47244,-22.189,1.578,-4.1885,-0.13034,-1.0785,1.8887,0.48427,-0.33997,0.47193
2,6.8191,-0.13537,1.5907,1.1484,-0.12701,0.054215,-0.71151,-0.004224,-0.53907,-6.2479,8.3324,-4.3504,1.0428,3.0458,-0.081078,0.11942,-0.63106,0.095787,6.9599,-3.5382,0.10623,0.38757,-0.92316,0.61332,0.20588,0.86436,-0.48735,-10.099,1.579,-4.2694,1.3601,-1.6729,-1.9666,0.78299,-0.24768,0.35656,-2.1465,12.023,2.9468,4.8194,-0.66109,-0.41813,0.89633,0.73504,-0.29982
1,7.2533,-0.16822,2.2158,1.1199,0.37212,0.33811,-0.53904,0.19361,-0.77547,0.34839,9.8104,0.7471,0.24444,0.38655,0.23526,-0.16094,-0.59182,-0.47339,3.6386,-4.5619,6.0563,0.27659,-0.38869,-0.17375,0.16773,0.62003,-0.87346,-15.574,-0.30454,-1.7441,0.5904,0.73389,2.2721,0.81175,-0.48702,0.13028,-8.9794,-0.41672,-1.7414,-0.50042,0.24334,1.9091,1.0009,0.54328,-0.21746
7,7.7724,0.95061,6.0453,0.047913,0.13388,-0.063111,-0.41361,-0.17571,-0.85457,-2.1523,0.52686,10.483,0.19042,0.55459,-1.2609,0.44572,0.25615,-0.82633,-0.14266,-0.94308,10.004,-0.073919,0.49029,1.1225,0.26469,-0.36298,-0.84371,-2.3304,8.0229,1.3373,-0.25643,0.099923,-0.91075,-0.30263,-0.88172,-0.23327,-1.5812,-7.5727,1.3172,0.15694,-0.059883,0.95048,-0.35054,0.9071,-0.029294
3,11.863,0.86693,2.2345,-0.39849,0.74836,0.40011,-0.74799,-0.20707,-0.55753,7.1187,7.543,3.8876,-0.82173,-0.68891,2.0261,0.053657,-1.0267,-0.43572,7.2876,-1.6103,5.7467,-0.21215,-0.87907,-0.60762,-0.16349,0.35577,-0.64809,-12.652,3.6061,0.77369,1.2612,0.5671,-2.366,0.95154,-0.39746,-0.42363,-13.539,0.63103,-0.1925,-1.0394,-0.20113,-0.56473,0.74825,0.23362,0.50332
2,1.0137,-0.072573,0.10204,-0.72761,-1.4406,0.44939,-0.83918,0.28292,-0.44672,4.3564,-5.0233,-1.8646,0.056649,-0.57444,2.8283,0.28363,-0.5941,-0.47568,-6.5355,-4.9182,1.8081,-0.1617,-0.075765,0.97521,-0.61479,1.0624,-0.081588,-3.7634,8.5573,-1.7095,-0.62016,2.2642,0.64455,0.5796,-0.57643,0.43589,0.51935,-17.096,2.1052,-0.27177,-0.88216,0.22079,1.2305,0.25775,-0.21892
9,9.1417,-4.9702,2.0758,0.23477,-0.69879,0.35102,-0.64326,-0.14123,-0.62564,24.843,-3.1471,6.2819,10.645,-5.9502,6.0719,-0.067826,-0.48209,-0.76923,2.81,-10.09,5.6882,-0.22342,-0.61246,-0.66922,0.041353,0.58503,-0.6954,-9.902,-2.5594,-6.0995,-0.6368,1.2406,-0.3486,0.72024,-0.55578,-0.24771,-9.7463,0.5941,5.4562,0.23797,0.24262,-0.029553,0.68912,0.59269,-0.069243
6,10.088,0.009673,0.61652,0.19208,0.036351,-0.097869,-0.77759,-0.000154,0.37159,1.875,1.2319,9.5568,-0.037319,-0.032495,0.001108,-0.48753,0.078035,-0.60279,0.71433,-1.4256,9.7953,0.023678,-0.029921,-0.028065,-0.45148,0.45556,-0.6094,-4.1935,1.9111,-1.4571,2.1102,0.92883,-1.8705,0.69016,-0.24194,0.20203,-7.2161,-10.185,-3.253,1.3292,0.11898,-1.284,0.62567,0.34774,-0.20835
6,8.673,1.5672,3.1883,0.28563,0.32409,-0.55663,-0.83364,-0.009175,0.21278,-6.9208,9.6176,-1.2117,-0.17632,0.61473,-0.64439,0.19506,-0.77971,0.094997,1.2171,-1.578,9.3164,0.15655,-0.27375,-0.13426,-0.47985,0.49045,-0.57103,-14.542,6.9591,-2.7501,0.3234,-0.38627,-1.8755,0.62791,0.097802,0.20525,-4.7334,-5.2879,-1.0027,0.14182,0.25044,-1.9147,0.51324,0.57373,-0.2022
9,8.4045,-0.1496,0.8659,0.18608,0.26634,0.96211,-0.69367,-0.25374,-0.43495,7.544,8.8164,-5.0975,0.41621,6.9103,2.4884,0.032627,-0.63901,0.52351,-3.4308,-1.9514,1.367,0.4493,0.36594,-1.1373,0.18456,0.20422,-0.80046,-4.8999,6.5546,-5.7487,-0.058307,3.1041,0.25198,0.72138,-0.42464,-0.17498,-12.006,-13.596,6.0401,-1.0141,0.001191,0.40113,0.59492,0.15346,0.58482
0,9.3134,0.71115,0.64282,-0.52529,0.71544,0.20239,-0.79339,0.092414,-0.55754,11.05,3.9836,0.87563,-1.2487,0.38216,-1.9559,-0.20465,0.15605,-1.3737,8.9153,-1.1517,2.5804,-0.46546,-0.14007,-1.2013,-1.1841,0.5755,-0.29976,-10.478,-4.5655,-0.19623,0.15567,0.79251,2.1684,0.81285,-0.29657,0.39093,-9.1805,-1.4768,-1.6291,0.37485,0.32422,1.2589,1.0234,0.74935,-0.30094
0,9.562,-0.93124,1.7151,0.68174,0.082964,0.42233,-0.65828,0.1374,-0.60159,11.61,5.1397,-0.59793,0.7375,0.53605,1.8948,0.22014,-0.037586,-0.94956,10.608,-5.0815,6.1561,0.22239,0.86461,0.50258,-1.2905,0.75805,0.31069,0.79483,-22.726,-5.1547,-0.75741,-0.50753,-0.346,0.44769,-0.64212,0.30554,-10.11,-3.6166,0.55703,-0.86838,-0.39419,-2.4042,1.109,0.49113,-0.10298
4,6.8356,1.2728,-0.29536,-0.86256,0.047813,-0.11806,-0.83078,-0.20122,-0.44518,-0.83538,8.9234,3.7865,-0.60809,0.10949,-1.9513,-0.49234,-0.58564,-0.30658,6.2108,-5.8004,6.3118,0.17486,0.77885,1.2219,-0.010006,0.67443,-0.84419,-8.3937,-0.87674,-0.82791,0.2152,0.32436,1.5907,0.59759,-0.34604,-0.096215,-8.3614,-3.6272,-2.517,-0.93872,-0.36854,0.83801,0.52531,0.35404,0.28671
1,10.43,-2.6778,3.181,0.21185,0.85066,-0.05763,-0.65634,0.26966,-0.70933,2.4187,9.8704,0.98402,0.085152,-0.31057,0.096853,-0.3463,-0.51466,-0.44425,2.4588,-7.0275,7.341,0.22497,-0.29685,-0.72092,0.12786,0.77642,-0.80956,-10.732,9.095,1.4845,1.1572,-1.0678,0.106,0.85675,-0.33749,0.14977,-11.826,-12.66,1.2223,1.2935,-0.1979,1.2865,0.84397,0.62208,-0.1125
8,-0.91931,-0.27747,-0.55054,0.14439,-0.10454,-0.031533,-0.4351,-0.000847,-0.68098,-0.66085,0.83396,-0.97642,-1.015,-0.40214,-0.19608,-0.52201,-0.43095,-0.30285,-0.17619,0.27705,-1.0807,-0.088577,-0.16849,0.21179,-0.49006,0.34557,-0.43625,-0.74586,4.3293,-1.8193,-0.67813,-0.08406,0.57782,0.63795,-0.30393,0.054215,-1.0641,-3.6371,-0.017285,0.74217,-0.004379,-0.28214,0.62399,0.23218,0.29226
3,7.2398,2.1576,-1.0901,-0.16451,0.21107,0.11567,-0.90131,-0.092643,-0.35551,4.1148,6.6036,5.1971,0.06987,0.41023,-1.1554,0.5792,-0.46106,0.061925,4.6644,-5.2495,5.9673,-0.018464,1.0206,0.97989,-0.080812,0.44794,-0.65453,-8.9639,0.77878,-2.149,-1.6748,-0.91668,1.8074,0.85637,-0.34936,-0.20104,-7.5377,-3.7632,-1.2034,-0.4285,0.065351,1.0474,0.58974,0.65072,0.59075
5,9.2265,0.009503,2.5332,-0.30603,-0.06553,0.2048,-0.58129,-0.20788,0.16057,2.3224,0.75373,9.6895,-0.075966,-0.13395,0.02488,-0.26971,-0.16826,-0.24674,1.3033,-0.97986,9.5035,-0.095205,0.066266,0.058674,-0.62107,-0.1214,-0.52306,4.891,5.3363,1.0283,0.53086,-0.058175,0.24619,0.15084,-0.61087,-0.3027,-2.3961,-13.027,-4.7085,0.28221,0.10632,-0.04729,0.44234,0.25138,0.27632
2,2.0318,-1.1616,-3.77,2.1958,0.01696,0.58199,-1.1627,0.19491,-0.40488,8.2031,2.6022,0.068354,4.4713,0.99008,4.3654,0.67012,-0.75411,-0.60006,-4.5475,-8.6745,3.4593,1.7125,-0.9667,4.7566,0.38344,1.2105,-0.37543,-31.319,23.188,1.9625,-0.62669,2.147,2.4708,0.21723,-0.71537,0.26765,-4.4623,0.15849,-4.2331,-1.1564,0.8268,-2.7407,0.83276,0.36156,0.016059
4,5.6204,-0.9895,-1.762,1.3549,0.63853,-0.40779,-0.99898,0.027047,-0.24368,1.3936,3.9988,2.1765,-0.4287,1.3252,-2.0916,-0.096865,-0.83589,-0.65656,-5.8192,-7.4973,3.8137,-1.9307,0.36755,3.4249,0.17665,0.37252,-0.71721,-10.784,2.5132,-0.67499,-0.64455,-0.41999,-2.0025,0.53904,-0.29232,-0.13171,-9.5404,-0.87673,-0.85227,-1.1045,0.79898,-2.9494,0.48908,0.33366,0.19391
4,3.3111,0.29525,0.11078,-0.53852,0.31745,0.21185,-1.0381,-0.15092,-0.27556,-7.4843,9.1473,2.5908,-0.10386,-1.1284,-1.2792,-0.1758,-0.64673,-0.20993,1.9596,-3.9599,6.5354,0.98998,0.43326,-0.019743,0.27149,0.5642,-0.90504,-4.7572,2.3895,2.2076,0.78895,0.15331,1.922,0.61609,-0.2279,-0.097449,-6.2061,0.90159,-1.7279,-0.46932,-0.3702,2.0379,0.38622,0.40365,0.14253
5,9.516,-1.3151,1.6135,0.13537,0.019455,-0.2675,-0.6034,-0.22058,0.18589,0.58241,7.4075,6.0323,0.09719,0.064633,-0.11466,-0.16626,-0.55083,-0.084556,0.75672,-4.6455,8.7297,0.098607,-0.04642,-0.084931,-0.40678,-0.015637,-0.6322,-4.9856,10.657,-0.95993,-0.038936,-0.35697,0.2716,0.34296,-0.50602,-0.15501,4.551,-5.7468,1.5392,-0.27708,0.11173,0.22527,0.021614,0.61866,0.10169
9,9.163,-5.1894,5.2937,-0.2023,0.42631,0.017673,-0.5595,0.2041,-0.7973,-0.83154,8.112,6.2172,0.15055,-0.63699,0.12956,0.49857,-0.55125,-0.67628,-1.0376,-8.2607,6.5618,0.085335,0.68054,-1.2819,0.45933,0.69965,-0.5128,-10.342,-1.0392,-1.793,0.17718,0.24009,-0.088439,0.91644,-0.47483,-0.076389,-11.01,-1.8961,-2.0801,2.1012,0.37643,-1.2812,0.76973,0.73808,-0.11612
0,8.1082,1.2959,2.3752,-0.55901,0.02606,0.23377,-0.62435,0.022445,-0.63146,9.5131,2.3776,-1.4098,-0.56624,0.89532,-1.2865,0.021351,-0.047614,-1.017,8.6675,-2.1584,3.9092,-1.2542,-0.9097,-1.5395,-1.1568,0.87897,-0.56027,-9.0265,-2.9876,-1.1858,-1.2227,0.16094,1.6076,0.47774,-0.55902,0.33863,-10.534,1.0607,-0.52892,-1.058,0.2914,1.2846,1.0041,0.66544,-0.17857
5,7.8969,-1.3044,4.846,-0.13967,0.10999,0.070025,-0.65953,-0.042792,0.017009,0.16058,5.481,8.3974,-0.055359,-0.091758,-0.003435,-0.19876,-0.39521,-0.30158,0.087747,-2.5718,9.5884,-0.09339,0.012504,-0.098254,-0.5054,-0.085167,-0.61461,4.6853,3.3647,2.3171,-0.15075,-0.111,0.25965,0.10262,-0.66297,-0.14835,-1.1752,-13.592,-0.5986,0.70861,0.35081,-0.42373,0.43838,0.34724,0.17691
9,11.65,-1.8846,0.19922,2.7066,-0.65958,0.58288,-0.76277,0.3226,-0.004844,9.0357,5.6405,-0.7116,1.4239,0.69383,1.6575,-0.7079,-0.30337,-0.2289,7.8658,2.9006,0.43519,3.9974,-8.0289,0.30868,0.11594,0.63209,-0.46952,-10.458,2.9027,-1.9704,-1.4785,0.09015,-0.28142,0.71896,0.10773,0.43254,-8.9519,3.1794,-4.7019,-5.5676,-0.10693,0.43056,0.7459,-0.16884,-0.32259
7,9.3329,-0.96596,2.1289,0.008236,-0.36344,-0.062965,-0.68898,0.11,-0.73481,-2.0332,-1.8805,8.4203,0.11535,-0.33898,0.34742,0.63977,0.40322,-0.6122,-3.531,0.44933,7.6349,0.007369,-0.3449,-0.49432,0.67479,-0.37893,-0.58709,1.5702,9.1135,0.84012,-0.10849,0.025346,0.41358,-0.64204,-0.70596,-0.20985,2.304,-9.3446,-0.67967,0.014578,0.11266,-0.40523,-0.71035,0.67037,0.086298
2,0.92971,-2.8193,2.3505,0.93029,-0.93778,-0.43726,-0.75697,-0.001623,-0.67906,3.7264,6.18,0.21303,0.80013,0.50086,0.014043,-0.55727,-0.70329,-0.25369,7.3524,1.1047,4.8523,-0.80095,-0.4357,-0.82442,-0.50849,0.38873,-1.0017,-0.25783,32.923,-0.81585,2.0656,-1.2666,-0.88854,0.89864,-0.16985,0.15435,5.5224,-2.5925,-6.067,0.28502,-1.8385,2.2209,0.83307,0.6237,-0.18993
6,9.3721,0.17854,1.7897,0.20989,-0.28855,-0.3598,-0.85673,0.31744,0.2065,-0.77888,5.0476,7.2861,0.26032,0.33775,-0.20074,-0.40706,-0.17659,-0.78715,0.10014,-2.205,9.2258,0.015235,-0.20807,0.015338,-0.36152,0.51525,-0.65825,-10.075,10.51,-4.4876,1.1487,-0.57311,-1.3805,0.54386,-0.10597,0.37425,-4.8129,-6.0182,-1.1913,0.82404,-0.21832,-1.9572,0.50252,0.4915,-0.35533
6,8.7934,-1.0539,-1.0257,0.29493,-0.32417,-0.19474,-0.95537,0.44919,0.40264,-1.5959,5.513,7.041,0.11987,0.003734,-0.13738,-0.45208,-0.35201,-0.86754,-0.4881,-0.93091,9.5017,-0.12719,0.17222,-0.010574,-0.45313,0.4894,-0.79627,-8.5423,10.076,-3.1321,-0.22364,-0.72523,-2.2029,0.4647,-0.44971,0.36118,-5.5457,-8.848,-2.7428,0.88236,0.55238,-2.5976,0.4565,0.72309,-0.25161
5,9.2542,-1.8667,3.0347,-0.072711,0.015394,-0.061466,-0.61644,-0.10957,0.098001,6.9007,4.7392,5.4841,0.058219,0.076381,-0.086376,-0.89334,0.071,-0.20479,5.4452,-5.9406,5.332,0.1367,-0.083642,0.070073,-0.79108,0.16612,-0.66784,-2.0408,4.4824,-1.8122,1.1037,0.87412,-2.746,0.433,-0.49951,-0.16105,-1.8655,-9.3821,-1.662,0.38505,-0.42371,-2.113,0.27122,0.4807,0.23267
9,8.9718,-6.8747,1.2427,1.2629,-0.04306,0.046223,-0.73769,0.5632,0.09567,-5.6343,6.9757,-4.2235,3.1763,0.99573,-1.0721,0.15125,-0.8705,0.084849,-1.396,-7.4179,-8.4569,-0.11101,-0.83364,-0.18369,-0.24415,0.49319,0.73973,-14.15,1.7897,0.22694,-0.79121,0.31544,-0.85881,0.73864,0.44157,0.322,-10.216,4.4181,2.2229,-2.6584,-0.82598,-1.9506,0.75229,-0.21394,-0.52577
9,10.723,2.6142,3.6047,0.83958,0.48125,-0.006854,-0.71636,-0.23832,-0.60481,5.4738,7.6601,-8.2087,0.53787,1.2205,-0.26062,0.055912,-0.60933,0.75731,2.8084,-11.302,8.1321,-0.57293,-0.69247,0.063032,0.20613,0.67287,-0.68269,-15.223,2.728,6.0531,-0.22536,0.091455,-0.6351,0.5202,-0.58847,-0.52807,-9.6876,0.35995,-0.82093,0.15749,0.4106,-0.021825,0.79611,0.50788,0.39064
9,8.8597,-1.0012,2.5096,0.53856,-0.18544,0.35158,-0.98366,-0.17983,0.01796,3.5907,6.3104,-2.1343,1.6956,-0.96303,0.39147,-0.89886,-0.17688,0.48136,10.054,-3.5231,2.6087,-0.076739,-0.64314,0.26534,-0.95244,-0.005527,-0.41506,-11.666,2.0308,1.3363,-0.42757,0.015504,0.28248,1.0408,0.14315,-0.46113,-9.3978,-1.4186,-1.2832,0.001919,0.25269,-0.35459,1.0473,-0.11043,0.44653
7,9.7105,-0.4682,1.0307,-0.14244,-0.2365,-0.018118,-0.76601,0.090796,-0.64343,1.1998,-0.33107,8.7971,0.22467,-0.90299,0.45278,0.48474,0.2346,-0.78938,0.24069,-1.2909,8.7003,-0.25233,-0.82343,-0.63073,0.52515,-0.16184,-0.78065,2.0271,9.128,1.3896,-0.054069,0.058396,0.195,-0.70009,-0.63248,-0.24677,2.724,-9.1904,-0.47043,0.11938,0.15782,-0.13675,-0.76158,0.61186,0.044302
4,10.334,-1.5572,4.5258,0.74918,-0.018451,0.070777,-0.73383,-0.10554,-0.48472,-7.9468,8.1326,1.4038,0.008894,0.2414,1.0231,0.089641,-0.67083,-0.31199,-1.7674,-6.2187,7.6802,0.3648,-0.85133,-1.4985,0.46917,0.43001,-0.87621,-10.818,0.62722,-3.7828,-0.56597,-0.36144,-1.1001,0.67461,-0.19063,0.087015,-6.0066,-3.503,1.5905,0.46672,0.30273,-0.21789,0.29594,0.51976,-0.008668
3,6.5244,0.96203,0.46842,0.22477,-0.2595,0.098434,-0.76153,-0.075205,-0.58144,3.5928,6.2955,6.0515,-0.12544,-0.72346,1.0342,0.746,-0.24845,-0.29894,3.265,-3.1122,8.102,-0.70051,-0.93696,-0.01254,-0.001346,0.19215,-0.73885,-5.8358,1.7683,-4.499,1.0962,0.009399,-1.6452,0.82263,-0.37682,-0.23224,-7.8337,-4.9609,-1.5183,0.52627,0.40531,-1.1869,0.78187,0.44785,0.41848
5,7.8893,-1.5988,4.374,-0.30308,-0.64645,0.13868,-0.65923,-0.054081,0.012125,0.022206,5.5697,8.1248,0.012515,-0.039978,0.063842,-0.19481,-0.40458,-0.29508,-0.063542,-2.2425,9.177,-0.032544,0.058028,0.019369,-0.51441,-0.09436,-0.608,5.1435,3.6132,0.72036,0.75714,-0.29285,-1.1419,0.12297,-0.65895,-0.12911,-2.4464,-12.752,0.21892,0.93549,0.23784,-0.96627,0.41685,0.39031,0.15998
6,9.558,-2.0575,0.67029,0.36547,0.10539,-0.25233,-0.85754,0.36417,0.34931,4.0065,0.4387,9.0638,0.09563,0.10239,0.040653,-0.97628,0.039828,-0.58896,0.95701,-1.4863,9.858,0.043045,-0.31021,0.18501,-0.54378,0.59191,-0.73621,-6.8563,6.1836,-2.0127,1.1358,0.090679,-1.9108,0.59972,-0.39765,0.28899,-8.0236,-8.3937,-3.3471,0.65622,0.20277,-1.3108,0.69246,0.42621,-0.12372
0,9.3249,-0.00209,2.329,0.51266,-0.13888,0.18692,-0.81086,0.11912,-0.60981,9.6796,0.47593,3.9361,0.051558,-0.75685,1.5803,-0.043981,-0.14203,-0.74208,11.006,-2.0359,1.2183,0.98761,0.77637,1.0506,-1.2766,1.1783,0.13055,-9.5604,-3.0569,-3.2298,0.72411,-0.014861,-1.4775,0.61556,-0.40931,0.40769,-12.823,2.1575,-1.2168,0.27208,0.34507,-2.5534,0.91315,0.64476,-0.28575
6,10.102,1.4785,-0.93979,-0.079958,0.086598,0.3418,-0.98543,0.39628,0.39317,-1.8784,6.7431,7.6513,-0.20747,-0.25279,0.13865,-0.4703,-0.35042,-0.89009,0.21385,-0.21451,9.7883,-0.079852,0.031488,-0.018529,-0.52871,0.41592,-0.82162,-7.1958,9.2094,-2.6053,-0.39155,0.49813,1.833,0.46487,-0.48575,0.32857,-5.6525,-8.6899,-2.5696,-0.53061,-1.1166,2.4198,0.45432,0.73315,-0.2157
7,9.3481,-0.55665,1.9727,0.10297,0.77714,0.01445,-0.79257,0.012776,-0.57707,0.70636,3.7933,10.567,-0.45091,0.74702,-0.98123,0.42725,-0.13584,-0.84429,0.12188,-1.9827,10.254,0.34588,1.1055,0.80968,0.40193,-0.12425,-0.85675,-1.6768,10.428,-1.2214,0.34906,-0.18259,-0.77058,-0.28449,-0.92103,0.017262,0.14904,-10.886,-5.4153,0.77436,-0.46396,0.53103,-0.3777,0.76105,0.47145
3,6.4741,-0.98273,0.53063,0.57864,-0.36347,0.011857,-0.72851,0.070614,-0.56759,6.5172,4.9728,4.6433,-0.21821,0.18113,0.76627,0.16186,-0.40605,-0.14415,4.8495,-5.098,5.3421,-0.23994,-0.52613,-0.24666,-0.018781,0.44254,-0.70709,-5.56,3.7385,-0.85146,0.5122,0.075546,-1.2974,0.62407,-0.67578,0.10961,-9.4849,0.97578,-2.4246,0.80928,0.19467,-1.7848,0.85284,0.39003,0.1521
0,7.7022,-1.2096,9.6942,0.6902,-0.68175,-0.28433,-0.82173,0.1115,-0.61606,4.6665,7.7886,2.2335,0.1375,0.64927,-0.38505,-0.33342,-0.34547,-0.59487,6.0961,-3.8247,5.747,0.29848,-0.31967,-0.036064,-0.23587,0.66065,-0.96705,-8.8796,-0.3406,-1.2974,0.14163,0.75241,-0.8024,0.69899,-0.5507,-0.037838,-10.3,1.866,5.196,2.447,0.87019,-1.6943,0.74491,0.60995,0.26986
8,14.52,-0.19067,4.1201,0.056015,-1.4955,0.095472,-0.6285,0.48925,-0.17675,4.6407,18.042,4.417,-0.99302,-1.0219,1.0413,-0.46374,-0.37015,-0.50194,7.3391,-17.891,-7.6687,1.6831,1.1721,-0.58476,-0.12556,0.35718,0.65338,-31.095,10.924,3.2508,0.33461,-1.1979,1.6244,0.43827,-0.070439,0.54675,-26.832,-2.7485,-0.048433,0.74618,-0.99216,-1.0645,0.45739,0.018082,-0.47826
9,7.9305,-5.4077,2.9418,-0.11974,0.26891,0.083784,-0.64209,0.19631,-0.7133,-3.2165,7.8046,4.6321,-0.22055,-0.2711,-0.30296,0.79971,-0.51381,-0.28371,-0.60986,-5.7834,7.9365,-0.063369,0.14207,-0.18413,0.59993,0.34123,-0.66029,-9.6564,-1.62,0.86354,-0.27616,0.16437,-0.014467,0.83724,-0.43718,-0.18258,-9.7569,-0.50491,-0.73433,0.078658,-0.11848,-0.033675,0.79112,0.61312,0.22793
8,8.988,-2.2924,2.1528,-0.17618,-0.072192,-0.41932,-0.78058,-0.39591,0.13134,8.8895,2.3151,0.66474,0.13644,-0.28628,-1.1194,-0.62224,-0.18651,0.44551,9.33,-0.53631,1.497,0.84961,-0.038879,0.57682,-0.60781,-0.41,-0.022838,-9.5525,1.1731,-1.5873,0.13617,-0.073457,-0.060255,0.46606,0.14124,-0.52263,-8.8022,-2.9229,-2.0889,0.47243,0.15158,0.058093,0.43681,-0.35547,0.51238
3,10.235,-0.80654,3.6854,0.37696,-0.02845,0.038871,-0.72127,-0.10168,-0.61792,-0.04964,5.8058,8.1098,-0.23351,1.0697,-0.84905,1.0477,0.048241,-0.38258,-1.6996,-4.42,9.108,-0.008086,1.0435,0.87218,0.40995,0.13377,-0.54911,-13.434,-0.95921,-1.5498,0.356,-0.35309,-0.43023,0.89797,-0.11865,-0.38628,-7.8926,-5.1151,-0.070325,0.16981,-0.38767,-1.4645,0.53084,0.86065,0.17303
3,5.7278,1.1148,-0.3771,-0.50488,-0.054579,0.20284,-0.88289,-0.11388,-0.38527,5.0615,5.8744,4.5579,0.30664,0.030096,-0.66226,0.47857,-0.52738,-0.009936,5.0708,-4.9603,6.032,0.21385,0.5053,0.39987,-0.159,0.47804,-0.62929,-8.0232,3.513,-2.3429,0.45761,0.1618,1.6746,0.8899,-0.23361,-0.18183,-5.3234,-4.9951,-2.2377,-0.51833,0.23299,1.6212,0.55344,0.78893,0.5436
0,13.354,1.1409,3.9028,0.30077,0.55334,-0.15611,-0.86108,-0.22156,-0.6584,4.4958,6.4609,6.8162,-0.065214,-0.33117,-0.36969,-0.47216,-0.81342,-0.73973,5.9842,-7.2252,5.514,0.021198,0.096177,-0.6294,-0.45378,0.81695,-1.2101,-13.081,5.0002,-0.95056,0.30844,-0.28081,0.31643,0.56337,-0.41619,0.099255,-10.967,4.0386,-5.537,0.30273,1.0955,1.5693,0.23435,0.70742,0.25979
2,6.0549,0.68584,1.774,1.5548,0.49011,-0.22315,-0.8819,-0.004901,-0.84125,-3.5897,3.9135,2.7872,0.45462,0.9711,0.64922,0.25057,-1.1074,-0.37906,4.2272,-5.2898,1.4047,-0.5894,-1.2138,-0.87495,0.53767,0.75561,-0.95818,-11.656,8.3373,-2.6418,1.1092,-0.31324,-2.8096,0.53068,-0.43392,0.35328,-4.0776,11.224,1.6258,1.3465,-0.16773,-0.606,0.3851,0.67657,0.34379
7,9.0301,-2.7602,2.4028,-0.50567,0.23159,0.16813,-0.76674,0.33884,-0.71791,-0.2214,4.4182,5.2245,0.036718,0.052422,-0.057179,0.52675,-0.42241,-0.67063,1.8638,1.2806,6.627,0.61913,0.13513,-0.17489,0.32755,-0.19222,-0.86727,2.2063,9.1538,0.59078,0.039058,0.17347,-0.8091,-0.58993,-0.72995,-0.21001,2.4901,-9.6121,-1.0103,0.064055,-0.33973,0.84111,-0.6551,0.69638,0.16692
7,9.7016,-0.45108,-1.3944,0.055201,0.062753,-0.079447,-0.83076,0.051562,-0.55211,6.2802,-0.7017,9.5849,0.040345,-0.60283,-0.13012,0.041939,0.16997,-0.92605,5.1974,-1.8709,9.4066,0.15537,-0.47252,-0.40919,0.12651,-0.016864,-0.93178,1.1227,9.2612,1.1083,-0.04393,0.051645,-0.1863,-0.70078,-0.61329,-0.27662,1.7202,-9.3189,-0.64616,0.031049,-0.079494,0.13909,-0.76342,0.60937,0.002325
7,7.9076,0.95361,6.4442,-0.09832,0.24338,0.075307,-0.47974,-0.11744,-0.83955,-1.7009,10.205,2.9234,1.4202,-0.051311,-1.5412,0.68026,-0.44909,-0.51866,-0.68841,-7.1064,8.0778,-0.85284,-0.11437,1.2158,0.51297,0.11459,-0.80803,-2.9987,7.9914,3.592,-0.32811,0.010351,0.049606,-0.27267,-0.78705,-0.49451,-4.9159,-8.7655,-0.046735,-0.28285,0.11754,0.43637,-0.025502,0.97503,0.040256
4,9.6589,0.8184,0.39059,0.87016,0.67589,0.023559,-0.82175,-0.30965,-0.29251,-11.037,10.023,4.9068,0.017233,-1.1422,2.1459,-0.1853,-0.55301,-0.68412,4.2935,-7.2,8.2527,0.3555,-1.24,-2.2351,0.14038,0.57371,-0.98332,-11.322,11.929,-2.5518,-0.19249,-0.23244,-0.035085,0.71136,-0.009852,0.001467,-5.9467,2.0515,-0.4874,0.14005,-0.53715,0.74029,0.36288,0.38193,0.24402
6,9.938,0.37867,2.2167,0.34861,-0.21738,-0.58444,-0.81001,0.18821,0.24283,0.14433,5.1234,8.7588,0.38368,0.35497,-0.16731,-0.35266,-0.17143,-0.67017,1.1042,-1.0677,9.5915,0.000691,-0.3691,-0.079964,-0.50023,0.4453,-0.57484,-9.0611,9.3029,-6.1226,0.74382,-0.45271,-0.71157,0.59518,0.072344,0.11271,-4.3932,-4.1612,-0.44089,0.47162,-0.33869,-1.4823,0.56563,0.48643,-0.25482
5,9.1887,-0.035119,2.652,-0.13318,0.10561,0.22254,-0.59002,-0.19939,0.14393,2.7632,0.72024,9.0967,-0.030819,-0.048559,0.070368,-0.27576,-0.16931,-0.23873,1.3423,-1.0086,9.3532,-0.21247,0.22203,0.030611,-0.62215,-0.12438,-0.52482,3.8567,5.8733,0.7668,0.43389,0.1867,-0.51083,0.15631,-0.624,-0.26935,-2.4282,-10.13,-4.1335,0.39058,0.089469,-0.5398,0.42083,0.29133,0.28329
2,-0.46737,-0.6605,-1.7936,-0.16785,-0.75693,0.46158,-0.84265,0.30692,-0.43618,3.4441,-6.3486,0.45888,1.7758,-0.096375,3.5685,0.17907,-0.5171,-0.55475,-6.1703,-4.4924,1.4881,-0.22766,-0.14823,1.2268,-0.55717,1.0412,-0.14711,-0.85488,13.092,-3.577,-2.0538,0.46994,0.73315,0.61279,-0.63294,0.43659,-1.7452,-8.4578,0.028363,0.42331,-0.7267,-1.5466,1.2357,0.31933,-0.24774
5,9.0799,-0.32687,4.4211,0.36929,0.27816,-0.18706,-0.65175,-0.081176,0.048384,-0.16827,5.7166,8.3381,0.090875,0.082113,-0.10333,-0.18599,-0.41962,-0.28833,-0.071264,-2.3994,9.9595,0.19658,-0.099248,-0.012518,-0.50833,-0.090701,-0.60766,-2.8761,8.1453,-0.33827,0.90284,-0.84987,-2.5017,0.31699,-0.57354,-0.048257,-0.88288,-10.587,2.6732,0.40123,0.21456,-2.1589,0.26183,0.55197,0.094689
2,30.568,12.944,22.355,-3.1589,-0.79983,-1.9727,-0.83755,-0.3222,-0.64688,-2.2281,25.97,3.7751,-1.2376,-2.055,-1.9427,0.5111,-0.75807,-0.47421,1.6781,-20.963,9.5859,0.50977,4.1544,-1.6933,0.27744,1.0342,-0.78705,-28.507,-13.13,-5.7355,-0.16723,0.51827,3.0652,0.26814,-0.69816,-0.019678,-19.339,-1.4801,-17.362,2.1581,0.35429,3.1229,0.41021,0.61116,0.18054
1,12.099,-0.63879,5.0985,-0.40408,0.17813,-0.15706,-0.93179,-0.083212,-0.60221,11.381,1.8729,4.6217,-0.53149,-0.092988,-0.23251,-0.71973,-0.45902,-0.018907,10.423,-4.9318,2.3079,-0.32173,-0.57707,-2.0275,-0.65229,2.05,0.43675,-12.213,-0.2657,-2.3944,0.72986,-0.25031,-0.68985,0.71577,-0.016848,0.16609,-6.2982,-0.42682,-3.5206,1.4282,0.90019,1.2236,0.092,0.65914,-0.006885
7,10.435,-0.59267,-1.0186,-0.018258,0.21301,-0.020312,-0.87238,-0.022332,-0.44037,4.1572,3.4803,8.6474,-0.024555,0.086555,0.081877,0.13575,-0.22493,-0.90767,3.7593,-1.0965,9.1183,-0.13585,0.10725,-0.16589,0.11539,-0.11073,-0.92892,0.74044,9.3626,-1.4214,0.10147,0.16403,-0.87423,-0.42218,-0.85989,-0.099117,1.1675,-8.3618,-4.7516,-0.11897,-0.52062,0.7551,-0.50706,0.68768,0.46041
1,11.036,2.0346,1.2315,0.15355,-0.15915,0.31469,-1.1144,0.089138,-0.32416,0.070616,8.6056,5.4997,-0.1608,0.14696,-0.44475,-0.21831,-0.65486,-0.76933,0.81443,-6.2441,7.0144,-0.037105,0.84367,0.67966,0.16312,1.0568,-0.75504,-7.4157,8.8141,-4.9652,0.70099,0.49881,0.7519,-0.056228,-0.79377,0.32733,-9.8169,-4.7946,-3.8775,-0.58505,-0.065154,1.349,0.91835,0.40191,0.014413
2,12.818,3.1015,18.172,1.5143,-0.74705,1.4511,-0.81418,-0.052448,-0.74137,11.014,32.94,7.3162,1.689,3.0204,3.7338,0.1631,-0.75802,-0.59864,-4.4353,-33.492,8.5312,-0.52675,-2.2517,4.0301,0.43971,1.1683,-0.59987,-11.098,-46.567,-0.44001,4.256,-0.11913,-0.84701,0.19162,-0.66245,0.10634,-26.103,-4.1729,-0.42299,-1.5139,-1.2869,-2.836,0.64981,0.37923,0.058547
3,6.5724,1.9846,4.1229,-1.5906,-0.59947,0.13509,-0.71628,-0.15671,-0.76163,1.1088,8.9414,-0.11096,-0.32983,-0.32866,-2.7211,0.73935,0.027672,0.5881,5.1175,-2.6577,5.3742,-1.648,2.2075,2.6465,-0.1442,0.47276,-0.71694,-9.1991,0.96719,0.52241,0.38146,-0.36999,1.6139,0.88764,-0.2536,-0.37777,-10.719,-13.736,1.6819,2.1024,-0.80327,1.2072,0.8369,0.27053,0.55383
3,10.483,-0.96644,2.3735,0.31766,0.56124,0.017938,-0.76992,-0.10027,-0.55137,-0.16155,8.1917,7.2097,0.24905,0.89485,-0.99316,0.95433,-0.079773,-0.097918,-0.67982,-6.3711,7.3465,0.50842,1.123,1.2546,0.34231,0.25665,-0.54806,-9.679,-0.23725,-2.637,-0.49589,-0.14404,-0.6508,0.92797,-0.23578,-0.4098,-8.7679,-9.1985,1.8285,0.33543,-0.30787,-1.4637,0.38192,0.9394,0.20491
2,-3.0238,-1.3957,1.1865,0.42376,-0.31859,0.44155,-0.8565,0.11611,-0.85931,3.478,-1.7354,-2.3512,0.051301,-0.65384,0.96299,0.50357,-0.84148,-0.74538,-6.5331,-1.9898,3.2922,-0.32556,0.25175,0.45832,0.22458,1.2679,-0.50999,-2.3324,13.998,-6.6233,4.4992,1.8649,-1.0599,0.26124,-0.74699,0.23554,-1.2755,-11.128,-4.4637,-0.080181,-0.57504,0.69325,0.79921,0.1586,0.28119
3,7.6244,0.14489,-2.5863,-0.16062,0.50439,-0.28166,-0.87012,-0.28363,-0.25329,6.6831,4.5353,6.1311,0.28351,-0.72986,0.61571,0.57801,-0.44527,-0.3083,8.1135,-3.8416,3.4135,0.35704,0.16125,-1.4014,-0.3963,0.37135,-0.5459,-8.4545,1.1186,-1.0718,-0.44155,0.16961,0.14458,0.86061,-0.25726,-0.41206,-6.5987,-3.6755,-2.7777,-0.37094,-0.73391,1.2126,0.73725,0.51855,0.52644
4,9.9727,-2.2969,2.3037,0.80263,-0.4751,-0.12341,-0.81849,-0.034956,-0.4287,-2.3558,11.431,4.961,0.44846,0.53239,1.132,-0.22662,-0.70266,-0.30938,1.7839,-7.4736,5.8661,-0.18494,-0.60522,-1.646,0.21309,0.66224,-0.78398,-10.869,4.3057,-2.03,0.97678,-0.77763,-0.96989,0.66095,-0.30696,0.018634,-7.4559,-0.056946,-0.12545,0.17308,-0.22109,0.010044,0.38634,0.48484,0.16711
2,2.8913,-3.7443,-0.049557,-1.9868,3.7332,2.1934,-0.86313,0.22441,-0.53341,4.5609,6.1703,-0.87685,-0.68495,0.18285,1.48,-0.6285,-0.68791,-0.26389,5.2032,-1.3638,6.648,0.55859,-1.1685,-0.79873,-0.24954,0.59875,-0.95166,-10.304,-13.738,1.622,0.95734,0.76012,2.4697,0.51094,-0.72516,0.18057,-22.357,-7.2467,3.1937,1.2828,-0.87468,4.6401,1.1287,0.31571,-0.18786
4,15.668,1.2574,1.5602,-1.7224,0.22751,-0.016892,-0.96701,-0.050094,-0.27426,-5.6873,10.193,0.88325,-0.60415,-0.43162,-0.79268,0.12073,-0.718,-0.69633,-0.52324,-7.1562,4.5777,-0.8698,1.4155,1.939,0.46302,0.49154,-0.80045,-14.259,3.5975,-1.5635,-0.9335,0.6057,2.4725,0.38893,-0.42535,-0.095712,-12.28,-6.1124,-4.264,0.20809,-0.23917,1.5254,0.54618,0.32375,0.18963
7,9.6432,-1.3332,-1.8951,0.020963,0.16847,0.074132,-0.88592,-0.004121,-0.39448,4.6737,2.2414,9.0889,-0.002201,-0.10178,0.1635,0.13257,-0.29582,-0.87907,3.0991,1.2307,9.2717,0.20128,-0.018425,0.15143,0.25695,-0.25344,-0.86187,1.2293,9.5001,-0.61862,0.15104,0.038205,-0.20868,-0.6126,-0.70821,-0.20493,1.6946,-9.8083,0.059634,-0.012961,0.054921,0.18463,-0.69489,0.67099,0.004294
7,9.7776,-0.88068,0.28229,-0.13558,-0.43204,-0.14864,-0.79351,0.11235,-0.60573,0.7014,-0.13886,9.1644,0.43071,-1.1458,0.4284,0.4894,0.2592,-0.78073,-0.022925,-1.1784,8.9853,-0.26034,-1.0764,-0.70375,0.51549,-0.22179,-0.77184,2.0636,9.3398,1.1421,0.021359,0.072445,0.16502,-0.69124,-0.63905,-0.25505,2.7614,-9.2032,-0.94205,0.10588,0.18276,-0.052476,-0.75635,0.61876,0.053754
7,9.2325,-0.78282,3.0614,0.010894,-0.063102,-0.027752,-0.61768,-0.003882,-0.7488,1.3031,5.1199,7.8832,-0.24911,-0.067694,0.2773,0.39085,-0.34796,-0.78838,0.872,-4.1142,8.6795,0.30579,-0.14686,-0.205,0.38487,0.095725,-0.85949,1.193,9.1924,-1.446,0.009637,0.063594,-0.17752,-0.64823,-0.71567,-0.014592,1.8009,-8.4816,-3.7763,-0.018324,-0.02282,0.13451,-0.68907,0.60462,0.31367
0,9.9754,-1.4579,1.6864,0.72518,-0.05646,0.13917,-0.65814,0.053858,-0.60833,9.8633,3.9316,1.0055,-0.34474,-0.83747,1.1252,0.029768,-0.43983,-0.94195,11.025,-3.7398,2.2126,0.41293,0.99348,1.989,-1.4769,1.0802,-0.076268,-10.4,-5.0778,-1.5107,-0.8248,0.15478,-1.1403,0.5186,-0.61031,0.25973,-15.445,4.0219,-1.8244,-2.1525,0.38035,-1.8793,1.0096,0.70517,-0.071229
4,9.7422,-0.53168,2.452,-1.6162,0.88176,-0.24901,-0.86216,0.18619,-0.5115,-1.8775,11.476,0.15833,0.098875,1.0325,3.2248,0.045476,-1.9444,-0.56066,-12.286,-6.8325,1.391,1.152,-0.75075,-3.5775,0.53429,0.52297,-0.36112,-8.8749,5.7363,0.060939,-0.37432,0.97914,-1.7262,0.44221,-0.17592,-0.11237,-11.894,-4.6972,-0.89066,-1.2333,-0.43704,1.2341,0.64495,0.15868,0.085604
8,9.0297,-0.066996,1.5232,-0.10739,0.27006,0.050117,-0.77448,-0.33876,0.22173,8.9203,3.5099,1.778,0.030867,0.10489,0.16564,-0.66478,0.062953,0.41435,9.5235,-2.7726,2.1792,0.091865,0.004496,0.087471,-0.5784,-0.42771,0.001009,-9.2477,1.3845,-0.73532,0.17326,0.32697,0.48023,0.48964,0.1509,-0.48345,-8.0558,-4.4131,-3.6238,0.15299,0.46284,-0.42693,0.42298,-0.45164,0.42378
0,8.1008,-0.73304,-1.18,0.047698,-0.66877,-0.024941,-1.0781,0.049434,-0.61618,3.116,6.1212,4.9368,-0.16976,-0.37761,0.14666,-0.34772,-0.66761,-0.78803,2.5043,-6.3188,6.5878,-0.10045,-0.62886,0.12063,-0.009362,0.98907,-0.99576,-6.3175,-5.8969,0.8347,-0.49771,-0.01314,-1.802,0.16682,-0.76507,0.17449,-20.181,6.9303,-6.3218,-2.0524,1.2041,-3.0839,0.61424,0.45871,0.17674
1,7.2605,-0.58166,1.1334,0.41619,-1.2529,-0.16092,-1.0965,0.13425,-0.41739,6.6114,3.8285,3.5022,0.61876,-0.15091,1.1428,-0.49425,-0.15248,-0.66715,7.1499,-2.6542,1.6176,-0.10878,0.62531,0.69114,-0.2534,1.1006,-0.10452,-9.7832,1.8427,-0.10763,0.67263,-0.47896,-1.9981,0.50185,-0.56296,0.36089,-9.9342,-0.36943,-0.025868,1.7267,1.2588,-2.657,0.39145,0.76491,0.084273
4,14.943,-0.49324,0.92999,0.15119,-0.593,0.38966,-0.80098,-0.1697,-0.32249,0.92557,8.425,4.7396,0.36206,0.27286,-1.6382,-0.13364,-0.73547,-0.87619,-2.6651,-8.3953,4.3223,-0.10714,0.5814,0.95707,0.22488,0.47316,-0.80981,-14.489,-0.58123,-4.1548,1.0903,0.096497,-1.1434,0.65207,-0.14458,0.020818,-15.989,0.86052,-3.2602,0.8504,1.634,-2.315,0.43786,0.31217,0.27959
0,12.581,1.4862,3.4928,-0.23483,0.26125,0.19831,-0.88841,-0.17802,-0.63303,3.9283,6.9664,7.0302,0.33614,0.55217,0.50839,-0.40149,-0.81979,-0.71826,4.6891,-6.1719,6.972,-0.06065,-0.038863,0.66297,-0.20533,0.82015,-1.2062,-7.4482,4.2224,0.38593,0.17616,0.35825,-0.077454,0.026317,-0.79109,-0.16592,-11.492,-2.111,-0.39307,-1.1865,-0.096307,0.46992,0.68715,0.2606,0.1465
6,9.3791,1.1729,-2.1095,-0.09755,-0.006547,0.2506,-0.94653,0.36739,0.45126,-3.1438,7.201,6.1559,-0.10359,-0.26464,0.034058,-0.32928,-0.49748,-0.76137,-1.2466,-2.6237,9.2651,-0.048237,0.00153,-0.048269,-0.44204,0.54983,-0.67628,-5.4531,8.0921,-2.39,-1.2693,0.3552,1.7476,0.42074,-0.53989,0.31992,-5.467,-8.8088,-2.9817,-0.12604,-0.56142,1.7428,0.46937,0.7136,-0.20766
2,22.098,2.9592,1.285,-2.0737,-0.46277,-0.55624,-0.71875,-0.033084,-0.5181,-5.854,35.541,-19.884,-2.7895,-4.8974,-0.11989,0.11296,-0.56043,-0.18682,10.171,-30.266,0.97486,-0.64302,1.905,-2.3088,0.11871,0.98858,-0.39731,-23.853,-5.1085,2.0113,0.11284,-0.49402,3.2187,0.68744,-0.49954,0.14019,-16.682,11.691,6.7388,2.0791,-0.47215,1.2525,0.93851,0.72811,0.015755
1,9.8846,0.26532,-0.17351,0.35856,-0.35946,0.066019,-0.72602,0.21303,-0.66352,2.443,8.6858,-0.28606,-0.42637,-0.46297,-0.055674,-0.24297,-0.59689,-0.43849,3.4167,-5.5275,5.8784,0.36523,-0.057418,-0.25438,0.082173,0.68873,-0.89875,-13.89,-2.377,-2.8265,-1.4227,0.47735,2.8924,0.6382,-0.65573,0.15449,-9.2333,-0.91043,-0.8237,-0.1203,0.26424,0.89172,0.96874,0.48987,-0.18435
4,6.267,0.36064,-1.4381,0.14341,0.22318,0.37517,-1.0313,-0.11953,-0.13262,-6.974,9.2779,3.8172,-0.73876,-1.0289,-1.182,-0.21236,-0.67851,-0.48006,0.56962,-6.2689,7.9418,-0.4912,0.77845,0.709,0.31791,0.53047,-1.001,-7.5192,-0.49681,0.33745,1.2483,-0.23781,2.1024,0.61372,-0.24427,-0.12609,-5.9789,-4.6842,-0.85628,-0.090806,-0.4631,1.9675,0.39199,0.45158,0.19966
5,9.6088,0.65678,2.7077,-0.15589,0.036755,0.11687,-0.57001,-0.20728,0.18023,2.2837,0.94536,9.5482,-0.051337,-0.02144,-0.059308,-0.25441,-0.16978,-0.25007,1.7746,-0.779,9.5453,-0.089659,0.10676,-0.055881,-0.63794,-0.1533,-0.49929,-3.4807,10.287,-0.76425,-1.0108,-0.36837,0.91285,0.39849,-0.52064,-0.15568,1.6013,-6.8959,0.1063,-0.79114,-0.33017,1.3001,0.14673,0.54645,0.25253
3,8.1694,-0.48055,-1.1669,-0.022837,-0.32473,-0.047195,-0.87385,-0.20985,-0.32879,6.653,5.2377,4.1914,-0.34837,-0.37965,1.0995,0.39371,-0.51838,-0.2575,7.8567,-4.0049,3.9198,0.074027,-0.57426,-0.73118,-0.47991,0.32032,-0.59514,-7.1657,3.4291,-2.3377,0.19131,0.027952,-1.0327,0.87188,-0.39832,-0.18414,-9.0236,-2.2147,-1.4714,0.48255,-0.007422,-0.53456,0.79166,0.090531,0.56818
2,1.235,-0.38597,0.86155,-0.40547,4.9897,0.73473,-0.49688,0.13431,-0.75101,1.6937,4.4254,4.9803,0.10436,-0.21176,-0.77379,-0.15153,-0.16841,-0.66149,3.7009,-4.1171,5.574,0.093101,0.79351,0.29742,0.14799,0.74043,-0.85991,2.4765,23.261,-6.0821,0.31916,-0.13449,-0.027103,0.80963,-0.12281,0.3881,1.2384,-10.246,-12.121,1.5288,2.1855,-0.32932,0.74323,0.73321,-0.28813
0,10.439,0.1743,2.3131,0.55629,-0.090306,-0.0959,-0.68056,0.055263,-0.57856,11.132,3.7564,-0.79207,1.0907,0.18484,1.4715,0.023848,-0.41521,-1.0755,13.476,-2.8937,1.9279,0.30246,1.972,1.3538,-1.1791,1.0287,-0.39073,-10.139,-0.57685,-3.7181,0.15372,0.2879,-1.2735,0.59334,-0.57466,0.29377,-12.166,1.2049,0.78711,0.32122,0.50961,-1.9414,0.99125,0.89608,-0.16814
5,8.6477,0.15457,5.2869,0.26738,0.4131,-0.14949,-0.6494,-0.090065,0.014093,6.1651,5.2812,5.44,0.25509,0.2838,-0.19022,-0.89293,-0.056149,-0.14418,5.7807,-4.6096,6.7084,0.018324,0.12858,-0.019573,-0.76623,0.034819,-0.66636,-2.7685,8.4614,-0.80104,0.62554,-0.92022,-2.5134,0.34154,-0.55121,-0.081687,-0.92971,-10.737,0.8641,-0.22947,-0.18074,-2.3626,0.2365,0.54971,0.1466
6,9.8416,1.4939,0.5931,-0.14982,-0.082498,0.10384,-0.78837,-0.019148,0.34539,1.6654,1.8266,9.4872,-0.039547,-0.043686,0.039929,-0.45825,0.037457,-0.62814,0.62377,-1.3486,10.255,-0.081036,0.12724,0.17966,-0.46877,0.45991,-0.60835,-1.7137,-0.69545,-0.2708,-0.46751,0.003059,1.2426,0.70285,-0.30786,0.13025,-5.7131,-14.887,-6.2602,-0.071264,-0.16762,0.31065,0.63677,0.30809,-0.19492
5,7.7817,0.40178,6.3489,0.54237,-0.37979,-0.18768,-0.63791,-0.14213,-0.023422,6.499,4.9099,6.0234,0.057962,0.014432,0.011683,-0.89728,-0.037707,-0.14002,6.0638,-4.7153,6.504,0.088772,-0.28473,-0.11918,-0.78916,0.012891,-0.64288,-4.4438,14.947,-3.6632,0.56711,0.12226,-0.74817,0.44697,-0.48426,-0.032501,4.4485,-1.9555,0.96371,0.70418,-0.4319,-1.501,-0.003806,0.63045,0.097065
7,9.9922,1.1034,0.95254,-0.19829,0.84756,0.079905,-0.57042,-0.19355,-0.74379,4.1568,9.6927,-0.48336,0.36122,-0.019733,-0.18114,0.4158,-0.84498,-0.057143,5.1986,-3.3968,8.0994,-0.30675,0.1252,0.30486,0.2592,0.046012,-0.92098,0.19772,7.9577,3.582,-0.012891,0.12659,-0.69154,-0.64551,-0.60938,-0.37845,-1.0679,-8.4345,1.378,-0.22676,0.046955,0.63912,-0.51415,0.82308,-0.061716
7,9.689,-0.8827,-1.2995,0.070663,-0.15037,-0.069073,-0.88972,-0.010151,-0.40224,3.6323,4.9086,8.4266,-0.43314,-0.22085,-0.085954,0.19794,-0.44007,-0.80871,3.1186,-2.2201,10.137,0.26075,-0.46514,0.044181,0.13498,-0.1082,-0.92553,1.2712,9.1618,-2.3463,0.13058,0.013558,-0.4705,-0.54639,-0.79645,0.019872,1.5865,-7.5693,-5.8973,-0.32723,-0.62879,0.1885,-0.58146,0.62447,0.46468
4,9.879,-0.83468,3.8242,-1.87,-0.35879,-0.21116,-0.73971,0.18181,-0.65912,1.728,10.461,2.2276,-0.024459,0.64177,3.3475,0.14886,-0.79153,-0.088436,-1.0195,-8.9905,5.8537,-0.47367,-0.86359,-3.0062,0.070711,0.67023,-0.43316,-9.8196,4.7145,3.0595,-0.76378,-0.31535,0.14073,0.46177,-0.22491,-0.14539,-10.419,-8.5564,-1.9339,-1.2791,-0.66783,1.054,0.65202,0.1819,0.09019
5,7.9563,1.0598,4.0218,-0.30282,0.24113,-0.057084,-0.63911,-0.18259,0.10051,4.2486,7.0907,5.5746,-0.03158,-0.28675,-0.022824,-0.81706,-0.47403,-0.26927,7.1046,-4.6986,5.0454,-0.10364,0.42514,0.089009,-1.0241,0.085886,-0.45873,-3.0006,11.211,2.5506,-0.50133,-0.38539,1.5554,0.37091,-0.41067,-0.3213,-4.9124,-11.549,2.3992,1.0373,-0.24197,2.1906,0.33695,0.38297,0.14572
9,3.8184,1.6113,-3.3914,0.61637,0.6552,1.4382,-0.51286,0.014555,0.70718,-0.52328,5.4273,-6.4781,-0.41553,-1.9365,-1.6321,-0.6005,-0.56535,0.30713,4.5477,-9.1785,-1.1006,-4.4766,-1.1714,4.4779,-0.79856,-0.086503,0.29196,-6.3206,13.452,5.392,-2.0354,0.60982,1.771,0.61853,0.67022,0.069276,-10.154,-7.3076,4.7151,0.53555,-0.91664,-1.5527,0.88198,0.058449,0.16775
6,9.8949,-0.094842,1.157,-0.14323,0.003946,-0.3938,-0.79411,0.17339,0.31536,-0.53922,4.0733,8.7172,0.40437,0.3832,-0.25931,-0.34816,-0.19733,-0.69064,3.8852,-0.60347,9.4218,0.088388,-0.17291,-0.080376,-0.63169,0.40384,-0.48287,-8.7574,6.2403,-3.1611,-0.47358,0.33801,0.68075,0.60385,-0.13353,0.28337,-2.9664,-6.6207,-2.8381,-0.70685,-0.53598,0.68659,0.51931,0.62736,0.026953
6,8.9734,1.2449,1.644,0.057053,-0.022906,0.52975,-0.81628,0.021608,0.27602,-6.397,7.5355,1.0885,-0.39668,0.83522,-0.47258,0.29923,-0.7484,0.084071,0.29097,-1.6078,9.5743,-0.10411,0.23597,0.092312,-0.43355,0.49989,-0.59546,-6.5612,2.926,-1.1147,-1.3922,-0.22008,2.0943,0.70938,-0.22042,0.15891,-9.3421,-10.148,-2.1696,-0.21485,-0.38626,1.7076,0.63424,0.34332,-0.15754
5,9.5032,-0.83171,2.2436,0.011258,0.001987,-0.20453,-0.60244,-0.23921,0.16099,-0.43753,8.9303,4.1452,0.058917,-0.038008,-0.086868,-0.13702,-0.56662,0.047846,0.84045,-3.2796,9.3348,0.18547,-0.062993,-0.095395,-0.41525,-0.07386,-0.61508,-3.5139,10.646,-0.48013,-0.14984,-0.13976,0.87398,0.31662,-0.50827,-0.23831,0.9621,-7.4605,1.3313,-0.38867,0.15948,1.4146,0.11272,0.57144,0.13252
8,5.8929,0.12666,3.0148,0.021795,-0.56339,-0.047381,-0.58494,0.42948,-0.35895,3.4745,9.99,6.753,-0.77995,-0.23943,0.1376,-0.34689,-0.25858,-0.63428,8.294,-7.63,0.12818,1.8776,-0.10996,-0.51014,-0.52632,0.18552,0.48797,-19.319,10.521,-8.1417,-0.77874,0.028466,0.34394,0.50753,-0.12272,0.4502,-8.0655,-5.242,-9.1251,1.7459,1.3371,-0.26569,0.48305,0.24546,-0.34868
8,15.858,-4.07,4.5803,-0.48971,-1.2707,-0.15229,-0.72445,-0.34187,-0.26421,14.669,5.6697,-1.6331,-0.71323,-0.60805,-0.10744,-0.35956,-0.58099,0.38276,14.549,-6.263,4.1154,0.021112,0.48137,-0.21787,-0.42646,-0.018601,-0.62998,-23.605,12.226,-4.5809,0.22389,3.7553,-0.4768,0.52095,-0.26374,-0.4424,-26.164,-20.643,-5.0786,2.5022,1.7433,-1.6836,0.40053,0.1977,0.63993
1,5.6257,0.11056,3.3526,0.59935,0.021566,-0.046044,-0.7992,-0.13911,-0.74227,6.3008,2.5635,3.4785,1.1867,-0.35455,0.45562,-0.91082,-0.44999,-0.12255,7.1294,-1.9439,0.56573,0.46107,0.66722,1.7562,-1.1205,1.5916,-0.092531,-9.8744,0.92279,-1.1922,1.0132,0.34917,-2.0467,0.47141,-0.39471,0.087242,-8.3418,2.7594,0.394,1.2827,0.51145,-2.6956,0.3537,0.55168,0.13253
4,10.952,-1.7985,2.4013,0.70607,-0.47133,-0.38905,-0.86776,-0.074957,-0.38596,-2.3853,9.9289,4.259,0.41529,-0.41025,0.90377,-0.3193,-0.69735,-0.45382,0.32052,-8.228,6.025,0.21071,-0.34385,-1.1457,0.32086,0.62264,-0.78415,-11.128,1.4209,-1.7154,0.382,-0.67435,-0.9975,0.67937,-0.22758,-0.009835,-9.4384,0.30824,0.5407,1.1371,0.52972,-0.93303,0.43545,0.38878,0.11085
7,8.3191,-0.54635,5.4234,0.33458,0.1304,-0.13538,-0.45569,-0.036412,-0.84977,-3.9069,8.2147,-2.1528,0.26044,0.60262,0.59753,0.73147,-0.60636,-0.1044,-2.5857,-3.8969,9.5838,0.24716,-0.24758,-0.51711,0.50285,-0.11131,-0.81903,1.4418,8.2113,3.4975,0.23565,-0.044493,0.75558,-0.57296,-0.67106,-0.39042,-0.15438,-9.309,-0.068343,-0.19589,0.1063,-0.87657,-0.41019,0.88177,0.031993
2,11.641,0.60243,13.612,0.8746,-9.6983,1.7508,-0.69989,-0.092144,-0.86849,1.8446,21.938,7.4039,-0.67322,3.0351,2.5746,0.31546,-0.77472,-0.63241,-7.9874,-25.369,5.7809,0.18251,-1.6565,3.1488,0.63992,0.99016,-0.61883,-14.467,-27.071,8.7503,4.9328,-0.48383,1.1734,0.046432,-0.79243,0.000234,-29.693,-1.8146,-0.62529,-1.2732,-0.58467,-2.9806,0.62608,0.39931,0.088089
5,6.244,0.11323,8.548,-0.38565,-0.53709,-0.23485,-0.6043,-0.25578,-0.24072,2.1798,8.1259,2.4178,1.594,0.42407,-0.3307,-0.23193,-0.51105,0.16073,2.7754,-5.4274,5.1535,-1.2771,0.59055,-0.34795,-0.39901,0.34214,-0.53056,-4.2937,10.204,3.1153,-0.34024,0.43439,-1.8505,0.32838,-0.4308,-0.34792,-1.4829,-9.3633,-4.1732,0.60489,0.64557,-1.4465,0.25347,0.4249,0.30016
8,-2.942,0.58009,2.4427,0.31314,-0.98795,0.093136,-0.58214,0.45398,-0.38269,1.5761,-2.0435,-2.3225,-0.33009,-0.75001,-0.61016,-0.063733,-0.68032,-0.41467,1.5203,3.0061,-1.0509,-0.56971,-0.55315,0.5742,0.30126,0.46924,0.56505,-2.123,1.3592,-1.7121,-0.086345,0.20506,-0.51951,0.50159,-0.073434,0.48005,-2.1187,-3.8561,-1.088,-0.37197,0.11847,0.041442,0.48339,0.13583,-0.44428
6,8.2916,-3.4053,5.198,0.040464,0.96627,0.44221,-0.76762,0.63648,-0.12263,1.6532,3.4927,8.4209,-0.2267,-0.3217,0.19005,-0.57968,0.012943,-0.82856,0.064171,-6.1573,7.9202,0.024687,0.13006,0.27446,-0.37018,0.86949,-0.44102,-2.7879,3.4636,-0.23295,-0.16669,-0.40942,2.3706,0.47534,-0.61837,0.25321,-10.282,-13.695,-1.073,-1.2156,-0.11162,1.3108,0.58079,0.50278,-0.38491
3,7.0807,-0.23839,-0.75653,0.17258,-0.48753,-0.024889,-0.78953,0.096561,-0.48008,7.0806,4.4791,4.6529,-0.15249,0.084592,0.47826,0.078145,-0.34991,-0.18018,5.2839,-5.663,4.989,-0.26622,-0.57748,0.056083,-0.047117,0.44203,-0.6979,-6.7191,4.3872,-0.75922,0.58849,-0.42169,-1.2156,0.62594,-0.65997,0.17139,-6.3422,0.22409,-1.1004,0.23972,0.15319,-0.94543,0.82774,0.42913,0.13166
5,8.1677,-1.3319,3.7585,0.20346,-0.3629,-0.25582,-0.65956,-0.051856,0.046121,0.004566,5.3698,7.8564,0.051831,0.022485,0.03358,-0.20612,-0.40162,-0.29706,-0.16116,-2.3228,9.5069,0.13025,-0.048356,0.003399,-0.50471,-0.071971,-0.61318,4.7388,5.6894,-1.3006,1.0237,-0.24951,-1.7465,0.15114,-0.65496,-0.088503,-1.6522,-12.26,-0.48354,0.002481,0.12511,-1.3929,0.38026,0.42172,0.17884
0,9.7251,0.84034,1.3915,-0.9667,0.044761,-0.1977,-0.80755,0.02309,-0.61264,11.028,1.7286,2.5991,-2.0815,0.43317,-1.2308,-0.13901,-0.19522,-0.89305,10.322,0.23727,1.5855,-0.81288,-0.091503,-0.44137,-1.239,0.97612,-0.23935,-13.042,-2.0347,-3.032,1.9611,0.70108,2.4709,0.60833,-0.30639,0.44339,-11.509,-0.040118,-1.9113,-0.62032,0.20706,1.3986,0.89966,0.50389,-0.21418
5,7.6082,0.64947,5.3608,-0.094966,-0.41958,0.088235,-0.64229,-0.18874,0.079116,4.0367,7.2076,5.4142,-0.01926,-0.09434,0.14748,-0.81559,-0.47559,-0.28255,6.7352,-5.2175,4.6678,0.085618,-0.064537,-0.03733,-0.99985,0.12249,-0.48071,7.2547,-2.1257,1.6985,0.23077,0.019384,0.061379,0.23595,-0.54798,-0.38196,-4.5672,-10.428,1.4832,-0.35753,0.019733,-0.71775,0.4081,0.2576,0.11608
9,8.4361,0.92079,2.622,-0.3383,0.41985,0.95255,-0.75007,-0.072564,-0.60959,3.0947,10.549,-9.6129,-2.2712,0.35619,-3.932,0.41013,-0.46807,0.77296,7.2575,-2.7414,5.9409,-0.3484,-0.38202,0.30629,-0.40022,0.52005,-0.67951,-8.7016,1.9235,-2.5056,-0.37471,-0.15042,-0.59784,0.66978,-0.66073,0.25139,-10.029,-1.1966,1.3198,-1.4131,0.28467,-0.71072,0.75995,0.67269,0.16387
8,14.987,-0.96039,1.757,0.83777,0.59539,0.025014,-0.95599,0.086917,0.33078,24.354,3.1853,-6.0317,-2.174,-0.37725,1.1369,-0.85515,0.33118,0.31729,24.995,-8.5542,-2.9336,-0.096959,0.079216,-1.6768,-0.86847,-0.23244,0.3829,-17.727,-0.11659,6.1593,0.71394,-0.053806,-0.17653,0.75694,0.46387,0.42254,-7.4229,-7.9294,-3.4594,-0.35907,0.20674,-0.000276,0.81982,-0.41225,-0.31632
6,8.8093,-1.5297,2.3263,-0.16909,-0.16059,0.23577,-0.89802,0.36697,0.19429,3.2541,0.78299,9.2663,-0.033882,-0.11036,0.18233,-0.91147,0.030282,-0.65916,0.77279,-1.5215,9.7372,-0.044413,0.19068,0.098525,-0.53049,0.57543,-0.74824,-1.9731,4.4361,0.33908,-0.68406,0.042013,1.0385,0.55505,-0.55074,0.21221,-6.8743,-10.397,-5.109,-0.30562,0.028452,0.34057,0.72289,0.34401,-0.13016
5,9.7604,-0.76365,2.2912,0.043813,-0.13444,0.068952,-0.60153,-0.17419,0.14891,2.9392,0.52143,9.241,0.060908,0.044462,0.025629,-0.29691,-0.15245,-0.23191,0.88233,-1.2595,10.149,-0.25987,0.13572,-0.029862,-0.60167,-0.087991,-0.54395,3.3144,4.518,0.44074,0.67336,0.1392,-1.1932,0.17233,-0.6278,-0.24827,-3.0116,-11.193,-3.7967,0.54204,0.059886,-1.0431,0.42079,0.28859,0.27859
0,10.796,1.5638,1.3247,-0.47227,0.10997,-0.44751,-0.65716,0.008728,-0.60102,10.885,6.3993,1.499,-0.6151,0.18639,-0.45779,-0.59057,-0.55221,-0.95597,9.4766,-3.4186,3.287,-0.1738,-0.85847,-2.4849,-0.49174,1.0817,-0.73903,-11.931,4.3782,-0.45721,0.27603,-1.2827,1.9451,0.75687,-0.31935,0.24315,-7.8713,21.906,-5.1716,0.59664,-0.17125,-0.16788,0.88031,0.78317,-0.26792
8,0.90279,-0.48138,1.0436,0.006021,0.10874,-0.050093,-0.72682,-0.33464,-0.29718,-0.22697,-0.17489,1.2287,-1.3189,-0.89598,-0.8661,-0.39559,-0.57768,0.39296,-1.0021,1.7335,0.78347,-2.4536,-0.06006,0.58625,-0.4461,0.06465,-0.63472,-2.8733,4.2479,-6.2652,-0.35149,-2.4139,0.59968,0.4737,-0.29777,-0.48082,-0.93316,-4.1554,-2.0738,-0.41287,-1.662,0.016251,0.48036,0.15189,0.59855
1,8.8706,1.5167,0.60854,-0.52832,-0.41452,0.49038,-0.75451,-0.04259,-0.39021,7.0926,5.1637,4.9016,-0.12035,0.22175,-0.25662,0.98258,-0.051516,-0.21529,7.9095,0.82444,3.1928,1.4236,0.34553,1.0133,-1.4431,0.35615,-0.79014,-5.9567,4.7406,-1.817,-1.5028,0.71228,1.3687,0.30977,-0.7934,0.27105,-9.973,0.61123,-1.3727,-0.97096,-0.016439,1.5222,1.0277,0.40596,0.061365
5,8.6294,-0.90903,4.9237,0.17858,-0.036326,0.037778,-0.8153,-0.068441,0.013852,5.4779,7.2144,0.3697,-0.2814,-0.18308,0.16064,-0.80015,-0.28167,-0.2337,6.3714,-4.1413,5.6906,-0.067193,0.14875,-0.090072,-0.96589,0.005228,-0.66307,7.1635,0.65737,-0.65389,0.47805,0.42318,-2.148,0.063387,-0.62125,-0.28254,1.066,-16.163,-0.27514,-0.42478,0.21814,-1.2498,0.32137,0.30847,0.1982
7,9.8626,-0.52336,-0.3117,-0.076264,0.52924,0.064353,-0.86102,0.074154,-0.52751,5.7604,-0.83079,6.7717,-0.3742,0.11357,0.44068,-0.006654,0.19798,-0.92705,5.8319,-1.3827,7.5151,-0.011765,0.36191,-0.055902,0.041635,0.02085,-0.94547,1.0377,8.7642,1.6621,0.16633,0.17711,-0.68767,-0.59387,-0.7222,-0.28117,1.7666,-8.8415,-0.30191,-0.082697,-0.035271,0.61898,-0.66342,0.72522,0.006088
1,6.5769,-1.082,3.5098,-0.108,-0.62505,0.020731,-0.66653,0.14489,-0.59013,-0.14854,7.5384,4.8146,-0.045388,0.54287,-0.64415,0.056393,-0.18385,-0.62119,0.58006,-6.3841,6.4236,-0.17597,0.67999,0.45559,0.43359,0.81472,-0.67592,-8.83,-0.67466,-2.9562,0.26095,-0.36785,-1.1773,0.74328,-0.34627,0.44054,-6.9355,1.9204,-2.0675,-0.69702,-0.194,-2.2181,0.63102,0.83065,-0.25884
3,10.482,0.49168,-0.15053,0.31906,-0.089293,-0.10894,-0.91314,0.039243,-0.50576,-0.006451,9.3922,4.1557,0.013064,0.71744,-1.0219,0.6504,-0.14747,0.29234,-0.25286,-6.4081,8.2382,0.22012,0.5421,0.72143,0.456,0.52371,-0.48259,-10.099,5.069,-1.7138,0.56288,0.39331,1.4002,0.43994,-0.75799,0.10483,-9.5581,-1.6503,-1.9737,0.14461,-0.17516,0.46185,0.88959,0.42231,0.000142
3,-2.5441,3.2579,4.4306,-0.30882,0.53102,-0.007174,0.4015,-0.16874,-0.86909,5.5591,7.2815,-0.7538,-0.18106,0.45965,0.24435,0.54481,-0.64157,0.50423,4.3614,-5.0245,4.3504,-0.12689,-0.36489,-0.20398,-0.18895,0.57443,-0.53398,-6.6614,7.219,-2.257,0.87489,1.0538,-1.6822,0.82334,-0.22142,-0.38233,-6.2009,-7.9641,-1.3676,-0.33514,0.48248,-0.92743,0.70919,0.56352,0.55992
5,8.6165,0.16809,6.0795,0.23875,-0.11393,-0.20886,-0.79722,-0.098617,0.003506,4.6081,9.0031,-0.48775,-0.000887,0.024487,-0.022785,-0.76915,-0.35283,-0.22589,6.8743,-4.5657,5.3683,-0.003765,0.00134,-0.2474,-0.98028,-0.003571,-0.64831,-6.5476,17.959,0.70993,0.23512,-0.38475,-0.92312,0.30182,-0.39245,-0.18924,0.27159,4.2682,2.7174,0.82995,0.17858,-2.0974,0.078206,0.55505,0.2207
4,5.178,0.79898,-3.3525,0.040898,0.88208,0.16766,-1.0171,-0.13909,-0.11188,-5.7082,6.2666,3.7702,-0.34843,-1.2922,-2.2528,-0.10987,-0.68208,-0.43048,0.98979,-4.3825,8.3801,-0.74211,1.2962,0.62528,0.27197,0.27732,-1.0462,-8.2268,-2.5939,0.46117,2.793,-0.30279,2.5422,0.5782,-0.30188,-0.099528,-7.3134,-4.6927,-1.2867,0.67088,-0.21893,2.3515,0.46552,0.40369,0.17155
4,10.513,-1.8151,2.6412,1.4136,-0.1375,0.24808,-0.73027,0.094074,-0.55148,1.6117,7.7802,6.0329,0.024206,1.0102,-0.84093,-0.25804,-0.72405,-0.7554,-3.9301,-6.5047,6.4644,-0.33982,-0.33093,1.5023,0.046858,0.40392,-0.84426,-10.77,-0.34206,-2.04,-0.18894,-0.11377,-1.2166,0.53,-0.28111,-0.057313,-11.476,0.5609,-0.56314,0.029348,0.45179,-1.7531,0.51992,0.21061,0.1902
1,8.7283,-1.7977,2.0263,0.92141,0.14958,0.24781,-0.89004,0.012628,-0.71403,9.1407,0.54289,2.1933,1.052,-0.37905,0.5854,-0.84361,-0.55585,-0.20568,10.541,-2.2539,1.0283,0.77242,0.22617,1.8978,-0.76102,1.5628,1.3038,-10.465,-0.38016,-1.9536,0.44025,0.51416,-1.8996,0.11643,-0.5975,0.056818,-15.149,4.3068,-1.1244,-0.026262,0.39779,-2.7625,0.57175,0.3603,0.14674
8,29.182,-0.52431,11.855,1.1758,0.83802,0.084238,-0.61247,0.51783,-0.1023,5.7798,25.736,10.642,-2.1404,0.57608,-0.88753,-0.52929,-0.31555,-0.48121,7.2484,-24.44,-13.473,0.58454,-0.956,0.6632,-0.086169,0.29331,0.69695,-22.344,-2.5972,0.10971,1.3936,-0.51211,-1.5206,0.42796,-0.081666,0.55375,-22.098,1.9979,-0.70278,-0.63642,-0.36279,1.1115,0.4605,0.1129,-0.463
0,9.105,-0.90959,4.8823,-0.42827,0.19569,-0.21124,-0.78292,-0.045878,-0.9334,9.4454,3.0371,4.0642,-0.30245,-0.18936,-0.049016,-0.75981,-0.58904,-0.27725,8.0798,-2.1766,2.0373,-0.80879,-0.19959,-0.86119,-0.4494,1.0607,-1.0051,-9.7701,0.043462,-1.5882,0.59576,-0.10243,-0.77906,0.6726,-0.28472,0.34674,-16.631,-22.948,-10.158,2.2827,1.2989,-0.031388,0.29609,0.66072,0.39945
5,9.8053,-1.5257,1.7127,-0.058072,0.054876,0.13694,-0.61245,-0.21036,0.17965,0.12111,7.9741,5.644,-0.057127,0.02061,0.07533,-0.14801,-0.56181,-0.05032,0.52891,-5.3663,8.2725,-0.080952,0.01034,0.072954,-0.38005,0.060172,-0.64495,-0.38137,7.0335,-0.35987,0.82845,0.11801,-1.4912,0.2272,-0.57575,-0.28167,-1.795,-10.381,1.6332,0.84137,-0.26055,-1.1924,0.22574,0.4856,0.1429
4,27.613,2.1351,7.3206,-1.3475,-0.14834,0.68623,-0.88537,0.036208,-0.4232,-1.5581,9.2721,-1.2065,-0.23863,0.54227,-1.5694,-0.10282,-1.3039,-0.20536,-1.7258,-9.9434,5.25,-1.0035,-0.4256,-1.0914,0.50292,0.50847,-0.64774,-19.828,-4.0539,-4.1102,-0.13862,0.90619,-2.1734,0.55961,-0.22147,-0.18675,-18.045,-1.5799,0.44667,1.7178,1.4396,-1.6623,0.35269,0.45426,0.13483
2,11.594,1.1,1.9017,-1.645,-0.05241,0.21125,-0.74155,-0.011541,-0.52215,10.456,6.5777,-6.2981,0.67128,-2.7025,-0.87655,0.096186,-0.71397,-0.06587,-3.2189,-10.42,3.6074,-1.0212,1.2819,-1.4787,0.070747,1.0435,-0.27765,-8.6685,-8.9354,-0.93605,-0.87108,1.0246,0.68813,0.37603,-0.68076,0.27989,-18.072,-4.8774,-0.14994,-1.64,-1.3388,2.4537,1.0714,0.48,-0.042716
7,9.6403,-0.30122,1.1718,0.037877,-0.50346,0.10085,-0.7455,-0.074048,-0.60003,-2.0375,5.092,7.4108,-0.181,-1.9828,1.4152,0.62843,-0.18103,-0.68207,-0.95351,-1.2853,8.9168,0.26459,-1.7454,-1.0121,0.4346,-0.2688,-0.78556,2.4046,9.3112,-0.68544,-0.011266,-0.054266,-0.020796,-0.66421,-0.664,-0.19098,3.2915,-8.8332,0.69744,-0.068773,0.14285,0.043554,-0.77299,0.5751,-0.01194
2,26.575,-6.9664,9.0418,-0.94182,-0.19065,0.55762,-1.2069,0.24355,-0.37254,-4.0033,28.813,-1.0577,0.95777,3.0961,3.7538,0.17336,-0.91006,-0.3716,1.8145,-22.663,5.9265,1.8865,-0.019877,5.7572,0.73348,0.82244,-0.8171,-25.516,4.5509,-1.5845,1.4933,-1.7606,-4.1043,0.25002,-0.71319,0.31733,-33.29,2.744,-4.3994,0.47006,1.7103,-5.6393,0.44067,0.61871,0.26885
7,9.1056,-0.67664,-4.9229,0.11489,0.11735,-0.10444,-0.95086,-0.032134,-0.27001,8.7661,0.2979,8.8661,0.22568,-0.49099,-0.13924,-0.12901,-0.008416,-0.9237,7.8758,-4.0018,10.55,-0.35265,-0.31392,-0.31883,-0.033598,0.057551,-0.93448,0.88435,9.518,0.90724,-0.078398,0.064512,-0.063834,-0.68905,-0.63627,-0.25541,1.5416,-9.5471,-0.58861,0.051556,-0.063501,0.048694,-0.74802,0.62884,-0.001004
2,11.583,2.0686,-2.8821,-1.3812,0.95006,-0.76667,-1.1418,-0.028211,-0.59779,-11.818,18.522,-2.5325,-0.24891,-3.8081,-3.8471,0.2258,-0.95286,-0.16975,7.6822,-14.767,6.3235,2.0748,0.6714,-3.5546,0.75048,0.36698,-1.053,-18.18,4.5759,-4.1907,-0.53916,-0.14605,3.8356,0.5001,-0.49453,0.35758,-30.291,-10.193,6.2696,-0.86655,0.84494,-2.3194,0.35108,0.66347,0.2552
6,9.2993,0.048711,0.61532,0.11252,-0.027538,-0.13719,-0.87493,0.34064,0.32488,3.511,0.85539,9.1115,0.05615,0.048911,-0.008976,-0.9436,-0.008928,-0.62694,1.3947,-0.89517,9.5123,0.060745,-0.10193,-0.031618,-0.58501,0.56866,-0.73322,-8.2271,6.1533,-3.3904,-1.0167,0.23162,0.17961,0.6383,-0.111,0.28598,-1.2197,-4.3243,0.69479,-0.30074,0.082966,0.037098,0.56292,0.62397,-0.22941
0,9.0782,-0.52132,4.5806,-0.26871,0.22495,-0.17339,-0.80031,-0.091405,-0.91827,9.6796,3.3081,3.8199,-0.29434,0.033314,-0.25059,-0.76762,-0.58085,-0.2683,8.3772,-2.0538,2.4103,-0.40952,-0.058704,-0.36756,-0.62667,1.1584,-1.2418,-9.5106,-0.42478,-1.7638,0.53538,-0.17246,-0.72891,0.62857,-0.31652,0.34164,-16.617,-25.007,-9.8436,2.0413,1.3332,0.043543,0.29312,0.66749,0.41189
0,7.22,-2.4737,-0.095049,0.082806,-0.50149,-0.1176,-0.75438,0.21628,-0.65653,4.7084,8.9422,-0.1799,0.23234,-0.065778,-0.007085,-0.48259,-0.50409,-0.45841,5.1298,-5.5398,6.9408,-0.008826,-0.24511,0.078159,-0.12664,0.73195,-0.92458,-9.3902,2.4799,-2.7011,0.486,-0.011618,-0.41271,0.68213,-0.56206,-0.12405,-12.785,0.86586,0.39197,-1.945,1.7145,-2.6532,1.0342,0.43865,0.058406
8,33.201,-3.2657,9.1101,0.22237,0.52471,0.12619,-0.50392,0.048874,-0.61221,34.437,1.0871,7.6233,1.3167,-0.69138,0.05348,-0.50062,-0.41846,-0.37562,36.015,-7.8825,5.2965,-3.5467,0.27301,-0.97073,-0.43129,0.33887,-0.49195,-30.425,-11.887,7.0466,1.5193,-0.6582,-1.4934,0.63994,-0.3609,0.009672,-30.203,14.478,5.1762,0.034604,-0.42469,1.1817,0.64153,0.28903,0.28824
3,6.8058,0.55976,0.52672,-0.40974,-0.39249,0.079069,-0.70385,-0.007502,-0.64943,3.4098,5.0502,5.9011,-0.20754,0.52695,-0.9977,0.84081,-0.10282,-0.292,2.6765,-3.9583,8.6869,0.26071,0.90061,0.39392,0.1097,0.26286,-0.70813,-7.6931,2.2019,-2.3233,-1.3469,0.31145,1.9624,0.78904,-0.43693,-0.21245,-6.6931,-3.5155,-1.9434,0.02042,0.16342,0.94488,0.74184,0.54659,0.4044
1,13.333,0.21886,2.5432,0.11154,-0.000761,-0.52367,-0.76166,-0.021657,-0.45203,12.37,5.0155,0.86864,-0.042781,-0.42404,-0.20499,-0.77872,-0.59204,-1.0211,10.369,-2.4051,3.2055,0.62265,-0.82332,-1.1816,-0.68434,1.1746,-0.75609,-12.211,0.27386,-2.2066,0.76217,-0.37565,-0.77514,0.85131,-0.2329,0.28425,-8.5319,-11.397,-4.8205,1.7794,0.63689,-0.14716,0.73966,0.97907,-0.1352
6,8.5965,0.48458,4.8208,0.22005,-0.14017,-0.17611,-0.91174,0.31457,-0.064551,3.1445,7.0543,5.7751,0.16863,0.16855,-0.1207,-0.81783,-0.36355,-0.56376,1.2389,-3.8709,9.069,0.083053,-0.10071,-0.050717,-0.68327,0.62835,-0.58569,-4.9466,4.7935,0.16669,0.88724,0.75326,-2.0358,0.64757,-0.46319,0.13981,-8.5404,-9.0962,-5.5837,0.46786,0.3083,-1.5239,0.7075,0.44481,-0.10227
6,10.058,-0.1172,1.8019,-0.23184,-0.30204,0.17192,-1.0412,0.41016,0.14675,-2.1029,8.8372,4.781,0.26689,0.07407,0.13662,-0.49895,-0.61214,-0.61436,1.7662,-1.5666,9.4845,-0.052825,0.13284,-0.010073,-0.58113,0.49567,-0.68468,-9.2258,7.4746,-1.2504,0.89184,0.046004,0.9079,0.62562,-0.22137,0.25817,-1.0271,-1.835,1.6231,-0.33021,0.11397,0.78565,0.46738,0.59998,-0.33499
7,9.7333,-0.31617,0.29908,0.25389,-0.052699,-0.006469,-0.76853,-0.097236,-0.58177,1.4527,4.7554,8.1414,0.14201,-0.18109,0.21682,0.46101,-0.27185,-0.78563,1.9761,-3.8965,8.3398,-0.19245,-0.24814,-0.062379,0.35914,0.060745,-0.8755,0.63406,9.3651,-1.6084,0.053814,0.055329,-0.15755,-0.66114,-0.70582,-0.009325,1.2473,-8.7608,-3.7984,0.026336,-0.055414,0.10995,-0.68829,0.61845,0.29144
3,7.2311,-0.57269,1.3055,0.28326,0.28192,0.18845,-0.69702,0.031049,-0.6553,4.1535,5.6291,5.5386,-0.11061,-0.64427,1.4886,0.71243,-0.28028,-0.27094,3.2656,-3.1149,7.8545,-0.25796,-0.94445,-0.36179,0.060612,0.2217,-0.73411,-7.2407,2.5216,-3.0199,0.55824,-0.29896,-1.5747,0.80301,-0.42779,-0.19941,-8.3974,-2.2131,-0.39975,-0.26893,0.02979,-0.95941,0.79043,0.41301,0.41594
0,6.9104,-0.12606,3.3023,-0.14605,-0.015308,-0.073498,-0.6141,0.18214,-0.63997,8.8987,1.0613,1.1599,-1.1177,0.77477,-2.0233,-0.47364,0.072334,-1.0385,8.0263,-2.4842,2.8018,-1.0413,-0.38044,-0.62697,-0.59087,0.86666,0.24344,-8.2637,-4.0338,-1.6561,-2.3374,0.74078,1.5684,0.38586,-0.65281,0.4645,-9.8385,-0.27937,-2.2469,-0.49712,-0.058045,1.6925,0.98486,0.50986,-0.15021
1,6.6664,1.3199,0.25722,-0.79172,-0.12505,0.25857,-0.75457,0.047676,-0.43941,7.3105,3.4138,-0.5197,-0.79207,0.17355,-1.5793,0.46645,0.54599,-1.748,7.199,-1.7939,2.3855,-0.1325,-1.2495,-1.443,-1.2138,0.89877,-0.36999,-6.5834,-3.6962,-1.1447,-0.95953,0.37108,1.5758,0.4378,-0.70081,0.30937,-9.1835,-0.94582,-1.1116,-0.40857,-0.35771,1.4596,1.0825,0.61924,-0.096942
4,5.9456,0.15107,1.5139,1.0293,0.86248,0.59982,-0.73065,-0.12936,-0.56074,2.6254,5.4673,5.6709,-0.21931,0.27558,-0.13072,-0.21506,-0.68232,-0.69051,-4.3916,-7.0414,6.6545,1.9581,-0.18774,2.2098,0.16153,0.51131,-0.69323,-10.655,3.6469,0.29213,-0.51537,0.3385,-1.8901,0.51855,-0.27298,-0.15049,-9.7237,-3.0887,0.10003,-0.45416,-0.43139,-2.1386,0.58735,0.23726,0.007677
0,11.756,1.1993,1.1275,0.073695,0.52664,-0.15347,-0.84002,0.07447,-0.57892,5.4577,5.0906,7.9628,0.13048,-0.20233,0.10342,-0.2472,-0.18063,-0.74825,5.0276,-5.7108,8.8518,0.095159,-0.38655,-0.71875,-0.28672,0.79968,-1.1697,-13.464,9.1794,2.5201,1.017,-0.49833,1.9059,0.71679,-0.076864,0.50612,-15.422,-3.0132,-4.1718,-0.26566,0.13624,-0.37069,0.82574,0.52673,-0.25524
7,10.206,0.75781,-2.0168,-0.085135,0.5532,0.029172,-0.69053,-0.25124,-0.60709,4.4632,10.378,-0.39279,-0.21633,-0.012748,-0.29238,0.39675,-0.84928,-0.093424,5.6694,-2.9903,9.1096,-0.11904,0.29779,-0.11216,0.19682,-0.025564,-0.93788,-1.0167,8.4894,3.9856,-0.077123,0.095626,-0.13007,-0.69685,-0.5594,-0.36266,-2.4862,-9.2364,1.2892,-0.10843,0.097628,0.086365,-0.56785,0.78257,-0.080558
3,8.3363,0.34058,-0.33642,0.21893,0.17294,-0.04537,-0.94514,0.031192,-0.46317,1.625,8.4831,3.3737,-0.43685,0.48721,-1.2646,0.61513,-0.22527,0.21345,1.8232,-7.165,5.9993,0.099881,0.41679,0.91409,0.45507,0.63603,-0.44682,-10.272,6.4905,0.42399,-0.88344,0.64734,1.523,0.48949,-0.71772,0.1122,-8.8349,-2.6853,0.14219,-1.5438,-0.38127,1.4274,0.81577,0.52336,0.031091
2,7.574,-1.7488,2.2378,0.86501,-0.65277,-0.18042,-0.82208,0.24923,-0.46739,-0.78379,9.8013,0.89361,0.34178,1.0048,1.1213,0.10224,-0.45097,-0.42531,6.8789,-2.7792,-0.51962,0.49278,-0.62521,1.4408,0.15792,1.1314,-0.3227,-18.282,4.6811,1.7254,0.074368,-0.24243,-2.8352,0.9407,-0.30651,0.33343,-9.1827,6.551,-1.4433,1.1559,-0.12443,-2.9725,0.97303,0.85809,-0.34257
5,9.3207,-0.96215,5.3365,-0.36775,0.17867,0.091483,-0.65302,-0.067723,0.050256,-0.17261,5.8974,8.5574,0.17974,0.11282,-0.007987,-0.2103,-0.39326,-0.29163,-0.076951,-1.9234,9.9414,-0.256,0.20228,-0.023856,-0.52128,-0.1098,-0.59416,-2.2392,12.11,-4.2545,-0.90636,0.36874,1.9278,0.32111,-0.56848,-0.00647,0.24492,-7.5763,1.2794,-0.25495,0.044796,2.5262,0.16515,0.59229,0.11223
5,9.4434,-2.307,4.8205,-0.002745,-0.16366,-0.048313,-0.8059,-0.056606,0.03556,-1.0071,8.5453,5.0616,0.1028,0.035872,-0.14245,-0.13361,-0.49457,-0.086276,0.78908,-3.3213,10.075,-0.041209,0.20897,0.006521,-0.50915,-0.091583,-0.59966,-3.1518,8.3282,-0.68281,0.93238,-0.079321,-2.7323,0.23711,-0.50711,-0.24425,-3.4908,-12.679,-2.8963,0.51067,0.62388,-2.1502,0.29188,0.38427,0.19133
6,9.3875,0.25262,1.6942,0.32559,-0.38796,-0.43589,-0.85906,0.3273,0.18678,-0.085233,5.253,7.8316,0.22295,0.24576,-0.23232,-0.43648,-0.13364,-0.79822,0.51111,-0.69838,9.3044,0.053131,-0.17923,-0.090275,-0.35503,0.50763,-0.6701,-10.052,11.543,-4.15,0.75156,-0.51736,-1.408,0.549,-0.09374,0.36082,-5.1935,-5.2369,-0.18405,0.24901,-0.22485,-1.9158,0.5025,0.48403,-0.36333
0,7.3086,-0.78662,2.6495,-0.1978,-0.21611,-0.22963,-1.0413,0.035299,-0.62492,2.6774,6.2365,5.0718,0.067889,-0.036801,-0.25662,-0.35742,-0.65488,-0.7728,3.0028,-6.709,5.2923,0.03801,-0.24347,0.15793,-0.001446,0.96386,-1.0622,-10.598,-1.7992,0.98522,0.41387,-0.24904,-1.4493,0.38525,-0.58138,0.3435,-7.3153,2.6257,-0.008344,2.7969,-0.12173,-0.77113,0.2585,0.72319,0.23088
4,10.527,-1.6138,8.4788,2.3054,0.47876,-0.32184,-0.8645,0.024398,-0.49824,-5.5033,6.8531,-2.7525,-0.46056,1.2821,0.62587,0.023762,-1.2913,-0.2454,-0.18721,-4.8068,4.534,-2.1168,-2.0923,-2.2857,0.40764,0.44018,-0.87818,-17.087,2.2885,0.74001,-0.45242,0.43646,-1.9122,0.63015,-0.17299,-0.14033,-9.9546,-1.6982,1.7216,1.6207,0.79109,-0.28791,0.34661,0.39173,0.040644
4,5.6744,1.4431,0.37936,-0.74032,0.31038,-0.34588,-0.81784,-0.31321,-0.32311,-6.4677,6.5261,5.5119,-0.11171,0.25997,-2.3482,-0.20597,-0.58866,-0.7144,6.1916,-5.0209,6.6032,-0.30146,0.94628,1.4514,0.033303,0.55468,-0.99902,-9.9906,3.1044,-2.2228,1.3898,0.52951,2.598,0.66826,-0.17539,-0.029707,-9.4297,-1.1224,-2.5421,-0.22833,-0.93786,1.7559,0.49235,0.30631,0.25333
0,9.2387,-1.1257,-0.11935,0.95801,-0.075243,0.10113,-0.69288,0.088425,-0.57834,6.9984,3.4087,0.93124,0.030385,-0.51136,1.2762,0.057422,-0.18391,-0.98561,8.8688,-3.6378,2.5221,0.2187,1.3575,1.6231,-1.4833,0.99864,0.16688,-12.403,0.16392,-0.8297,-0.29758,0.2285,-1.1919,0.47205,-0.62932,0.29062,-15.844,3.8306,-2.8083,-0.50347,0.20586,-2.3468,1.0632,0.62782,-0.13665
3,5.6648,0.22933,0.15869,-0.51764,0.25886,-0.18947,-0.71934,-0.055488,-0.62802,3.8301,5.7178,5.6715,0.41186,-0.96701,0.22746,0.69511,-0.21828,-0.33633,2.5637,-3.4215,8.0261,-0.046107,-0.004723,-1.1883,0.07535,0.22351,-0.72368,-7.6745,1.4094,0.70172,1.3015,0.058131,1.8603,0.82909,-0.36515,-0.26626,-5.8587,0.47795,2.1308,0.91565,0.31903,1.7139,0.71924,0.67142,0.2655
3,2.985,-2.0326,1.1311,0.96935,2.329,-0.22441,-0.75754,0.10417,-0.74043,5.3493,3.833,1.1757,-0.51973,-1.1621,-2.3073,0.73239,-0.54292,0.31326,6.4308,-1.8304,6.3092,-0.62711,1.4286,0.21421,-0.13753,0.46754,-0.62682,-2.4749,1.0777,1.0797,0.46491,-0.34476,2.0709,0.76903,-0.30203,-0.48586,-7.0645,-0.49703,-2.3389,0.34907,0.44306,2.585,0.80114,0.30582,0.62113
7,8.67,-0.79363,-5.1822,-0.19404,0.41544,0.36258,-1.0927,0.24206,-0.24806,4.4449,9.4328,5.927,0.31597,0.22341,0.18999,0.29803,-0.67635,-0.57049,6.4183,-0.91778,7.8125,-0.19708,-0.067621,-0.040948,0.07675,-0.10867,-0.92436,1.7614,9.4699,1.9914,-0.061277,-0.1168,-0.038222,-0.71425,-0.6112,-0.20801,1.7256,-9.9256,-1.8115,-0.23562,0.047573,0.017134,-0.71986,0.62886,0.14495
5,9.6077,0.14868,2.532,-0.1177,0.17602,0.091323,-0.58625,-0.17238,0.17155,2.8078,0.66262,9.2781,0.001474,0.029769,-0.026451,-0.27919,-0.16911,-0.23947,1.6511,-1.2786,9.7342,0.054225,0.041643,-0.003875,-0.62384,-0.12629,-0.51388,-3.5109,11.027,0.57954,-0.92601,-0.47627,1.3587,0.38103,-0.52262,-0.19096,0.30334,-7.1399,-1.6335,-0.86042,-0.45539,1.6577,0.21361,0.49883,0.29288
2,22.556,-7.7816,2.203,-0.30189,-0.025922,0.40188,-1.2984,0.23508,-0.38042,-8.9465,26.659,0.25388,0.65329,4.1737,3.8146,0.40383,-0.98227,-0.53092,-0.87375,-28.865,4.7668,1.8082,-0.99344,5.2954,0.92274,0.89745,-0.56503,-19.007,-0.2083,2.0553,0.87315,-2.69,-3.0459,0.29191,-0.70674,0.30502,-25.788,5.3331,-5.0128,0.088173,0.9316,-4.8927,0.28355,0.64011,0.37408
0,9.2752,0.84342,3.8188,0.048933,0.049471,0.077671,-0.65331,0.085866,-0.60782,8.4586,1.5547,-1.7114,-0.025237,0.14551,-0.51139,0.11622,0.023839,-0.5818,7.2858,-4.0178,5.0841,0.035544,-0.37149,0.12362,-1.2846,0.51898,0.14061,-14.826,13.304,-3.9904,-1.4265,1.424,-0.63901,0.45627,-0.66292,0.25134,-10.253,-2.818,-1.8548,-0.88394,-0.20068,0.88724,1.1193,0.42608,-0.066008
5,9.4818,-0.81763,3.3193,0.065096,0.019314,-0.11503,-0.61552,-0.10788,0.11263,6.817,4.7957,5.3523,0.021883,0.025372,-0.061613,-0.89623,0.045778,-0.21475,5.4009,-5.7658,5.4847,0.045323,-0.0303,-0.088011,-0.80279,0.15185,-0.65625,-2.7949,4.57,-1.8127,1.1867,0.72661,-2.7295,0.43031,-0.50552,-0.14553,-1.1856,-10.416,-1.713,0.79912,-0.25944,-2.1223,0.26818,0.49169,0.22082
9,11.229,-0.58231,2.9422,0.39599,-0.060625,-0.23823,-0.75661,0.16758,0.30809,11.228,3.2785,2.6679,-2.9864,-0.44845,0.36299,-0.63784,0.23257,-0.43784,5.7129,-5.2567,7.7034,0.71701,-0.49687,-0.64643,-0.5189,0.50134,-0.3766,-12.011,4.0726,-1.4669,0.68632,-0.57955,-0.68682,0.52799,0.53582,0.51924,-10.697,-4.7824,0.23121,-3.6976,1.4317,-0.21843,0.78269,-0.13175,0.10926
0,9.8082,0.57363,3.9895,-0.088782,-0.04331,0.30097,-0.64921,0.12397,-0.60194,9.0926,2.4926,-0.93998,-0.006848,0.11941,0.053348,0.10916,0.21914,-0.58222,7.7887,-4.6513,6.2823,0.044553,-0.54929,-0.057647,-1.2085,0.6332,0.18935,-18.525,7.7599,3.7925,0.032463,0.45989,0.80842,0.49472,-0.66021,0.22795,-9.8887,-4.7589,-1.4079,-0.59328,-0.48766,0.73166,1.1691,0.37397,-0.10674
9,11.242,-2.8472,-0.006847,0.32175,0.05744,-0.09743,-0.7187,0.010736,0.50145,11.407,7.6907,-3.172,4.6908,2.8287,2.309,-0.82205,-0.094838,-0.0172,1.6613,0.65568,-7.7649,0.077688,-3.8023,-2.0859,-0.40628,0.50969,-0.5769,-12.886,-4.1261,-1.4882,1.271,-0.31609,-1.0484,0.63183,0.5634,0.18249,-13.031,3.5581,0.96054,-1.092,-1.3844,-2.2701,0.73321,-0.33262,-0.19206
3,6.3807,0.41335,-0.49519,-0.45554,-0.10819,0.018887,-0.88547,-0.10985,-0.37668,6.8734,2.2307,5.0418,-0.58894,-0.49014,0.15932,0.16711,-0.52007,-0.25933,6.6313,-4.2769,4.3799,0.41809,-0.29068,-0.78623,-0.30857,0.43767,-0.63294,-6.815,-0.019779,-2.5708,-0.2331,0.086979,0.77815,0.89806,-0.073351,-0.32933,-6.2354,-5.9583,-1.7747,0.074632,0.22076,1.3178,0.59649,0.8525,0.47105
2,3.3444,-0.000716,-1.7434,-1.527,2.0452,0.53874,-0.68709,0.19482,-0.57516,2.9142,4.9856,2.3334,0.078691,-0.19015,0.57747,-0.20467,-0.15252,-0.65221,3.3112,-4.8543,5.7681,-0.1236,-0.22657,-0.074251,0.18961,0.7552,-0.84212,3.6357,1.2236,2.1298,-0.25383,-0.83244,-0.5826,0.38683,-0.67286,0.37607,-3.9367,-9.9156,-0.63347,-2.2312,-0.244,1.9239,1.1111,0.21595,-0.11216
9,6.4148,-4.5327,-3.2152,1.9322,-0.06136,-0.53777,-1.0202,-0.034621,-0.035661,4.934,6.1865,0.90122,1.1598,0.949,-0.21562,-0.78376,-0.40698,0.27807,2.1395,3.5529,-11.436,1.8135,-1.9756,-1.2778,0.31015,0.17102,-0.85173,-9.2923,2.9049,0.16967,0.25663,0.16009,-0.41986,0.85856,0.051567,-0.47457,-8.9824,-0.24618,1.5071,0.14588,0.75873,0.16027,0.72126,0.37868,0.55254
4,10.341,-0.10774,1.4022,-1.2719,0.77989,0.19213,-0.72555,-0.014996,-0.56445,3.2131,7.7178,7.7677,0.41366,-0.13482,1.5258,-0.15613,-0.91358,-0.85157,-11.841,-7.541,4.3811,-0.34473,-0.6631,-1.0231,0.41948,0.55841,-0.44236,-5.0294,1.6506,-1.4942,1.1026,-0.24647,-0.90318,0.46468,-0.21899,-0.15105,-7.6218,-5.8186,-0.14938,-0.92896,-0.46137,-1.4652,0.64252,0.18799,0.090676
7,9.6979,-2.0917,-1.2436,0.12673,0.18989,-0.093577,-0.96764,0.37435,-0.51502,2.1623,9.2904,9.7957,-0.004032,0.39548,-0.045962,0.34574,-0.60453,-0.63177,3.4844,-0.28509,12.226,-0.40497,0.34049,-0.074765,0.15563,-0.16394,-0.9118,1.4881,8.6461,1.4466,-0.1755,0.12074,-0.6359,-0.65884,-0.66622,-0.22743,1.5944,-8.4129,-0.56947,0.18998,-0.20542,0.49922,-0.69127,0.67521,0.079211
7,9.6636,-0.32327,-1.9412,-0.41591,-0.31438,0.056144,-0.91984,0.014575,-0.34308,4.4562,2.9441,8.2914,-0.14059,-0.25244,-0.001116,0.13689,-0.32656,-0.87611,4.8074,-2.0566,8.0749,0.21371,-0.24665,0.048618,0.046518,0.095573,-0.93943,-0.18641,9.253,-2.7009,-0.214,-0.006555,0.68788,-0.46048,-0.84941,0.015497,0.26882,-7.7996,-6.0667,-0.093754,0.54633,-0.37895,-0.51465,0.6506,0.50909
6,8.2836,0.94179,5.1313,0.39609,0.007842,-0.15905,-0.91253,0.28836,-0.11998,1.8222,7.9715,5.006,0.11372,0.14615,-0.12956,-0.74946,-0.496,-0.53616,0.73353,-4.1083,8.8417,0.061772,-0.10552,-0.023456,-0.64073,0.65506,-0.58633,-6.0466,5.7192,0.65614,0.63916,0.69959,-2.103,0.64618,-0.44055,0.15742,-8.3884,-8.3182,-6.2597,0.51688,0.35113,-1.7175,0.69454,0.46242,-0.073202
1,10.795,-0.72723,4.0503,-0.118,-0.55875,0.013156,-0.71967,0.15492,-0.50503,0.1319,8.942,5.5284,0.3079,0.26804,-0.83479,0.068004,-0.1732,-0.62347,-0.69014,-7.5317,7.3122,0.002526,0.6711,0.46681,0.49603,0.84246,-0.56472,-10.452,0.053061,-3.0529,0.27055,-0.34297,-1.1295,0.79443,-0.29929,0.41673,-5.702,-6.4871,0.97877,0.10874,0.68529,-0.92061,0.54699,0.92813,-0.17007
3,5.9026,-1.3159,0.46041,-0.37836,-0.19139,0.17989,-0.67366,-0.053812,-0.66966,5.7203,2.5816,6.8234,0.37049,0.99341,0.25611,-0.084978,-0.39476,-0.86289,5.694,-2.3034,5.5092,0.42857,0.43593,0.78899,-0.14687,0.33194,-1.0042,-7.7585,4.2879,-0.97209,-0.553,-0.091508,-1.0843,0.82313,-0.15673,-0.44625,-6.3393,-2.2484,0.69252,-0.56616,0.10741,-2.1334,0.78047,0.6666,0.19452
0,7.8446,-1.0805,4.1749,-0.48443,-0.32337,-0.007598,-0.61022,0.13275,-0.65489,0.95566,7.6607,5.8624,-0.222,0.006087,-0.41857,-0.075893,-0.25398,-0.64238,2.3847,-5.619,7.2256,-0.14805,0.68988,0.084269,0.26686,0.72028,-0.87886,-9.8561,-0.23494,-1.9739,0.56999,-0.34407,-1.1089,0.74412,-0.33746,0.41281,-4.1665,3.3235,1.1159,-0.81311,-0.54898,0.36585,0.73268,0.71532,-0.22364
7,10.103,-1.4092,-4.1019,0.98222,0.038222,-0.35625,-0.93271,0.34667,-0.36742,2.7766,6.3157,6.9173,0.19747,-0.070306,0.035159,0.36233,-0.58789,-0.63732,4.8458,0.66323,8.8338,0.065261,-0.006836,0.003313,0.13844,-0.20042,-0.90753,1.3662,6.8073,1.6001,-0.31127,-0.13307,-0.65785,-0.5671,-0.73856,-0.24716,1.8564,-6.5861,-0.15694,0.36081,-0.21155,0.59421,-0.61331,0.74674,0.095625
9,9.9868,1.0796,2.9115,-0.16908,-0.61447,0.36417,-0.75955,-0.35718,-0.4834,9.4129,2.0294,3.7858,-2.1201,-1.3427,-4.4397,0.50638,-0.704,0.28492,7.3297,-3.6225,5.282,1.6077,-1.4732,2.5865,-0.087318,0.29141,-0.83949,-11.833,-3.0219,0.63403,-2.431,-0.076925,1.0971,0.64186,0.042088,-0.63157,-8.0616,0.97699,-0.86392,0.70478,0.56422,0.097876,0.71325,0.11978,0.53142
9,9.2889,0.89983,-4.643,0.07573,-1.4847,-0.3829,-0.8293,-0.44489,0.066426,-0.014212,3.0955,5.5696,-1.0041,0.43934,-1.4809,0.065199,-0.83168,-0.43261,12.15,-0.95615,0.68586,-3.7089,1.7945,0.36334,-0.8447,0.15651,-0.32692,-9.346,-0.057645,-1.4986,-0.066526,-0.2486,0.097296,0.63595,-0.43628,-0.49176,-11.681,-3.1339,-5.25,1.9617,-0.21095,1.1192,0.61464,0.53113,0.5095
2,-1.6055,-0.68588,-3.276,-3.3476,1.0188,-0.24994,-1.088,0.007121,-0.50817,-8.1302,-2.7915,0.48127,-1.3805,-2.0737,-2.2067,0.11231,-0.83516,-0.25917,8.7897,-2.2367,1.0433,0.72698,0.17783,-4.3575,0.50509,0.78584,-0.83969,-1.1947,1.3896,1.0456,2.1044,0.53515,2.0306,0.63711,-0.21786,0.39781,-12.206,-20.602,3.9787,-0.35312,0.24842,0.037357,0.54919,0.57676,0.090424
5,7.0564,1.001,6.9518,-0.20374,0.23704,0.11026,-0.64955,-0.21639,-0.08938,4.865,7.8537,-3.5673,-0.070014,-0.045258,0.11489,-0.7827,-0.28641,-0.11388,6.553,-7.3945,1.3566,-0.1444,0.18465,0.19753,-0.94932,0.28074,-0.60626,-3.0498,10.123,1.1546,-0.060459,-0.80369,1.9544,0.2693,-0.49859,-0.36052,-4.0512,-11.674,-3.6729,-0.074197,-1.1092,1.867,0.28458,0.36818,0.30348
7,8.0051,-0.27604,5.4588,0.15888,-0.64026,0.12159,-0.41126,-0.038057,-0.86172,-4.6574,2.9207,8.2139,0.39357,-0.62602,0.31626,0.83762,-0.089349,-0.44655,-4.1008,-0.39396,8.5044,-0.67366,-0.89305,-0.31013,0.72547,-0.21426,-0.56888,2.5026,9.3715,-0.52627,-0.015144,-0.006652,-0.002023,-0.68219,-0.64479,-0.19591,3.3509,-9.0739,0.89356,-0.000394,-0.028686,0.011497,-0.7781,0.57073,-0.017913
9,8.9601,-2.5268,0.26521,1.1597,0.44784,0.65514,-0.69771,0.59857,0.022616,8.5298,0.21346,1.0928,0.31599,-0.56283,1.2799,-0.6544,0.10987,-0.60788,13.096,-5.289,2.3919,-0.043022,-0.91665,-2.876,-0.77993,0.28149,0.23505,-10.006,-0.53077,-1.3518,-0.21044,-0.090756,-0.54948,0.74345,0.094586,0.47163,-9.9814,-1.5638,0.70323,-0.67161,0.044012,-0.67735,0.86511,0.058136,-0.33851
8,32.969,-2.5699,7.2851,0.067666,1.0806,0.10655,-0.50906,-0.006279,-0.60467,30.606,4.959,6.8517,0.007071,-0.37968,-0.26063,-0.50835,-0.47513,-0.2614,29.913,-10.406,6.4645,-4.3957,0.28883,-0.47019,-0.42453,0.37203,-0.47535,-29.124,-11.483,7.5844,0.56292,-0.40833,-1.6702,0.62711,-0.35674,-0.01567,-28.187,15.293,4.6581,-0.009187,-0.34853,1.526,0.62965,0.29374,0.27327
1,13.573,0.50464,2.2566,-0.64424,-0.087229,0.37161,-0.92037,0.10334,-0.4207,11.763,0.55975,2.9264,-0.59423,-0.034567,0.59844,-0.1728,0.94722,-0.75157,12.081,-2.4859,4.0278,-0.50835,-0.46527,-0.063536,-0.87318,0.88154,0.22667,-7.2245,3.2532,-1.9706,-0.30938,-0.16484,-0.41882,0.39041,-0.73277,0.33593,-12.625,-2.2713,-0.60419,-0.13337,-0.34386,0.8325,1.0002,0.19683,0.055273
7,3.8119,-3.3995,7.9612,1.6737,2.1413,1.0364,-0.16759,0.32726,-0.97916,-0.91216,11.711,11.157,-0.51555,-1.3239,-1.1943,0.48227,-0.30847,-0.76854,0.51266,2.8395,10.984,-2.1333,2.329,0.80468,0.46794,-0.36676,-0.74963,-2.4251,8.4793,3.4879,0.084751,0.025637,0.31447,-0.21362,-0.88598,-0.29104,-3.3586,-7.7585,0.28967,-0.62189,0.16098,-0.10127,-0.19415,0.944,0.11794
5,9.4771,-1.6335,1.6778,-0.032874,0.076469,-0.24242,-0.60856,-0.21804,0.1719,0.72409,6.8198,6.7544,0.11719,0.019599,-0.18995,-0.17996,-0.53639,-0.1368,0.80875,-3.96,9.3223,0.17398,-0.073674,-0.20495,-0.4215,-0.057116,-0.61601,-4.4867,9.5511,-1.3016,0.20879,-0.16375,0.36437,0.33994,-0.49351,-0.1783,3.4693,-7.7729,1.5289,-0.36008,0.15144,0.63692,0.039297,0.60588,0.12291
8,0.42792,0.59269,-0.90139,-0.90668,-0.08182,0.12869,-0.63552,0.37759,0.35596,-1.4442,0.80221,1.0491,-0.68456,1.408,-1.1949,-0.64528,0.15146,-0.2691,-1.4832,-0.81961,1.5642,0.46425,1.5088,0.56481,-0.76848,0.29759,0.10536,-0.6477,0.43444,2.64,-1.3209,-0.041046,-0.20737,0.68049,0.12375,0.5527,-0.17808,1.8149,1.2272,-0.57439,0.23116,-0.018754,0.63268,-0.27252,-0.2645
3,8.0555,0.86003,-0.89004,0.67547,-0.37988,0.073481,-0.88138,-0.23756,-0.26238,5.7678,6.421,4.6559,-0.2157,0.4302,-0.035325,0.45115,-0.40885,-0.3797,8.2658,-3.8363,3.7228,-0.25119,-0.046918,0.48934,-0.50164,0.28903,-0.55274,-9.6354,4.3097,-1.9829,-0.47234,0.079243,-0.98433,0.87439,-0.30501,-0.18693,-9.4101,-1.0241,0.1853,0.12789,0.64603,-1.2989,0.80104,0.27874,0.48973
0,8.6867,-0.34315,1.4071,0.66515,-0.014862,0.19512,-0.70947,0.19255,-0.68924,3.8914,8.2529,0.018235,-0.24133,-0.44712,0.41233,-0.47026,-0.55172,-0.44671,4.9196,-3.7078,6.8275,0.15988,-0.38284,-0.31218,-0.12919,0.76601,-0.87004,-19.039,-0.59643,-2.5014,-0.26532,0.60848,2.6752,0.81017,-0.44642,0.055685,-6.7415,1.2478,-1.5517,0.25221,0.17622,1.9196,1.0148,0.42819,-0.17329
1,9.7818,-1.2262,-1.8743,0.76076,0.1259,0.039223,-0.76204,0.15211,-0.44193,9.2235,3.1226,0.18392,0.71881,-0.094793,2.0564,-0.058693,-0.029985,-1.5497,7.83,-4.2472,2.8289,-0.25283,0.62675,0.86315,-1.1932,0.84574,0.35966,-10.011,-1.4493,-1.5957,0.035269,0.47427,-1.4166,0.52371,-0.70653,0.19874,-14.574,4.2036,-3.1593,-0.65818,0.29993,-2.5642,1.0787,0.5429,-0.039196
5,9.7398,-0.53997,2.0085,0.32109,0.01928,-0.22679,-0.58998,-0.20706,0.13797,3.1169,0.76692,9.136,0.036724,0.06861,-0.052384,-0.30859,-0.15963,-0.21702,1.8352,-0.79413,9.2259,0.10136,-0.1139,-0.008435,-0.64539,-0.12131,-0.50037,-3.7019,13.294,-0.77585,-0.012945,0.089943,0.029437,0.43357,-0.54082,-0.05933,4.0787,-5.5919,-1.9151,0.29057,0.44523,-0.71319,0.13702,0.51794,0.3068
5,6.8899,0.58504,6.6475,-0.16284,0.14102,0.1089,-0.64988,-0.23119,-0.061007,4.6776,7.2248,-4.4445,-0.023263,0.079999,-0.088192,-0.74267,-0.33548,-0.14425,6.1107,-7.2684,1.1112,0.041027,-0.16745,0.16873,-0.8986,0.32599,-0.66104,-2.6851,10.82,2.8352,0.043281,-0.60305,1.2628,0.31576,-0.44,-0.33521,1.374,-5.6851,-2.1691,-0.55499,-1.2089,1.6122,0.14025,0.42388,0.4038
1,8.7684,1.8281,1.9134,-0.25624,0.74944,-0.24622,-0.74843,-0.20973,-0.7468,0.1094,6.1855,7.1174,-0.033994,-1.2652,-0.015882,0.23014,-0.63761,-0.78391,1.3476,-5.3182,7.8737,-0.12737,-0.60845,-0.76449,0.19572,0.43661,-1.1507,-11.8,-3.6552,-2.4478,1.122,-0.16388,2.024,0.51595,-0.48601,0.10673,-12.43,-0.069236,-2.0234,-1.2177,-0.21746,1.915,0.25767,0.72067,0.051576
6,9.6549,-2.0433,0.77376,-0.54201,-0.34139,0.35222,-0.79117,0.20275,0.29485,1.0335,4.487,8.4989,0.043754,-0.053873,0.10013,-0.37744,-0.12532,-0.67148,0.37448,-1.6998,9.4129,-0.050138,0.18526,0.18757,-0.43109,0.48212,-0.59174,-3.4266,1.8029,-2.5948,-1.0329,0.71146,0.8514,0.5274,-0.35572,0.371,-8.2253,-10.669,-1.5168,-0.093671,0.17655,0.27466,0.64297,0.034923,-0.30597
9,8.2677,-1.2968,0.85536,0.15516,0.11247,0.040522,-0.7158,-0.22226,-0.63181,1.5105,7.5313,3.6052,0.091382,0.89146,-0.52759,0.77761,-0.54822,-0.30558,1.5603,-10.069,-0.38557,0.89585,-0.25794,0.81185,0.30163,0.63752,-0.67883,-9.9068,1.8284,-0.82195,-0.25783,-0.68934,0.8825,0.70671,-0.49787,-0.47118,-8.5347,0.76007,1.3259,1.1391,0.16394,0.40523,0.95372,0.41407,0.20922
8,21.431,-4.487,1.1534,-4.4835,-2.2712,0.85659,-0.64018,0.45733,0.23441,42.767,3.8369,-7.1219,0.67632,1.5724,1.0858,-0.60522,0.09199,-0.36316,27.61,-6.6605,1.7994,0.90818,-0.19743,-0.55059,-0.78219,0.32216,0.061821,-13.545,16.646,-7.1234,-2.5304,1.3657,0.94946,0.74928,-0.10108,0.72864,-34.856,-29.761,-1.1559,0.51869,0.64659,-2.0583,0.6563,-0.18998,-0.36189
1,10.197,-4.0292,4.1809,0.05218,0.27663,-0.068385,-0.6171,0.38277,-0.70552,1.7914,8.0933,2.3369,-0.19642,0.15864,0.094271,-0.18769,-0.57011,-0.48894,0.79012,-5.021,4.5709,0.41549,0.31892,-0.19062,0.26029,0.68076,-0.83537,-9.9452,1.0335,-0.58987,1.1527,0.53686,-0.82986,0.69548,-0.60935,0.043776,-9.4524,2.954,-1.4206,2.0243,1.4233,-2.7428,0.68432,0.70114,0.15764
4,8.8854,-0.24794,1.9329,1.5465,-0.86979,-0.14946,-0.71506,-0.008225,-0.56879,1.5867,8.6626,4.7972,-0.26335,0.42834,-1.0325,-0.002596,-0.77064,-0.73245,-4.0439,-8.9801,5.8509,0.51278,0.16887,1.7654,0.22942,0.53647,-0.61148,-9.0193,1.7398,-3.4463,-0.093481,0.25126,-2.1231,0.48895,-0.29873,-0.16331,-12.279,-1.8267,0.424,0.82175,-0.17838,-2.3752,0.54413,0.28086,0.00146
6,10.188,-0.61481,2.0387,-0.088677,-0.021115,-0.10789,-0.84939,0.30998,0.25532,-0.50059,5.7699,9.1396,-0.16512,-0.3709,-0.039845,-0.4415,-0.1451,-0.77468,0.08223,0.13362,9.9857,0.27158,-0.075917,-0.26296,-0.31873,0.49884,-0.70387,-2.049,3.8731,-0.85961,1.158,-0.27187,-1.5923,0.39241,-0.44765,0.45502,-8.4265,-6.3516,-2.196,0.76515,0.27933,-1.3804,0.59514,0.24755,-0.39052
9,8.7202,2.5724,2.4074,-0.42068,-0.16095,0.43908,-0.88672,-0.39083,0.1038,11.246,6.7695,-0.45848,-1.9127,0.19853,-3.034,-0.90356,0.24727,0.086167,16.607,2.6768,8.8715,0.44969,-3.4711,-0.79484,-0.89568,-0.45883,0.15427,-8.7263,3.2054,0.98641,0.05769,-0.74575,1.1976,0.97432,-0.16799,-0.22219,-8.9955,-2.472,-1.114,-0.10486,-0.27515,0.61305,0.87213,-0.3194,0.21798
2,6.9721,-0.008218,1.7363,-1.8757,-0.44119,0.17247,-0.81652,0.20827,-0.50278,3.8917,1.2804,0.1006,0.53344,-0.36738,-1.3263,0.13574,-0.46371,-0.54751,-1.0282,-5.0426,1.5172,-0.80694,0.66739,-0.37991,-0.62511,1.0665,-0.14975,-3.1876,-11.107,1.4312,-1.6744,-0.31864,2.6482,0.71806,-0.48994,0.40094,-13.549,-7.1452,0.91281,0.50357,0.49042,3.464,1.1651,0.50293,-0.14164
7,10.183,-0.10912,-0.21498,-0.21595,0.49335,-0.006414,-0.71186,-0.16422,-0.62353,5.0906,3.7459,9.2508,-0.11299,0.28482,-0.22495,0.23706,-0.24874,-0.88918,5.8194,-2.1278,9.1,0.25345,0.29564,0.001475,0.1245,-0.11519,-0.92715,-1.4453,8.3393,1.5879,-0.13962,0.17261,-0.21026,-0.49559,-0.7999,-0.2236,-0.59828,-7.6774,2.1517,0.088311,-0.083316,0.32636,-0.57648,0.78322,-0.053836
0,7.6046,-1.426,1.9255,0.22647,-0.34917,-0.085955,-0.85918,0.10388,-0.56878,7.7407,1.6521,4.0332,0.51989,-0.746,1.07,-0.43961,-0.28315,-0.72071,6.7937,-2.018,1.1449,-0.032353,0.6916,1.344,-1.1815,1.2341,-0.38526,-9.0826,2.1193,-1.8556,0.66748,-0.14589,-1.3803,0.67705,-0.18081,0.45994,-5.3944,5.3163,-3.0173,0.82359,0.45722,-0.61067,0.73924,0.71088,-0.46172
2,0.71534,1.195,2.8985,-2.5132,-1.3464,0.46362,-0.83919,0.25157,-0.60998,6.4107,4.4105,-0.12136,-0.3024,-0.23959,-0.021914,-0.74026,-0.56622,-0.22169,6.5169,0.43085,4.843,0.42691,-0.54374,1.1954,-0.55415,0.36799,-1.0076,6.32,0.65871,-5.5619,0.80986,2.2074,-1.3388,0.48683,-0.71195,0.17203,5.3858,-31.516,-2.2791,-4.1309,-0.017568,-1.246,1.1542,-0.004817,-0.34734
6,9.6253,0.71964,0.47409,0.11038,-0.009867,-0.35371,-0.79029,0.24344,0.27555,-0.56855,5.3474,8.3205,0.082069,0.11594,-0.22626,-0.33615,-0.25325,-0.67934,1.7658,-2.3228,9.1962,0.19582,-0.2335,-0.093538,-0.4226,0.59077,-0.50526,-7.9291,5.8188,-3.1004,0.023529,0.24479,0.23124,0.59416,-0.10423,0.28784,-1.8128,-5.5064,-2.2376,-0.39815,-0.1737,0.29846,0.45972,0.68965,0.027229
3,5.4905,1.3114,0.10878,-0.57918,0.36698,-0.56055,-0.64987,-0.19644,-0.66582,3.5464,4.8902,5.8242,-0.63781,-0.52926,-0.38223,0.14049,-0.41711,-0.86292,-1.2301,4.8368,3.9989,0.34404,-3.1042,-2.1165,0.38946,-0.68383,-0.4923,-6.9393,-3.1259,0.6731,0.69524,-0.57232,1.9702,0.86419,-0.18546,-0.38609,-4.6346,-3.7778,-0.022419,-0.5716,-0.0453,1.4738,0.76672,0.59464,0.32608
0,9.4447,-0.7394,4.6537,-0.3038,-0.13185,-0.296,-0.75867,0.1625,-0.63432,4.4586,9.6202,0.078222,-0.19113,-0.24611,-0.056684,-0.47475,-0.52148,-0.47883,5.4458,-4.6826,6.7807,0.1857,-0.27474,0.43794,-0.1483,0.67574,-0.94825,-14.254,10.737,-1.803,-0.25557,0.78964,-0.27931,0.48356,-0.70418,-0.26595,-11.453,-3.7914,-1.9483,-1.724,-0.26269,0.99935,1.1914,0.15891,-0.06739
9,9.4178,0.13909,2.4857,0.16732,0.024695,-0.016358,-0.70507,0.30479,-0.25088,-0.62658,7.4827,-6.3245,0.042256,0.14099,-0.002761,-0.059865,-0.74864,0.23228,-2.7869,-1.7347,9.7058,-0.024981,-0.26714,0.1203,0.30052,0.23001,-0.68115,-9.6479,-0.33918,-0.84739,0.077114,-0.13664,-0.031056,0.70846,-0.14836,0.33096,-9.6862,1.1365,-0.74411,0.19208,0.14556,0.026939,0.77599,-0.031839,-0.22573
2,16.29,-4.4643,-1.1475,4.2762,-1.3968,-0.7774,-1.1985,0.22537,-0.39313,-8.3082,22.513,-7.418,1.0943,3.8072,2.5634,0.12609,-0.88782,-0.054307,-3.0548,-16.431,8.9709,-1.2297,0.19335,4.4187,0.71457,0.55398,-0.96777,-18.364,1.4863,-9.8706,0.32049,0.075403,-3.3675,0.42161,-0.60123,0.38228,-25.157,4.1755,-1.6434,0.2825,1.8053,-3.9008,0.35326,0.61561,0.28362
5,8.8367,-1.642,3.7797,0.24048,0.036871,-0.2011,-0.61889,-0.073386,0.091033,6.6639,5.3599,4.8304,0.12192,0.15129,-0.17575,-0.88621,0.031743,-0.1958,5.7001,-5.7708,5.4621,0.012246,-0.13705,-0.089987,-0.83269,0.14765,-0.61002,-8.6754,12.815,-0.93767,-0.29902,-0.35437,-1.2186,0.538,-0.39752,-0.11884,2.8546,-7.5156,-1.0574,-0.33995,0.17285,-1.5435,0.094654,0.55124,0.2493
9,7.8817,0.23725,2.7869,-1.8586,0.83394,-0.38797,-0.44479,0.161,-0.73178,2.7366,1.6124,8.2678,-1.411,0.010104,-0.70749,0.49942,0.069323,-0.63717,-5.5896,-4.7041,3.6677,1.1269,1.6863,-0.21789,0.69981,0.2834,-0.43434,-5.0615,12.483,-4.4505,1.5384,2.3801,-0.32514,0.40781,-0.76767,0.2444,-11.229,-6.871,3.6645,0.041384,-0.83391,2.5552,0.78567,0.49145,-0.013147
7,9.4081,-0.96557,1.8464,-0.057045,-0.45018,-0.15118,-0.71056,0.12008,-0.70368,-0.13841,-1.1321,9.0234,0.30339,-0.79302,0.55642,0.54388,0.32058,-0.72755,-1.3879,-0.90912,8.889,-0.22397,-0.70457,-0.67504,0.58966,-0.26919,-0.70644,1.86,9.3553,0.70311,0.040351,0.098847,0.23766,-0.67946,-0.66601,-0.2104,2.5882,-9.3141,-1.2202,0.017429,0.087942,-0.20927,-0.74082,0.63422,0.077513
6,8.8032,0.65152,4.2956,-0.48634,0.094685,0.34638,-0.91455,0.39366,-0.11079,-2.7909,5.8904,7.2106,-0.33516,-0.41243,0.13803,-0.2645,-0.33662,-0.86941,0.14779,-5.5149,8.906,-0.18494,-0.093157,-0.052026,-0.29213,0.79841,-0.4354,-7.838,8.9844,0.20339,-0.32079,-0.60954,2.302,0.55181,-0.47858,0.28809,-6.9514,-11.207,-2.1244,-0.048786,-0.41067,2.3485,0.48913,0.61022,-0.39548
2,3.0375,0.16855,-0.90813,-0.007976,2.5778,-0.036985,-0.39838,0.18649,-0.83175,5.8097,7.6994,4.9789,0.7969,2.0045,-1.8572,-0.086538,-0.19673,-0.6631,1.7829,-3.6054,6.0566,-0.25698,1.3049,2.0958,0.26668,0.69804,-0.90222,-7.6347,9.7938,-6.6434,1.2388,0.86529,-0.30137,0.40784,-0.69472,0.35087,-4.2896,-1.607,0.82181,1.4939,-0.52585,-2.0362,1.0408,0.28111,-0.1032
3,5.4627,-1.1509,0.83867,0.091358,0.058422,-1.0572,-0.75774,-0.097969,-0.57316,1.539,2.0491,5.7217,1.0824,-0.4394,0.20919,0.067683,-0.42212,-0.76823,3.914,-2.193,6.1949,0.18295,-1.5071,-1.3522,-0.071902,0.31213,-1.0229,-9.4062,-0.56872,-0.083938,-0.52633,-0.36379,1.967,0.82588,-0.086355,-0.4319,-12.136,-2.7839,3.3215,0.57108,-0.26981,1.9812,0.74439,0.66367,0.25388
0,8.1643,-0.33929,4.1409,-0.073353,-0.31047,0.21088,-0.78251,0.045656,-0.92859,7.0531,2.643,1.4138,-0.58204,0.46092,-0.65297,-0.63621,-0.74841,-0.77417,8.2996,-3.53,3.7234,-0.040896,-0.2157,-0.028529,-1.4071,1.3126,0.20082,-6.2066,-7.029,-0.95883,-1.4498,0.23886,0.3987,0.089361,-0.85498,0.16358,-9.5593,3.4868,-0.74777,-0.39132,-0.32218,0.86156,0.70745,0.34858,0.31277
4,8.6029,-0.717,2.3801,-0.578,0.20005,-0.19948,-0.74296,0.15052,-0.56019,2.4563,7.5569,6.5426,-0.12761,-0.007195,0.82317,-0.38082,-0.77972,-0.79894,-2.0026,-8.4736,7.4985,0.13587,-0.24135,-0.24618,-0.16858,0.46147,-0.66709,-7.5505,3.0121,-1.0861,1.3599,-0.08463,-1.1989,0.46758,-0.32328,-0.12249,-8.1545,-1.7536,-1.1184,0.88292,-0.2566,-0.2608,0.61271,-0.001381,0.24962
5,8.8159,-0.7231,1.6548,0.027647,0.85869,-0.030123,-0.58843,-0.18788,0.16807,2.1984,0.72519,9.3624,0.71687,0.1532,0.16044,-0.31339,-0.14936,-0.23,1.5039,-0.88963,9.9772,0.11848,-0.14627,-0.12166,-0.63413,-0.11735,-0.50575,-3.6723,11.67,-2.8156,-0.30605,0.11186,0.24225,0.45405,-0.52486,-0.045364,5.1039,-3.9867,0.086228,0.30188,0.38051,-0.032284,0.10724,0.5391,0.28598
9,11.406,-1.8783,6.8091,-1.3527,-1.4078,-0.82766,-0.66209,-0.072813,-0.77864,12.274,7.5036,5.1157,-5.7836,-7.5798,2.5401,0.2761,-0.7746,-0.59419,10.437,-0.40636,2.5053,-0.62654,0.51476,0.61721,-0.57981,0.42081,-0.76099,-12.707,10.684,-9.8216,0.3927,1.0668,0.57782,1.1215,-0.20649,-0.062709,-11.93,-8.9597,-1.6596,2.2906,0.72175,-0.24109,0.66683,0.89516,0.28893
2,0.18216,0.76285,0.34737,-0.44444,-0.73907,0.72943,-0.89438,0.33491,-0.35303,4.4134,-5.4649,-1.3265,-0.56654,-0.32282,2.0115,0.24942,-0.6152,-0.50271,-7.0859,-2.1374,1.5753,0.15249,0.28095,1.0091,-0.39948,1.0316,-0.12224,-1.6184,16.34,-1.5536,-1.9825,1.9388,0.44472,0.68897,-0.58671,0.37318,0.8368,-14.123,1.0026,0.30379,-0.77926,-0.20526,1.1985,0.28265,-0.10967
6,9.1555,-0.34611,4.4609,-1.6007,0.4912,0.70215,-0.99686,0.51806,0.089115,-1.3514,9.0151,3.366,-0.16905,-0.2829,0.24112,-0.51675,-0.66358,-0.57535,1.0695,-2.6485,9.5819,-0.29656,0.095753,-0.17404,-0.55361,0.54286,-0.65541,-9.7223,8.5138,0.36741,-0.794,-0.3004,2.3408,0.58412,-0.38992,0.28626,-9.9035,-6.8236,-1.199,0.83712,-0.64882,2.6386,0.52507,0.50997,-0.35208
0,8.8408,1.2403,3.2235,-0.57759,-0.54845,0.11171,-0.73723,-0.27896,-0.78246,4.9037,6.6077,5.7384,-0.27396,-0.65761,-0.14768,-0.43388,-0.86648,-0.71839,6.7102,-5.0111,5.1524,0.082325,-0.020561,-0.055104,-0.57681,0.75137,-1.2028,-12.924,-0.2632,-3.2249,-0.52285,0.13756,2.2407,0.32426,-0.71826,0.1277,-11.444,-2.9073,-1.2004,-1.1344,0.27883,1.452,0.42263,0.58932,0.20552
5,7.3083,0.98762,6.9233,0.21379,-0.21188,-0.11162,-0.64997,-0.21871,-0.071048,4.8766,7.3756,-4.612,-0.010351,0.010253,0.004315,-0.74111,-0.29764,-0.15668,5.9445,-7.662,2.0598,0.057057,-0.008581,-0.17458,-0.89754,0.33803,-0.66501,-3.0448,14.9,5.7954,0.2823,0.082601,-0.038942,0.34537,-0.41193,-0.29317,6.6121,-0.59333,-0.18125,0.5401,0.37421,-0.28908,0.071563,0.45921,0.41491
9,9.933,-3.2819,-1.7645,2.4669,1.0069,0.094461,-0.77271,0.47059,-0.44998,9.2839,7.4443,3.7577,-2.7572,-0.58339,-0.33323,-0.25368,-0.82301,-0.48773,22.893,-6.9104,16.803,-4.5783,0.77335,2.0457,-0.4972,0.56352,-0.64362,-13.46,4.267,-0.64544,1.2144,0.61059,-0.44344,0.52042,-0.63588,0.61589,-10.117,2.2631,0.006986,0.67252,-0.24388,-0.9708,0.87216,0.53067,-0.20661
9,4.4429,2.6804,-6.4328,-0.30913,-0.094049,1.0604,-0.51597,-0.4976,0.50819,0.1297,5.006,-8.2293,-1.6296,-1.566,-0.17214,-0.82764,-0.16235,-0.11326,8.8897,4.8744,0.87432,0.6504,2.849,1.9438,-0.84037,-0.19543,-0.054047,-8.309,-1.8895,1.8966,1.1858,0.40054,0.3403,0.40324,0.54152,-0.48194,-11.49,-0.089277,-3.1548,-1.0058,0.66821,0.78321,0.67775,-0.27424,0.47904
5,9.6498,-0.63421,2.5475,-0.076268,-0.023172,-0.038455,-0.84207,-0.24733,0.031723,-1.473,6.5662,7.4494,0.21001,0.19299,0.046904,0.36092,-0.66181,-0.027925,-0.41549,-0.092842,9.8969,0.030563,-0.066427,0.055514,-0.5737,-0.18529,-0.63916,-2.2563,9.119,-2.6087,0.95827,-1.3149,-2.6525,-0.069454,-0.72002,-0.15766,-0.094262,-10.963,-2.169,-0.39076,0.77321,-2.311,0.065577,0.46417,0.43931
3,6.3552,-0.075001,0.64126,-0.27987,0.24249,0.096332,-0.70384,-0.13872,-0.62415,9.5784,1.9065,2.3062,-0.20812,-1.1759,-0.065792,-0.49468,-0.80315,-0.55514,8.6964,-1.0813,1.8585,0.93576,-0.30054,-0.4368,-0.42411,0.26674,-0.55965,-7.5492,-1.9702,-0.064307,0.91065,0.10457,1.3068,0.86352,-0.085131,-0.41023,-7.6409,-1.7609,-2.6155,0.25429,-0.34224,1.1524,0.83108,0.56056,0.24446
1,7.5885,0.024932,3.8738,-0.023614,-0.32666,-0.056299,-0.88089,-0.085121,-0.65603,6.8526,2.7328,3.9511,-0.26289,0.11486,-0.17221,-0.9265,-0.50886,-0.001955,5.5979,-3.0847,1.4985,0.43483,0.29441,0.88055,-0.70495,1.6265,-0.039942,-8.8806,2.6739,-2.5111,1.0308,0.22075,-1.7689,0.65147,-0.2138,0.15326,-7.3902,-1.1932,-0.59887,0.71184,0.23974,-2.0763,0.12815,0.62882,0.10287
3,7.7495,-1.4805,-1.6174,0.4233,0.30518,-0.22849,-0.95361,0.034333,-0.41014,1.745,8.3304,3.6675,0.11337,0.19032,-0.79202,0.58192,-0.2077,0.21223,1.5852,-6.0906,7.1108,0.14369,0.15501,0.30513,0.37434,0.51743,-0.53479,-8.699,5.9476,-2.1449,-1.0556,0.80761,1.214,0.54264,-0.64569,0.17155,-8.1295,-3.0881,-2.4869,-1.0921,-0.084149,0.99851,0.7817,0.54342,0.007987
4,-8.9062,5.4154,7.0594,0.45211,1.0865,0.1137,0.66643,-0.11678,-0.41706,-5.4153,10.022,-6.4538,0.78056,1.6936,1.4551,-0.24998,-0.67954,0.2714,4.3145,-9.4989,3.7284,0.38708,-0.12103,-1.7975,0.075289,0.7855,-0.78276,-11.479,2.0803,2.656,-0.13094,-0.18087,-0.31512,0.68042,-0.11346,-0.18013,-7.148,1.0081,-1.1195,0.34364,0.13745,-0.064611,0.34349,0.51143,0.13928
9,9.0102,-3.2681,-0.96676,-2.1051,-0.42592,-0.51454,-0.95296,-0.12935,0.18087,8.0282,9.4707,-2.9398,-2.0562,-0.96479,-1.7189,-0.7636,-0.19555,0.48406,46.411,19.034,-3.924,0.095711,-7.4174,-6.3989,-0.78009,-0.41359,-0.23056,-18.959,4.9552,8.9738,1.2555,-0.83513,0.44932,0.76743,0.36016,-0.41465,-19.74,6.1818,-3.0849,-3.9307,0.83128,1.2287,0.84247,0.049873,0.42845
6,6.355,-6.5794,3.4232,0.061169,0.067116,-0.37024,-0.4324,0.84235,0.12305,1.1703,1.423,9.3762,-0.071515,-0.026046,0.16372,-0.47137,0.020911,-0.61298,1.9843,-6.341,6.8173,0.16842,-0.038155,0.081527,-1.0676,0.82244,-0.063355,-11.504,6.3403,-3.3022,-0.49615,-0.14761,1.4238,0.66445,0.072651,0.17611,-1.6834,-3.7719,-1.6602,-1.0652,-0.40376,2.0365,0.46649,0.6166,-0.18597
9,8.8667,-0.71082,0.15542,-1.2411,0.093865,0.091486,-0.86615,-0.45976,-0.30395,9.4455,2.5353,2.6378,-1.6867,-0.39628,-1.3574,-0.72124,-0.70744,0.13363,8.6779,-2.3282,2.3101,-1.3764,1.5346,1.2757,-0.61426,-0.11609,-0.7849,-9.2451,0.46501,-3.1868,1.0974,0.019254,-0.68408,0.8578,-0.53364,-0.29007,-9.8184,1.6082,0.32966,2.4327,1.8686,-0.95021,0.96232,0.26607,0.42851
5,7.0062,1.4149,6.3703,0.00547,0.00904,-0.026165,-0.64795,-0.23591,-0.057312,4.5646,7.4137,-4.4006,0.033345,0.048505,-0.040802,-0.74382,-0.32697,-0.14008,6.0588,-7.1651,1.776,0.047237,-0.15788,-0.092687,-0.89649,0.32986,-0.66907,-3.7246,13.135,4.2899,-0.11296,-0.58414,0.63166,0.33588,-0.42943,-0.29867,5.7109,-2.0495,-0.87579,-0.38627,-0.35782,0.79862,0.076168,0.46361,0.40274
3,-5.5736,6.2343,5.3381,-0.30805,-0.064361,-0.074143,0.64925,-0.20609,-0.70939,7.8375,5.538,-0.8685,-0.002136,0.18734,-0.35663,-0.38334,-0.9975,0.42783,7.1428,-5.5433,3.5575,0.021549,-0.055013,0.091635,-0.28136,0.56035,-0.47867,-8.811,3.6832,-0.25848,-0.10194,0.42116,-1.0883,0.79837,-0.23277,-0.43522,-12.1,-8.5581,-1.1404,-0.61343,0.37893,-1.4396,0.63562,0.57665,0.6186
0,9.2573,-0.35414,4.5228,-0.16589,0.000893,-0.16908,-0.79978,-0.098277,-0.91225,8.8421,3.5175,3.4968,-0.1796,-0.1149,0.19411,-0.73438,-0.56638,-0.33572,6.8714,-1.3654,0.18622,0.099019,0.055784,0.34657,-0.34118,1.016,-1.1807,-10.237,0.11368,-2.8354,0.57735,0.022489,-1.0534,0.64758,-0.32843,0.32953,-8.8444,-1.7944,-3.379,-0.25601,0.42168,1.316,0.28744,0.67523,0.37697
3,-4.5013,6.6435,6.5268,-0.79181,-0.30229,0.0815,0.56104,-0.29547,-0.75025,4.8177,8.2854,-1.7983,-0.066554,-0.30133,-1.0853,0.7485,-0.51496,0.52094,5.422,-6.8378,4.0806,-0.28055,0.34156,1.1399,-0.18628,0.60122,-0.48737,-9.1799,3.2827,-1.5377,0.6878,-0.029665,-0.86266,0.85913,0.015302,-0.43455,-8.8057,-5.7736,-2.8386,0.84862,0.37756,-1.3216,0.58639,0.77456,0.56628
9,10.901,-5.9099,-0.033852,0.88859,1.3262,0.23003,-0.77363,0.64892,-0.049946,6.4383,8.491,1.2059,1.0284,0.3429,-0.54074,-0.16912,-0.84054,-0.46537,32.308,2.7902,-4.1286,-5.9286,-0.45533,-0.71169,-0.48114,0.56176,-0.66612,-10.469,4.7054,-4.6623,-0.13942,0.17861,-0.21025,0.60989,-0.020466,0.86985,-16.867,-5.1643,13.098,0.11182,0.98274,0.036804,0.80777,0.49661,-0.3524
9,15.365,-1.4957,1.944,1.0836,0.20206,0.14059,-0.92719,-0.41062,0.008193,28.876,2.7774,6.175,4.7853,0.1804,8.4724,-0.9179,-0.46175,0.27979,11.355,-6.019,1.6401,0.093316,-0.51104,-0.50153,-0.8169,-0.059774,-0.58038,-13.282,-2.6493,-3.7931,1.097,-0.87103,-1.9184,0.99718,-0.013602,-0.34385,-16.115,-2.574,2.9391,-0.48123,0.27682,-2.1048,0.88694,-0.042947,0.64183
7,4.3221,1.9378,11.239,-0.12344,0.004547,-0.022148,0.004048,-0.17552,-0.95394,-7.5075,-9.5533,5.0604,-0.014079,0.14105,-0.72403,0.45166,0.68153,-0.55358,-6.6794,9.1846,5.7936,-0.20004,0.11192,0.72768,0.30132,-0.68918,-0.59342,-3.3965,8.3956,1.6516,-0.33282,0.025037,0.012161,-0.19146,-0.90956,-0.2485,-2.6201,-8.527,1.3501,0.21305,0.020529,-0.15367,-0.24318,0.94317,-0.02702
8,18.489,-6.2497,-0.23862,-0.3538,-0.043241,0.41844,-0.62081,0.33877,0.36724,9.901,1.7731,5.7122,2.6949,-1.7423,0.26271,-0.53772,0.040821,-0.39546,16.7,-0.42049,4.7297,0.45837,-1.6642,0.26309,-0.75832,0.31992,0.065657,-16.082,-2.2085,-2.4571,1.8257,-0.19838,-1.2209,0.61279,0.1188,0.62479,-14.706,2.3143,-0.64563,-1.4744,-0.19546,1.1917,0.62913,-0.2413,-0.26618
9,8.7531,2.136,0.38921,-1.3436,-0.35764,-0.88191,-0.32838,0.60629,0.048004,-3.7093,4.6792,3.0972,-0.86779,-2.5927,-2.7409,-0.64727,0.12581,-0.46608,6.9874,-5.3306,6.1212,-0.051465,0.55161,-1.1631,-0.29505,0.73962,0.21618,-9.1328,4.2261,0.21166,0.43458,0.27654,0.4902,0.7211,0.14333,0.73781,-9.0461,-1.9656,-1.0786,0.7548,0.12488,0.41136,0.71227,-0.51253,-1.0405
3,8.3784,-0.54034,-1.2874,0.23486,-0.47982,0.10721,-0.87394,-0.12221,-0.35542,7.5157,4.8763,3.8916,-0.060078,0.32177,-0.10874,0.33328,-0.64173,-0.43042,8.3319,-4.3765,2.9539,-0.095382,-0.30396,0.45715,-0.41776,0.38429,-0.4949,-8.9078,2.3764,-0.82744,0.355,-0.11056,-0.6354,0.87283,-0.25868,-0.26209,-9.228,-0.85514,-0.23118,0.67554,0.45949,-0.94985,0.81601,0.32442,0.50534
9,9.3521,1.6663,0.85143,-0.071369,0.21978,0.26743,-0.65208,-0.49199,-0.22083,5.2524,5.9674,-6.2922,0.066597,0.47453,-0.38469,-0.21186,-0.13043,0.78685,-4.0125,-7.0462,-2.2531,0.43042,0.86897,-3.9366,0.16596,0.67972,-0.4666,-9.2758,-2.234,-1.8528,-1.3401,0.6098,-0.88306,0.73269,-0.34342,-0.15037,-9.5985,-0.42553,-2.4565,-0.14279,-0.071794,-0.31796,0.53948,0.31724,0.50711
0,7.25,-0.90111,2.3272,0.54335,-0.1123,-0.12277,-0.65484,0.050062,-0.6144,6.8664,4.4277,0.75095,0.93716,-0.24485,0.89106,-0.18493,-0.44538,-0.81366,9.2764,-1.8971,0.5955,-0.64999,1.831,1.5016,-1.1665,1.0466,-0.61239,-8.9538,-0.10495,-1.6826,0.71168,0.07932,-1.1479,0.61769,-0.50384,0.30133,-8.7657,3.7227,0.86108,2.0315,0.7891,-1.2365,0.86288,0.84665,-0.23621
5,9.0964,0.10936,4.5737,0.090502,0.44219,-0.48819,-0.64663,-0.095856,0.070605,0.22024,5.3849,8.1311,0.10303,0.059499,-0.083362,-0.20506,-0.38648,-0.29754,0.192,-1.4554,10.107,-0.019754,-0.077875,-0.115,-0.52803,-0.14557,-0.58102,-4.9981,12.155,-3.7611,0.29344,-0.56477,-2.2579,0.37963,-0.53207,-0.059405,0.57127,-9.2441,1.2222,0.048647,0.090662,-2.1776,0.13554,0.60577,0.090295
1,10.35,-1.7094,2.1303,0.50436,0.4061,0.46485,-0.86808,-0.006914,-0.66806,12.512,2.459,5.2292,-0.25209,-1.5654,2.4021,-0.86927,-0.6202,-0.05663,12.217,-3.6386,1.9117,0.53601,0.43258,1.6494,-0.65489,0.82367,0.98204,-10.992,0.97878,-4.6824,2.0007,0.31818,-1.5072,0.17762,-0.60136,0.001339,-10.542,-3.8818,-1.0912,0.75171,-0.060252,-2.1655,0.7226,0.071538,0.13633
2,8.8352,0.93622,2.1031,1.5705,0.31751,-0.10721,-0.74163,-0.10717,-0.49677,-5.1042,8.9377,-5.1458,1.7008,3.3313,-0.73607,0.13985,-0.69425,0.075058,7.7376,-6.344,-0.78119,0.34978,-1.4587,1.0467,0.25599,0.89367,-0.49218,-14.904,0.47859,1.7645,1.0108,-1.9021,-2.1359,0.74045,-0.28278,0.32502,-8.4625,9.8843,4.0549,3.0393,0.22689,-0.21862,0.8438,0.78598,-0.12636
1,8.8092,-2.9131,4.1003,0.13439,-0.49828,-0.2965,-0.706,0.34224,-0.64872,1.9099,9.9223,1.7615,-0.82123,-0.16899,-1.001,-0.25482,-0.49151,-0.51699,2.4489,-5.5454,7.115,-0.41636,0.48218,0.19418,0.22139,0.6983,-0.87094,-10.361,-1.6195,-0.67185,0.96251,0.3037,-0.72403,0.80367,-0.49234,0.12241,-6.9667,0.57435,-0.4513,-0.002858,-0.34101,0.36886,0.62718,0.80493,-0.072263
9,8.5429,-0.3804,-1.7654,-0.69509,0.3873,-0.03817,-0.7855,-0.25096,-0.53983,-3.779,10.451,13.508,-1.7272,1.0998,-2.0095,0.53045,-0.81709,-0.092005,-3.3533,-4.3913,17.397,1.2482,0.52581,2.3114,0.36332,0.65297,-0.60693,-7.8456,2.1747,-2.3954,1.0459,-0.33849,1.114,0.67342,-0.6247,-0.29054,-9.5711,0.22283,-1.9868,0.43291,-0.33821,0.7115,0.7318,0.30013,0.63722
9,7.4254,1.3234,2.2426,-0.33402,0.004923,-0.19477,-0.98405,-0.36446,0.14629,-0.88241,7.8185,-4.4594,-2.7787,-1.3315,-1.0414,0.083985,-0.55135,0.85834,-2.8878,-8.0674,2.84,3.2788,1.5627,2.2478,-0.016688,0.75426,-0.68037,-7.5213,-0.46844,-0.69402,-2.0742,0.69024,0.93197,1.0197,-0.13903,-0.37761,-8.6385,-2.1914,-1.8152,-0.59549,-0.35758,1.2179,1.0061,-0.28812,0.41081
0,8.0277,1.4843,2.6615,0.080426,-0.090983,0.1421,-1.048,0.041022,-0.57479,2.8377,7.8074,5.2137,-0.10339,0.39644,-0.39638,-0.37609,-0.62879,-0.79929,2.3045,-6.113,7.0067,0.24882,0.32942,0.66163,0.04054,0.92091,-1.0115,-8.1282,0.51959,0.6959,1.0263,-0.20575,-0.14045,-0.001327,-0.77118,0.22912,-9.1368,-2.6554,-1.7541,-0.56576,-0.23701,1.1598,0.79137,0.38286,0.029811
7,6.6484,-0.50623,7.959,-0.58292,0.63769,-0.15522,-0.22115,-0.038998,-0.93754,-4.459,3.2656,8.0133,0.54238,1.4403,-0.26919,0.83057,-0.031507,-0.48586,-4.6765,-1.9448,8.8829,-0.28362,1.0535,0.38465,0.7713,-0.15736,-0.54547,-2.432,9.5833,0.18381,-0.49913,0.009039,0.012094,-0.2341,-0.9116,-0.16429,-1.145,-10.173,0.99242,0.28584,0.033804,-0.068144,-0.38421,0.88752,-0.058134
2,3.5564,-1.5506,0.18656,-1.9996,-1.1365,1.4721,-0.93348,0.26014,-0.50317,6.5525,6.8433,-2.8165,-0.41922,0.1661,1.6123,-0.79635,-0.42077,-0.26386,7.5483,-1.3463,4.7015,0.18754,-0.26856,-0.48484,-0.61651,0.38195,-0.96962,-2.7984,-12.885,0.13665,-1.0201,0.73361,0.032191,0.41325,-0.76831,0.14869,-11.722,-3.9516,-3.1288,-1.7548,-0.45946,2.916,1.1431,0.10039,-0.20185
0,8.1239,-0.92307,-1.7424,0.63372,-0.48352,-0.47354,-1.0712,0.090277,-0.61164,3.4032,6.2399,5.5791,-0.015581,-0.023012,0.014845,-0.40212,-0.60091,-0.82275,1.94,-6.3469,6.6516,-0.028332,-0.60804,-0.19737,0.073736,0.98615,-0.96503,-6.629,-5.4997,1.2019,0.29168,0.35015,-1.5217,0.21727,-0.74703,0.16101,-18.651,6.1607,-5.2448,-2.0274,0.88926,-2.848,0.64082,0.44362,0.15932
5,9.7224,-0.9538,2.8641,0.040979,0.23158,0.19428,-0.84195,-0.23762,0.024106,-0.82303,6.4347,7.6005,-0.07347,-0.001749,-0.039146,0.33274,-0.63715,-0.026091,-0.02057,0.17253,9.4969,-0.063812,0.19136,-0.06139,-0.60406,-0.19466,-0.61306,-1.4804,12.623,-5.1156,-0.67303,0.66542,1.4295,0.022223,-0.69358,-0.1397,2.3548,-7.1639,-0.60521,-0.67202,-0.92532,1.9319,-0.11875,0.51125,0.42511
9,8.7322,-0.39836,3.9889,-0.11262,0.1934,-0.12229,-0.59751,-0.019665,-0.82621,0.098849,8.3764,3.8026,0.69581,0.15574,-0.057029,0.47414,-0.88306,-0.24311,4.7345,-6.7068,6.5635,0.07637,0.27641,-0.046241,0.033596,0.77472,-0.6694,-9.6062,1.5938,0.012934,-0.23082,-0.056481,0.038341,0.82524,-0.69531,-0.090229,-9.4491,-1.7997,-0.59489,0.10604,0.085592,-0.077406,0.8741,0.65837,0.15224
1,7.7158,1.5791,-3.6169,0.64043,-1.4152,-0.055917,-0.8463,0.10052,-0.57404,-8.2424,-0.073115,2.0173,-1.9061,-0.28418,0.59009,0.53923,0.53461,-0.49198,6.6026,-5.6813,3.2555,0.17247,-0.13494,-0.75991,-0.26845,0.78912,-0.79571,-13.826,-1.3603,-0.93771,0.97381,0.76697,2.2889,0.86094,-0.42195,0.12578,-10.358,-3.7424,0.11767,-0.20303,0.16491,1.2698,1.0365,0.53453,-0.25363
6,8.3497,1.2248,3.4382,0.77472,0.21037,-0.2719,-0.91892,0.26635,-0.12831,3.0018,6.6725,5.4672,0.040724,0.001352,-0.16729,-0.83918,-0.37043,-0.53652,2.0947,-3.3261,9.3398,0.10931,-0.16132,-0.016069,-0.73742,0.59745,-0.5915,-9.1642,9.7139,0.65546,-0.37788,0.21177,-0.51679,0.70068,-0.16417,0.19156,-1.562,-2.1448,-2.2949,1.0838,0.52297,-0.90136,0.5436,0.68278,-0.15071
6,8.8942,-3.8406,1.8109,-0.33399,-0.23417,0.50523,-0.94177,0.58877,0.18441,0.22128,7.1899,5.6121,-0.048351,-0.097571,0.25926,-0.66291,-0.49288,-0.65743,0.33279,-2.1542,9.8431,-0.053575,0.32005,0.2433,-0.47944,0.56878,-0.68238,-0.96952,-0.97032,0.78282,-0.17582,-0.47866,0.99936,0.46086,-0.6169,0.21851,-8.5947,-11.699,-2.6819,0.19445,0.31916,-0.026554,0.60685,0.34251,-0.41819
7,7.2091,0.506,6.7165,0.009852,0.21165,-0.012932,-0.51724,-0.067941,-0.82459,1.4767,5.9224,10.956,-0.46923,1.0211,-1.5666,0.33383,-0.16468,-0.87757,1.7032,-0.60212,12.839,-0.010644,1.0909,1.5031,0.27724,-0.16821,-0.89589,-3.1448,8.9569,-1.7832,-0.015641,-0.000137,-0.036765,-0.14809,-0.94708,0.030118,-2.4122,-7.673,-4.8685,0.072938,0.10484,-0.037338,-0.23844,0.75573,0.5603
5,10.208,0.71708,2.4057,0.42801,-0.067515,-0.31394,-0.83255,-0.26598,0.055687,-2.0342,7.2403,6.4745,0.25096,0.18091,-0.026444,0.34875,-0.67496,-0.002689,-0.55703,0.007359,9.9321,-0.024211,0.024184,0.022928,-0.55909,-0.16579,-0.65541,-0.75026,15.378,-4.8829,-0.21273,-0.149,-1.3389,0.050501,-0.68512,-0.16179,3.04,-1.6374,-0.33826,1.1331,0.77654,-1.886,-0.17475,0.48941,0.45141
5,6.9955,0.73386,6.5999,-0.050388,0.36057,-0.08126,-0.65719,-0.18552,-0.076753,5.273,7.0595,-4.1522,0.036426,-0.07448,-0.14414,-0.79422,-0.25739,-0.072017,6.0852,-7.3142,1.1049,0.013302,-0.052108,0.002858,-0.93488,0.31793,-0.61412,-5.2415,11.456,3.7712,0.55156,0.5418,-1.7423,0.32411,-0.43266,-0.32797,0.87695,-6.8923,-5.4769,0.24867,1.2328,-1.4495,0.17714,0.38852,0.41239
7,9.1006,0.65655,-1.7981,-2.872,-2.2421,0.30866,-1.0076,0.39996,-0.35534,2.5936,6.8938,6.1922,-0.13091,0.34936,0.46783,0.35984,-0.59438,-0.62727,4.7635,0.32121,8.8727,-0.075096,-0.2514,-0.68452,0.15312,-0.21104,-0.89604,1.7348,9.1342,1.4699,0.005111,-0.23887,-0.033379,-0.69914,-0.62052,-0.23767,2.0008,-8.904,-1.864,-0.066391,-0.061745,0.016491,-0.70488,0.64551,0.16167
7,9.7566,0.56804,1.7408,0.19197,-0.38375,-0.13698,-0.61206,-0.17293,-0.70949,3.2797,9.4784,-0.4607,-0.74479,0.4187,0.27876,0.47098,-0.80818,-0.10683,3.8657,-2.9672,8.8924,-0.057005,-0.46129,-0.73501,0.29715,0.012899,-0.91388,1.6365,9.5141,2.6891,-0.001335,-0.14389,0.19721,-0.70783,-0.56185,-0.33446,-0.60211,-10.066,1.9271,0.20438,-0.02687,-0.08954,-0.58068,0.7747,-0.065684
3,10.466,0.85691,0.81912,0.47374,-0.32142,0.26863,-0.8306,-0.12279,-0.45852,2.3975,8.7464,5.8707,0.18327,-1.2242,1.3488,0.82315,-0.5049,-0.34253,4.7245,-7,6.6539,0.23908,-0.80633,-0.74772,-0.05043,0.36159,-0.65528,-6.778,-0.080749,0.50856,0.11844,0.41045,-1.0655,0.69852,-0.70967,-0.22592,-11.388,-1.4343,-2.6375,-0.50204,-0.28475,0.30447,0.66168,0.099207,0.67556
8,10.796,-0.93912,2.8318,-1.1167,-0.51107,0.021115,-0.91944,0.41479,0.19806,13.627,3.4858,0.10618,1.7337,-0.98652,0.54968,-0.89677,0.39899,-0.097762,10.466,-4.1806,0.85815,1.1353,-0.61698,-0.50945,-0.8756,0.15282,0.44475,-11.072,-4.2868,-5.7362,1.6798,0.77889,-0.23739,0.7516,0.32455,0.54189,-7.5702,-6.6319,-1.2485,-0.44624,0.006222,0.32887,0.81668,-0.10562,-0.52202
6,10.053,0.74241,-0.92716,-0.25343,-0.0167,0.50542,-0.98428,0.42082,0.38185,-1.5786,6.7563,7.5266,0.007023,0.039125,0.042379,-0.47977,-0.35554,-0.83756,-0.065064,-0.94748,9.9567,-0.18199,0.10393,0.064413,-0.46995,0.46016,-0.80207,-7.4371,8.4657,-2.9275,0.48289,0.20112,1.1389,0.50949,-0.3762,0.3081,-2.5519,-6.031,-1.1187,-0.54615,-0.39731,1.756,0.37083,0.7902,-0.21203
3,8.2366,0.060577,-3.2813,0.47958,0.21223,0.05686,-0.91708,-0.21941,-0.14702,7.616,2.8244,4.7653,-0.098563,0.26013,0.11751,0.2091,-0.58758,-0.75658,7.6289,-4.8579,3.8827,-0.18593,-0.096371,0.58265,-0.41278,0.34754,-0.56441,-8.4926,2.5475,-2.7833,-0.01592,0.002595,-0.56525,0.81447,-0.37723,-0.36465,-9.3152,-1.5735,-1.113,0.22601,0.44804,-0.83644,0.72938,0.3537,0.59988
9,-0.3003,-3.2243,0.58591,1.4823,0.62626,-0.25536,-0.80666,-0.40824,0.19311,-0.45821,1.9189,-0.39539,2.5381,2.4835,0.89781,-0.29038,-0.84103,-0.072675,-1.5301,-3.2442,-14.527,2.5317,-0.97556,1.268,-0.108,0.5384,-0.72049,-12.693,17.164,-5.972,-1.2104,0.34036,0.51933,0.83242,0.055355,-0.43859,-6.4315,0.53014,-4.4922,0.11927,1.2449,-2.4504,0.78454,-0.2922,0.39065
0,7.4578,-0.55184,3.1269,0.31244,-0.066109,-0.13085,-0.66082,0.003681,-0.60637,7.5184,5.1716,0.61703,-0.063605,-0.66648,0.88871,-0.46494,-0.56136,-0.69396,7.9293,-2.9779,1.4313,-0.16294,1.184,1.9146,-0.66527,0.99204,-0.84355,-8.848,0.91415,-1.2282,0.080894,0.14421,-0.9626,0.70051,-0.39109,0.31066,-5.3517,5.856,-0.43475,0.59344,0.26665,0.054671,0.77917,0.8764,-0.36292
3,9.0293,0.62163,2.3046,-0.3888,0.20962,0.007921,-0.67102,-0.017448,-0.63043,5.2906,7.0236,4.7264,-0.029504,0.16057,-0.82095,0.19619,-0.3429,-0.14355,5.7767,-4.327,5.8283,-0.21912,0.7005,0.71435,-0.055623,0.44837,-0.69682,-9.888,2.7535,-1.8088,-0.87166,0.25039,1.4571,0.61032,-0.69017,0.050827,-9.3455,-1.6342,-1.4563,-0.31034,-0.22429,0.61617,0.8199,0.45436,0.15594
4,10.958,3.1585,2.0277,0.9531,0.19664,0.31624,-0.84402,-0.40281,-0.29773,-8.6224,9.8787,3.4118,0.67936,0.046929,1.3197,-0.031045,-0.63315,-0.40198,4.0685,-6.3612,8.6513,0.69911,-0.12391,-1.7175,0.18864,0.59962,-0.93285,-10.163,6.2532,0.48526,-0.71461,0.011732,-0.32081,0.68228,-0.010263,-0.19004,-6.4834,-5.1394,1.4212,-0.79303,-0.27505,0.74954,0.33142,0.5058,0.020449
6,8.6498,-0.51617,3.9432,0.87055,-0.038466,-0.33522,-0.88615,0.46,-0.097316,-2.8503,6.3559,6.7287,-0.44736,0.001105,-0.20025,-0.28146,-0.35134,-0.85696,-1.6086,-5.2448,8.0481,0.27972,-0.27895,-0.23868,-0.22202,0.8066,-0.4484,-11.56,10.667,-0.3084,-0.69571,0.077466,-2.2538,0.54516,-0.39051,0.3234,-6.4358,-8.504,-0.28552,0.88766,-0.012219,-2.7908,0.4218,0.64784,-0.45844
7,9.5311,-0.34348,3.5467,0.16828,0.61853,-0.29871,-0.7431,-0.009939,-0.73911,-1.9901,1.6412,7.0468,0.54978,-0.22072,-1.3926,0.54015,0.2068,-0.72533,-2.628,1.1676,6.7951,0.33285,-0.37513,1.4103,0.3264,-0.39676,-0.74893,-2.0854,8.8747,-0.93268,-0.048399,-0.053953,-0.17519,-0.40809,-0.81683,-0.091031,-1.3837,-9.1772,-1.7487,-0.076237,-0.018717,0.15844,-0.44701,0.7737,0.254
2,8.539,-1.7472,4.0447,-0.56296,-8.5425,-1.3945,-0.52371,0.13586,-0.73142,0.45449,11.875,6.4859,0.88688,1.261,-1.6332,-0.08104,-0.15896,-0.67631,0.49935,-9.4426,9.1501,0.54382,1.6392,0.57112,0.40461,0.76411,-0.75644,-41.111,-1.0244,-5.0762,0.1573,1.3486,5.5749,0.72646,-0.48633,0.37134,-15.473,34.75,-1.304,0.52924,-0.668,-2.7386,0.66248,0.79229,-0.13101
1,13.266,-0.88194,1.2507,-0.027407,0.49926,-0.31432,-1.1232,0.097663,-0.30106,0.15757,8.2902,6.5589,-0.007522,0.057754,-0.75466,-0.10672,-0.55476,-0.79852,0.83532,-7.6978,7.8827,0.32662,-0.050001,0.06876,0.21738,1.0054,-0.78391,-12.979,4.2534,-1.7059,0.45793,-0.062389,-0.75087,0.71917,-0.32496,0.35256,-6.3137,-2.3458,-3.0823,2.3867,-0.42696,0.38383,0.25393,0.7478,0.16764
9,9.6111,0.10752,2.5839,-0.084727,0.001913,0.021723,-0.69004,0.33092,-0.26544,-0.31176,8.5534,-5.1804,-0.092322,-0.13056,-0.14514,-0.081468,-0.76342,0.1646,-2.8378,-0.001483,8.7801,0.040329,0.035576,-0.12436,0.33072,0.18958,-0.6771,-9.8454,0.30492,-0.82955,0.015073,0.007946,0.046855,0.71523,-0.19862,0.2969,-9.6424,0.87511,-0.99655,0.045266,-0.037682,0.029705,0.77964,-0.052134,-0.21412
1,8.8048,-0.21047,0.67432,0.83629,0.21868,0.2923,-0.76061,0.11101,-0.44402,9.9825,0.89366,-1.8174,1.7987,-0.67326,4.5766,-0.036937,0.25265,-0.71427,12.959,-6.3628,5.8944,0.32898,-1.7762,-1.3435,-1.2414,1.0177,-0.052316,-8.8004,-0.72525,-3.5183,-0.70333,0.99839,-1.5376,0.53302,-0.67879,0.23813,-14.109,1.7808,-3.0924,-2.0077,0.71236,-2.4491,1.0937,0.58386,-0.022025
6,8.4756,-0.20963,3.7742,-0.33004,-0.087686,0.42219,-0.90667,0.30678,-0.12897,2.2541,7.855,5.0875,-0.1392,-0.25345,0.22035,-0.75764,-0.47348,-0.54954,0.76962,-4.9588,8.7465,-0.042077,0.20359,0.054703,-0.60752,0.69211,-0.57104,-0.02734,0.30513,-0.27605,-0.55541,0.10965,0.87704,0.63658,-0.53409,0.069215,-7.3405,-9.088,-6.9807,0.11708,-0.07744,0.43003,0.72765,0.38939,-0.099407
9,5.9437,0.56125,3.5932,0.1088,-0.2248,0.00411,-0.51079,-0.31476,-0.7196,1.305,8.8088,7.7942,-1.4274,-0.05849,3.0203,0.26159,-0.86748,-0.2947,-0.075476,-7.6198,4.9685,0.59478,0.29709,-2.1022,0.36613,0.42222,-0.74737,-6.2625,-0.32775,-1.3929,0.57676,0.12169,-0.33136,0.60038,-0.67594,-0.050652,-7.8646,-5.0144,0.10699,-0.066051,0.18609,0.91934,0.4853,0.7348,0.31371
2,8.4242,-1.1372,3.0708,-2.4582,-0.060218,0.41625,-0.85095,0.027367,-0.69837,10.363,0.38251,-2.2368,-0.36993,-2.1455,-0.50169,0.64009,-0.648,-0.56605,-5.0449,-2.4115,-0.10649,-1.173,1.1245,-0.99843,0.33569,1.1625,-0.41555,2.8935,-10.135,0.83653,1.7328,0.32592,0.30466,0.13862,-0.66521,0.20575,-10.237,-6.2216,4.5758,0.48063,0.2047,2.5917,0.72685,0.25154,0.014051
9,10.633,0.46533,-0.010012,-0.043514,1.1259,0.49575,-0.9512,-0.30806,0.090637,8.6073,8.5212,-5.363,-0.64054,-0.79306,-1.5594,-0.45836,-0.59581,0.59286,5.8742,-6.3772,4.2214,-0.57875,1.5999,0.019557,-0.80667,0.25595,-0.43523,-9.5232,10.603,-5.09,-0.11549,0.26715,0.91616,0.92682,-0.37318,-0.21051,-9.6987,-6.2749,-2.2734,-0.37203,-0.34338,0.60779,0.88267,-0.28623,0.27248
2,3.9041,0.70855,0.76794,-1.1455,-0.5606,0.28118,-0.8447,-0.018109,-0.53798,-1.9615,7.877,0.54966,-0.41603,-0.75817,-2.0125,0.17157,-0.71146,-0.30282,9.4322,3.0851,-0.37448,-0.92963,0.36486,-4.1516,0.30046,1.0071,-0.40224,-7.0493,-3.8773,2.2369,1.746,-0.27018,2.6021,0.76183,-0.18478,0.39407,-6.6085,-5.8407,-6.5759,-1.7193,1.8397,-0.2464,0.87152,0.67947,-0.15389
3,5.9724,-0.64952,0.81052,-0.37334,0.71588,0.08522,-0.70144,-0.046386,-0.64284,3.7579,5.067,5.4367,-0.25833,-0.28372,-0.34888,0.59383,-0.38984,-0.29446,3.2386,-4.1575,7.2416,0.088881,0.060064,-0.18632,0.11186,0.32229,-0.67996,-7.6761,3.3411,-2.1066,-0.28394,0.30287,1.6274,0.79292,-0.48247,-0.26637,-6.714,-3.8448,0.40127,0.50419,0.14049,1.3651,0.65851,0.69445,0.33744
0,11.081,-2.8868,1.0592,0.3889,-0.15916,0.33067,-0.84981,0.29862,-0.54863,8.9767,0.99884,3.3682,0.65507,-0.44545,1.2744,-0.28512,0.1872,-0.67152,11.795,-3.3598,3.3187,0.62755,0.24017,0.67026,-1.4693,1.2547,1.0139,-9.4177,-5.9013,-2.3355,0.39479,-0.057763,-1.3855,0.51856,-0.47892,0.43329,-21.662,8.556,-1.0274,-0.85864,-0.36899,-2.5731,0.9302,0.44095,-0.25373
8,6.4551,-2.5849,-4.8521,-0.78484,-0.53166,0.17586,-0.80798,0.41669,-0.162,4.7848,2.2252,0.60691,1.1422,-0.74445,-0.67389,-0.58999,0.10545,-0.34093,1.79,1.601,3.6736,-2.1628,-0.77021,-1.2344,-0.69852,0.25656,0.2031,-3.0279,1.5101,3.8275,-1.0154,0.26808,0.69204,0.54857,0.003357,0.47282,-2.2637,-3.6574,1.781,-0.12066,-0.10208,-1.2532,0.58316,0.045516,-0.36792
8,4.6444,1.4646,-0.54163,0.23344,-0.33289,-0.27308,-0.74542,-0.39807,0.22039,2.4375,2.3925,1.8552,-0.61412,-0.13674,-0.097168,-0.6082,-0.095487,0.48668,3.9416,-1.2908,1.4602,0.057333,-0.032975,-0.42366,-0.56488,-0.45375,-0.080687,-5.4899,-4.5246,-1.8596,1.0122,1.2635,2.122,0.52213,-0.038693,-0.50908,-2.1766,-9.1969,-2.6363,1.5644,-0.11173,-0.74775,0.46409,-0.2792,0.54247
4,-11.583,6.3524,0.25741,1.0014,-0.11472,-0.1939,0.66465,-0.20801,-0.33866,-3.9965,7.2293,-5.2742,-0.34234,-0.68105,-1.2165,-0.20555,-1.1497,0.09807,2.3676,-8.2023,5.2247,-0.2487,0.39306,0.85099,0.139,0.72881,-0.72807,-11.676,-2.4159,-0.24276,-1.2897,-0.34064,1.8679,0.54998,-0.27575,-0.21212,-13.391,0.58523,-1.8135,-0.52979,-0.28075,1.1529,0.5222,0.41176,0.21038
4,11.873,-0.58683,2.7065,4.0183,0.64328,0.18034,-0.83064,-0.12023,-0.55855,-10.371,14.947,-4.4484,0.8455,2.326,2.9936,-0.15908,-0.66949,0.18286,4.7027,-4.4672,9.6168,-1.7554,-1.0175,-2.8046,0.11532,0.59826,-0.88359,-13.477,7.5482,3.6129,0.35693,-0.47706,-0.30971,0.66613,-0.17533,-0.16218,-6.1563,2.4011,3.3821,0.84788,-0.77569,0.42076,0.36838,0.45541,0.083729
0,8.5798,-0.58133,4.3173,-0.16556,-0.36438,-0.16402,-0.80346,-0.082512,-0.90763,8.2574,3.8619,3.8046,-0.068566,-0.42311,0.59751,-0.72394,-0.74435,-0.41278,6.3658,-1.7183,1.4778,0.23252,0.51313,0.7793,-0.35339,0.90911,-1.1496,-8.8806,-2.3755,-1.5638,0.29936,-0.00109,-1.0608,0.62895,-0.39095,0.30838,-6.9,3.2973,1.9487,0.061346,-0.04867,0.68848,0.27551,0.68952,0.34884
1,10.808,-0.93739,3.999,0.071977,-0.43108,-0.063493,-0.80432,-0.13379,-0.71266,-1.8197,6.7149,8.517,-0.51329,-0.06299,-0.97973,0.34533,-0.64429,-0.81874,-0.15005,-7.1977,7.9813,0.1088,0.64456,0.32229,0.27212,0.50335,-1.1278,-11.399,4.9194,-0.76134,1.0104,0.15137,-1.124,0.58045,-0.42641,0.096571,-7.2087,-5.7677,-0.35494,-0.42151,0.98545,-0.55119,0.13792,0.69866,0.18441
8,43.33,-11.509,-3.0687,1.9061,-2.778,-0.56579,-0.76352,0.423,-0.24479,46.127,12.43,-11.668,3.9669,1.9015,-0.053627,-0.53423,-0.35982,-0.16994,38.766,-5.0267,-1.6327,-5.7138,0.64841,-1.125,-0.67763,0.40829,0.13611,-13.634,-10.08,-9.8082,0.64043,-1.8329,1.1511,0.4553,-0.31271,0.54217,-21.4,-1.3391,-5.9043,-0.49101,-0.21058,-0.29918,0.55554,0.16858,-0.32631
6,3.5805,-8.5533,0.71545,-0.13891,-0.31899,-0.044479,-0.70959,0.60616,0.31273,0.57598,2.7686,9.3333,-0.055951,0.012427,0.11454,-0.3988,-0.074469,-0.66588,-0.65006,-2.3181,9.5102,-0.006724,-0.002159,0.217,-0.38577,0.48991,-0.61167,-1.9612,0.81969,-0.51003,-0.66624,-0.31005,1.0175,0.70661,-0.29163,0.12946,-6.4789,-13.294,-6.3407,0.12558,-0.17899,0.34275,0.64027,0.32075,-0.17806
6,9.4662,0.31878,0.47004,0.29916,-0.018612,-0.28373,-0.7986,0.25272,0.24096,1.2071,4.6569,8.8181,0.27613,0.35545,-0.16554,-0.43015,-0.15393,-0.65423,4.0577,0.020452,8.8951,0.14765,-0.10063,-0.14893,-0.61287,0.44163,-0.46983,-7.9476,6.5113,-4.4506,-0.43022,-0.47784,0.26384,0.58828,-0.08489,0.29117,-0.9938,-5.1812,-2.6813,0.3203,-0.14138,-0.16085,0.48358,0.66847,0.041758
2,2.8358,-1.8372,-0.18267,1.1535,-0.29915,0.039892,-0.67886,0.21576,-0.57085,8.9924,2.1568,-0.65738,0.38204,1.9301,1.5223,0.065581,-0.72299,-0.12207,-4.7528,-6.4914,-0.046409,0.081333,-1.3686,1.7637,-0.094088,1.0813,-0.12231,-4.9328,-4.1349,-12.075,0.14689,0.24997,0.83323,0.4721,-0.5878,0.39424,-3.1448,-3.7933,-3.4941,-1.5949,0.75661,-2.3583,1.1674,0.37938,-0.20698
9,-0.02754,-0.1578,-1.6603,-0.16995,-0.15543,0.26833,-0.81435,-0.39233,-0.027272,0.46445,4.096,-1.3859,-0.03859,0.66068,-3.4598,-0.55498,-0.58742,0.30102,1.149,-4.1978,5.5563,-1.2961,1.1342,-0.085669,-0.72724,-0.42808,-0.31002,-2.2842,14.097,-1.7828,-0.63211,0.79234,0.39469,0.89794,0.17099,-0.25001,-0.25642,-7.2733,-3.1075,1.828,-0.41707,1.1182,0.57638,-0.66459,0.2725
7,7.7897,1.5238,-6.3438,-0.038431,-0.39134,-0.10943,-0.99289,-0.13665,-0.063827,4.2276,5.9274,8.7562,1.1629,-1.2453,2.0283,0.53103,-0.2727,-0.66575,3.6477,-1.382,9.0239,-1.1458,-1.6214,-2.0757,0.36468,-0.43439,-0.68389,3.3253,7.9214,-2.156,0.2705,0.20095,-0.092675,-0.84442,-0.42654,-0.11438,3.558,-8.2251,-2.3229,-0.33064,0.1761,0.048841,-0.83375,0.34849,0.17907
7,10.725,-0.84592,-3.1534,-0.089486,0.26235,-0.040907,-0.8001,-0.29207,-0.4437,3.9407,8.5887,7.0258,0.23633,-0.003355,0.28821,0.35013,-0.53976,-0.68991,4.9196,-2.9364,11.709,-0.34113,-0.21939,-0.025472,0.18909,-0.066559,-0.9226,-0.43059,9.0456,2.9228,0.023481,0.075295,-0.014902,-0.68513,-0.62378,-0.29042,-2.2794,-9.1879,1.4862,0.036123,0.010093,0.023123,-0.54659,0.80543,-0.07412
0,11.266,-1.3303,4.3518,-0.17941,-0.071903,-0.23008,-0.63516,-0.014275,-0.62395,11.336,7.3915,1.4308,-0.92059,-0.41754,0.50125,-0.67087,-0.6119,-0.66036,8.6741,-2.291,2.1367,0.17121,0.21739,0.03031,-0.32264,0.99322,-0.87399,-12.363,3.6189,1.3205,0.86288,-0.63558,0.027761,0.79041,-0.24648,0.29064,-7.7667,0.04998,-3.5626,1.0262,0.81905,-0.61403,0.84972,0.86645,-0.085461
4,10.372,-1.5182,2.7763,1.0054,-0.15737,0.15276,-0.75926,0.021825,-0.49357,1.4301,7.4609,6.3442,0.14233,0.63347,-0.64109,-0.2059,-0.72344,-0.71545,-4.0059,-5.3793,7.3165,0.21803,0.17564,0.9724,0.007628,0.37651,-0.87171,-10.751,-0.74656,-1.8522,-0.10522,-0.11717,-1.1754,0.52985,-0.30958,-0.049213,-12.057,-1.9216,-0.889,0.22613,0.36295,-1.6236,0.49077,0.26513,0.20696
6,9.4207,-1.1219,-1.3573,0.18382,-0.052054,-0.09061,-0.95092,0.45112,0.40382,-1.1313,5.6906,7.6948,-0.069119,0.078832,0.072572,-0.48717,-0.2822,-0.91014,0.097392,-0.58329,9.9495,0.020286,0.069002,0.097289,-0.48908,0.45762,-0.81964,0.20056,5.146,-1.3193,0.72026,-0.027217,-1.2828,0.26746,-0.69405,0.35913,-7.2246,-8.4154,-2.0576,-0.045599,0.058481,-0.97189,0.60144,0.55167,-0.32064
8,3.4499,-0.94558,2.984,-0.047008,1.3565,0.30722,-0.43691,0.02134,-0.67332,2.0852,-2.1334,2.2937,-1.479,-0.2436,-0.16137,-0.54615,-0.45589,-0.2233,1.6798,2.8474,0.48523,0.59065,-0.60358,0.50037,-0.49236,0.39059,-0.38829,-7.9838,0.63212,-5.4761,1.1502,0.38007,-1.302,0.66478,-0.28384,0.020797,-7.1531,-0.88955,-5.8301,-0.51771,0.18247,1.4011,0.64548,0.22125,0.294
7,9.9263,0.59355,2.5023,-0.003778,0.43712,0.009817,-0.4402,-0.14833,-0.83195,3.306,9.1022,-0.33154,0.097526,0.13029,-0.029721,0.45388,-0.82279,-0.037227,3.8823,-3.8949,8.7202,0.01631,0.10296,0.069845,0.29128,0.055841,-0.90979,0.42813,8.717,4.1356,0.10207,0.14006,-0.12402,-0.71808,-0.52483,-0.36923,-1.1242,-9.2488,2.0743,-0.20491,0.15743,0.056668,-0.59907,0.758,-0.07767
4,12.435,1.534,1.5052,0.74207,0.26901,-0.030783,-0.79251,-0.37111,-0.37885,-1.4169,9.9961,8.4359,0.63586,-0.58832,1.3481,-0.4104,-0.32287,-0.58987,3.5727,-7.4289,9.4445,0.21965,-0.35808,-1.8566,0.17973,0.50146,-0.95669,-11.035,5.0638,1.0086,-0.86765,0.51028,0.31581,0.67869,-0.077721,-0.15829,-5.8371,-4.4751,1.265,-0.57637,-0.13383,0.53248,0.33886,0.50319,0.015723
7,9.6078,0.11463,3.221,-0.51906,-0.25501,0.1542,-0.78727,-0.017582,-0.70575,-8.383,2.5591,7.6177,0.86117,0.04844,0.57674,0.71788,-0.026854,-0.57523,-9.2713,-0.81606,7.0299,0.34921,0.31903,-0.18527,0.56431,-0.18704,-0.68642,0.17299,8.9014,-0.31233,0.015769,0.23948,0.65268,-0.50466,-0.76216,-0.091653,0.52911,-8.887,-0.65295,0.26268,0.16025,-0.67471,-0.51318,0.75175,0.18836
5,9.7976,-1.5761,2.1495,-0.10575,0.13117,-0.021404,-0.60754,-0.2257,0.17603,0.18704,7.44,6.2056,0.064318,0.040449,0.003911,-0.1697,-0.55041,-0.088494,1.0623,-2.7799,9.1656,-0.024078,0.007199,0.10425,-0.43309,-0.11082,-0.60428,-1.7694,9.9819,0.59434,-0.37858,-0.077647,1.5531,0.26805,-0.5518,-0.29295,-2.4794,-11.635,1.4116,-0.18578,0.056213,1.4687,0.2351,0.45797,0.16984
1,10.696,1.8883,0.88159,0.48972,0.88076,-0.10946,-0.65896,0.13402,-0.55996,-0.69083,8.2002,4.8626,0.078184,-0.64567,0.61101,0.069822,-0.16492,-0.62334,1.0677,-6.5912,6.6349,0.23831,-0.70304,-0.70275,0.44984,0.80468,-0.67064,-12.139,-2.2206,-0.30538,0.003339,0.19287,2.6198,0.84172,-0.2329,0.43178,-9.711,0.10194,-3.6223,-1.3597,0.75513,2.3932,0.67709,0.77373,-0.24685
2,7.295,-0.67761,1.1114,1.0398,0.2506,0.10182,-0.73026,-0.068852,-0.5086,-6.3496,9.7552,-3.2444,1.13,2.8711,-0.010063,0.13551,-0.67243,0.092151,6.8141,-2.2565,-0.31396,0.3531,-0.86678,0.46864,0.20792,0.89263,-0.46898,-12.154,5.3829,-2.8221,1.3688,-1.8969,-1.7556,0.79308,-0.20188,0.31779,0.8625,15.421,1.5843,4.5622,-1.6248,-0.38932,0.84219,0.80032,-0.30564
6,10.038,0.30058,-1.6968,-0.15407,0.031923,-0.049321,-0.97279,0.43207,0.39439,-1.3603,7.0307,7.3647,-0.005428,0.13345,-0.10765,-0.46162,-0.35918,-0.83482,-0.85482,-0.9332,9.9204,-0.040368,0.020462,0.005016,-0.44067,0.47035,-0.80064,-6.26,6.0953,-5.6092,-0.20631,0.35011,0.15825,0.56396,-0.33437,0.25328,0.69947,-4.2755,-3.5154,0.55158,0.54798,0.39776,0.28023,0.84706,-0.21844
6,9.7223,-0.85166,0.61948,0.052288,0.16422,-0.074473,-0.76585,0.32303,0.27271,1.9735,3.9341,8.8048,-0.010143,-0.11912,0.33487,-0.49885,-0.073394,-0.62431,1.6985,-2.0574,8.3485,-0.45592,-0.10095,-0.049846,-0.43706,0.55157,-0.53207,-1.5407,5.2019,-1.4943,0.68648,0.27491,-0.82794,0.46637,-0.48504,0.38161,-8.1972,-6.0071,-5.6847,0.97894,-0.056737,-0.67823,0.63485,0.3606,-0.053967
0,8.6751,-1.0399,4.3174,-0.29832,-0.017089,-0.2374,-0.82518,-0.066101,-0.899,8.3759,3.8343,3.6913,-0.61057,-0.48419,0.21987,-0.94066,-0.6066,-0.20008,6.9999,-1.702,1.7547,-0.15657,0.1505,-0.19764,-0.49489,0.91291,-1.1729,-10.086,0.38934,-2.7263,0.50406,-0.031527,-0.90686,0.61682,-0.38406,0.33728,-8.9334,0.27991,-0.1543,-0.55904,0.19966,1.1899,0.28303,0.65118,0.41601
7,6.2551,0.82309,7.6444,0.12932,-0.005579,0.21659,-0.21806,-0.16194,-0.92563,-7.7588,-8.5136,3.1582,-0.070511,0.20923,0.10299,0.55143,0.63824,-0.50706,-6.9093,9.8109,2.5431,-0.38912,0.044151,0.31851,0.41179,-0.61653,-0.61071,-2.9054,7.9641,2.0017,0.056158,0.10379,0.15724,-0.18414,-0.9043,-0.25012,-1.478,-7.6612,0.47009,-0.12824,0.13285,-0.27492,-0.22678,0.94368,-0.023507
5,9.8057,0.94257,2.8678,0.097531,-0.31657,-0.15877,-0.8227,-0.31725,0.030447,-0.28198,6.4831,7.6232,0.037886,-0.071508,0.073331,0.29367,-0.62947,-0.021457,0.2449,0.1045,9.9469,-0.035308,0.000116,0.071668,-0.62391,-0.19914,-0.60254,-2.0227,11.332,-2.348,0.66901,-0.15062,-0.29829,0.076176,-0.68185,-0.15353,6.3349,-1.4995,-0.059495,0.6139,0.41428,-0.49196,-0.19424,0.4844,0.45087
6,9.5307,-1.3474,0.8411,0.35978,0.013263,-0.33324,-0.87542,0.33888,0.32308,3.7479,0.61293,9.0109,0.059383,0.2576,-0.011722,-0.94729,0.038267,-0.61966,1.2679,-1.2093,9.6022,0.034197,-0.20478,0.024608,-0.55394,0.58346,-0.73697,-9.3699,7.2085,-2.7081,1.475,-0.000571,-1.8374,0.61511,-0.25922,0.32124,-7.3602,-8.9466,-3.2013,1.0328,-0.055718,-1.7568,0.64939,0.50075,-0.15219
1,7.7157,1.5837,0.26699,-0.94649,-0.022516,0.65967,-0.749,-0.093084,-0.41585,6.8935,2.213,5.432,1.2611,-0.14789,-0.30632,0.82225,0.040742,-0.031451,8.4711,1.6634,2.587,-0.92893,0.59214,0.94875,-1.5022,0.35694,-0.74535,-9.3738,-0.35767,-2.0074,-1.3376,0.45886,2.3315,0.42075,-0.6631,0.35138,-10.15,-1.3149,-1.3625,-0.87213,-0.06486,1.4871,0.99415,0.54632,-0.070088
4,9.4573,-3.0564,4.5596,-1.116,0.95758,-0.033436,-0.79191,0.15448,-0.57823,-0.80723,12.504,1.1689,-1.2367,0.18368,2.7598,-0.018001,-1.0921,-0.074846,0.14138,-6.7922,5.9404,0.21655,0.81394,-0.66983,0.38655,0.53306,-0.61358,-8.0726,-0.97521,2.4252,-1.5365,0.51219,0.14068,0.43165,-0.2084,-0.20813,-15.58,-3.4284,-2.4481,-2.6159,0.006968,1.9295,0.6093,0.28222,0.028564
5,9.0023,-0.86891,4.4453,0.58876,-0.033628,-0.23783,-0.61553,-0.10383,0.072087,6.5175,6.1808,4.4576,0.16772,0.30949,-0.18883,-0.87064,-0.001614,-0.2039,5.8221,-6.0365,5.0979,0.10164,-0.18302,-0.19681,-0.78036,0.14232,-0.66192,-7.7981,15.146,-2.1216,1.1834,0.30896,-0.019995,0.56681,-0.36035,-0.088613,4.9912,-1.6469,0.27966,0.41657,0.068768,-0.96287,0.025048,0.56107,0.26105
1,10.815,1.3461,2.6722,0.072694,-0.13737,0.24536,-0.69339,0.14502,-0.49721,-1.4663,8.5892,5.5028,0.023496,0.54824,-0.49727,0.065824,-0.15462,-0.6285,-0.60832,-6.6206,8.1368,0.045248,0.28152,0.69929,0.49821,0.82328,-0.58112,-4.9492,10.088,-7.3149,0.076992,0.76111,0.35245,0.12827,-0.81321,0.41445,-10.8,-5.8966,-1.0781,-0.35716,0.36878,1.4339,1.0934,0.35376,-0.10405
9,5.6713,-4.6296,1.7744,1.3047,-0.68013,0.091311,-0.84149,0.39236,0.4571,8.3514,1.2099,1.4155,1.2741,0.37343,0.60479,-0.81268,0.28153,-0.31032,-1.7203,-4.1442,4.7821,5.3084,1.4832,2.5333,-0.64322,0.64436,-0.36845,-16.062,18.243,4.7791,-1.6812,0.55838,-0.85987,0.80259,0.3732,0.33628,-11.537,-0.42574,1.3878,-2.2734,-0.16892,-2.4786,0.68504,-0.50275,-0.32056
7,2.6013,-2.9272,7.0831,1.2116,-3.0132,-0.2045,-0.24154,0.21511,-0.99889,-0.33136,-7.0041,7.8834,0.34809,0.20642,3.1085,0.28461,0.12661,-0.91955,-8.0402,6.6828,-2.4726,-1.8553,-3.2108,-0.58413,0.69961,-0.61895,-0.24101,-0.93433,10.381,4.0143,1.0396,-0.033604,0.53449,-0.35161,-0.81359,-0.36104,-0.20294,-9.7571,1.9201,-1.1455,0.29859,-0.7912,-0.37093,0.89587,0.047434
1,10.672,0.1885,4.9284,-0.24524,-0.35941,-0.2294,-0.89016,-0.11451,-0.59865,10.074,2.7248,4.0291,-0.30108,-0.13024,0.006974,-0.78023,-0.46945,0.20874,6.0929,-3.6716,2.3157,0.42922,-0.19265,-0.13957,-0.31536,1.3644,-0.40791,-11.178,-0.92231,-2.2379,0.94738,0.069996,-1.0116,0.76556,-0.093588,0.1644,-6.1066,-7.53,-2.0198,1.3818,0.17808,-0.46686,0.08463,0.64348,0.054111
0,10.332,-1.0463,4.0636,-0.095056,0.39092,0.081846,-0.64299,0.15093,-0.62744,9.7863,3.5844,1.6444,-0.61656,-0.067859,0.38778,-0.91079,-0.39921,-0.77874,8.0944,-2.626,2.5178,0.17705,-0.031576,0.026957,-0.18883,1.225,-0.18192,-9.2784,-0.21747,-3.3293,0.47106,-0.15683,-0.64931,0.80351,-0.19956,0.40883,-7.1968,-4.6149,-1.9494,-1.1842,0.94338,-0.29529,0.71598,0.74055,-0.12628
8,-3.0714,-0.11756,-0.95473,-0.42773,0.065302,0.1656,-0.72373,-0.31214,-0.33262,-0.92859,-1.013,1.8618,-0.53925,-0.35086,-0.64988,-0.36676,-0.59708,0.39552,-1.9357,-1.2245,0.57014,-0.94786,0.094812,0.38287,-0.47166,0.032038,-0.62305,-0.45169,0.35733,-3.2249,0.38462,0.5001,-0.38087,0.47592,-0.28175,-0.49765,-0.44222,-1.0113,-1.3024,-0.40853,0.3013,-0.17075,0.4888,0.17799,0.58252
7,8.7154,0.038144,-3.8936,-1.3376,-1.1062,-0.53883,-1.0417,0.41359,-0.1695,3.7423,6.0574,7.124,-0.26492,0.46492,0.51872,0.3197,-0.63527,-0.60925,5.5672,0.69637,8.6486,0.81408,-0.27974,0.049748,0.067641,-0.14548,-0.92066,2.5358,9.5074,0.56339,-0.13429,-0.11431,0.013582,-0.70225,-0.62156,-0.22997,2.5545,-9.4404,-1.0627,-0.056881,-0.04451,-0.099385,-0.72024,0.63843,0.095949
0,6.8832,0.7424,2.4813,-0.41566,-0.037034,0.10098,-0.63191,0.07664,-0.61501,7.3814,3.1449,-1.5872,0.66931,0.22912,-2.2592,0.35917,-0.022205,-0.73055,7.1368,-4.6954,4.0817,-0.84637,-0.61486,-1.1603,-1.2523,0.55949,-0.13044,-5.0641,-4.7731,-0.72946,-1.2446,0.52208,0.61777,0.47747,-0.61518,0.33349,-8.67,-4.1744,-1.021,-0.16822,-0.14598,1.4959,1.0756,0.56379,-0.08898
8,4.6816,-2.4596,-1.6916,-0.042185,0.2116,-0.13188,-0.58346,0.32253,0.47137,2.3231,1.8528,1.1161,0.030363,-0.47476,0.082094,-0.60249,0.14237,-0.34347,6.7673,2.2303,11.179,-6.0955,-1.2074,-0.59066,-0.76546,0.21344,0.26181,-5.7488,7.8845,-2.202,-0.33743,0.77525,1.4004,0.67278,0.087514,0.67505,-6.531,-11.924,4.1314,-1.1247,-0.14561,-1.0745,0.63052,-0.23361,-0.32103
9,7.9748,-3.4142,0.6592,-0.17425,0.24362,0.13381,-0.71242,0.78127,-0.42881,7.4448,3.9613,-0.56684,-0.62385,-1.0249,-1.1746,-0.4255,-0.70872,-0.60244,3.5145,-6.3183,7.1564,-0.38056,0.12755,-0.82472,-0.097747,0.94946,-0.41013,-9.0244,-0.21918,-1.9303,0.17376,-0.6325,0.30427,0.92071,-0.62452,0.07821,-9.8591,-5.1941,-4.9567,2.7625,1.0747,-0.11799,0.96853,0.39477,-0.44217
5,8.0155,1.781,6.1021,0.23339,0.064668,-0.050874,-0.62244,-0.23077,0.054381,3.8333,8.1664,4.2637,-0.027162,-0.034159,-0.20534,-0.79596,-0.47554,-0.23524,6.2438,-4.6285,6.0537,-0.002584,0.042834,-0.074476,-0.88981,0.1418,-0.58319,-8.0422,14.467,2.7575,-0.52836,0.15878,-1.346,0.38999,-0.3572,-0.21498,2.0532,-4.2919,0.33232,0.045796,-0.15878,-1.7808,0.14887,0.59294,0.11037
7,8.0389,0.10777,5.4255,-0.2329,0.55185,-0.14891,-0.29554,-0.10315,-0.9045,-0.96336,11.927,-0.97563,0.29745,-0.15003,-0.4621,0.49514,-0.80436,-0.004148,-0.54237,-5.4884,11.119,-0.099965,0.48616,0.15208,0.36344,0.083499,-0.88253,1.3415,7.6386,4.0513,-0.13321,0.072251,-0.67319,-0.6735,-0.5656,-0.39356,-0.40654,-8.8364,1.8337,-0.17264,-0.10874,0.66149,-0.54188,0.80474,-0.06256
2,20.221,2.7911,6.425,-0.98771,-0.29224,-0.50156,-0.94212,-0.097877,-0.7903,2.9566,15.707,2.8037,-0.44192,-0.3319,-1.0156,0.56779,-0.923,-0.53925,3.6936,-21.651,8.7175,-1.1696,1.1193,-1.8,0.3188,1.1094,-0.79879,-27.099,-9.7609,-8.4765,-1.4847,0.96069,2.8396,0.48233,-0.66222,0.20702,-18.415,9.1144,-10.633,-1.0844,-0.8701,2.42,0.43621,0.61432,0.36363
4,7.8902,-1.2043,3.3789,-0.21824,0.14613,0.1204,-0.69928,0.14469,-0.60067,3.3664,7.3612,6.3556,0.26138,0.10791,0.87598,-0.38243,-0.78886,-0.75501,-3.0566,-7.5645,7.2393,-0.10528,-0.40533,-0.056237,-0.14868,0.42644,-0.67696,-7.9305,2.6839,-1.739,0.92514,0.045815,-0.79849,0.45404,-0.31158,-0.15932,-8.7494,0.33228,-0.59391,0.52837,-0.139,-0.32139,0.58113,0.048875,0.26076
2,21.033,8.1396,1.2869,-1.9066,0.16523,-0.34333,-0.76245,-0.10743,-0.44279,5.1988,24.35,-29.008,-2.4554,-5.6652,-0.84983,0.047739,-0.52216,-0.23108,9.049,-25.682,3.7852,-1.9846,1.9044,-1.2398,0.08641,1.0256,-0.36749,-29.324,-8.5066,-1.0964,0.49399,-0.032348,3.3976,0.66545,-0.54372,0.17228,-23.282,7.9217,4.0532,0.74024,-0.63176,1.7454,0.97948,0.69702,0.045936
4,7.7478,-1.2659,2.9692,2.6327,0.51411,0.053648,-0.87016,-0.11719,-0.55745,-12.467,9.2284,-4.4703,0.10964,1.1005,3.5219,-0.27853,-0.73193,0.18443,2.1611,-6.5891,8.625,-0.24944,-1.5539,-2.4843,0.30763,0.55299,-0.92495,-9.9955,8.8795,0.59021,1.352,-0.50734,-0.17748,0.66423,-0.11322,-0.14188,-6.9243,-7.9409,1.3003,1.3502,0.84779,0.47179,0.40929,0.40099,0.028707
8,29.974,-1.9084,27.483,0.53627,-3.5288,0.52126,-0.78612,0.32951,-0.22188,36.626,10.365,-3.7203,0.37184,-1.1663,0.82122,-0.59837,-0.10225,-0.22937,42.344,1.1441,-4.7018,-3.6255,-0.20426,-0.5098,-0.76775,0.21859,0.18073,-32.256,-1.6329,-25.375,-2.6347,7.4682,1.0096,0.54212,-0.089368,0.57109,-12.372,4.2096,-3.5329,-1.0644,-0.61615,1.1317,0.61846,-0.004695,-0.26697
1,6.0992,-0.52984,4.1305,0.30737,-0.73147,0.067143,-0.74702,-0.15234,-0.75366,0.020608,6.1046,6.8416,0.10786,0.61057,-0.14151,0.24824,-0.64682,-0.81451,0.38846,-4.9146,6.2065,0.16491,0.12801,0.23338,0.19695,0.46976,-1.1498,-9.8837,-2.3164,-1.4208,0.18325,0.31311,-1.7739,0.46946,-0.53678,0.053805,-6.831,1.1639,-0.94838,0.73661,0.22773,-2.146,0.2626,0.69074,0.045841
8,6.3734,-2.7839,3.0568,0.18608,0.18594,0.032842,-0.71538,-0.32759,-0.34157,8.2485,3.2205,1.4137,0.39114,-0.4327,-0.62239,-0.39552,-0.58682,0.37944,6.1535,-2.2716,2.1611,-0.62145,-0.20677,0.09065,-0.37279,0.107,-0.68734,-11.526,2.5419,-0.31628,0.17518,-0.83601,0.261,0.52665,-0.36023,-0.40604,-10.901,-0.042096,-1.7771,-0.11857,-0.82811,0.040667,0.44105,0.23574,0.59839
0,10.489,-1.3958,0.30345,0.88865,-0.04371,0.27541,-0.66083,0.10084,-0.59667,8.638,3.5575,0.27786,-0.16688,-0.37653,1.8625,0.39884,0.03752,-0.8243,10.976,-3.6653,3.1966,1.8612,1.1223,1.6542,-1.1682,0.85567,0.083119,-13.897,4.4135,-2.7788,-0.99663,0.21923,-1.1079,0.53624,-0.61402,0.30793,-17.116,4.1039,-3.5388,-1.4603,0.29716,-2.0088,1.1166,0.69358,-0.13766
2,11.838,0.82679,3.364,-3.0317,1.1605,-0.5543,-0.8662,-0.17107,-0.65887,-1.5276,13.872,3.1174,1.7353,-1.9525,-1.8593,0.62183,-0.68408,-0.53917,-3.7309,-11.461,3.6205,-0.23358,3.3619,-0.65329,0.34435,1.047,-0.56917,-10.481,-13.611,-1.3206,1.5762,0.12861,2.9601,0.20412,-0.74273,0.03251,-23.727,-2.7175,4.1405,2.7751,0.96319,4.3887,0.59971,0.43497,0.076837
1,13.822,-1.4406,-2.753,0.55528,-0.29114,0.19663,-0.80756,0.21371,-0.32643,7.4515,4.8515,5.6417,-0.6749,-0.37157,1.8053,0.80027,-0.26013,-0.12727,5.9914,-3.9165,7.0594,-0.44793,-0.18529,0.049869,-1.0513,0.83679,-1.0765,-9.7987,0.041101,4.2863,2.9874,0.085242,-1.0761,0.40596,-0.83094,0.030855,-12.729,-3.9133,-1.0569,-0.72106,-0.4725,-0.35455,1.0345,0.13287,0.06708
6,7.7623,-1.8974,4.7034,-0.16413,-1.0998,-0.19719,-0.89061,0.45539,-0.071348,-1.9688,5.1597,7.8806,0.30778,0.12331,0.051176,-0.32592,-0.27521,-0.87133,-1.0846,-5.2686,7.8073,-0.093956,-0.006596,0.039804,-0.2109,0.79497,-0.49261,0.63854,-1.7785,1.1657,-0.014266,0.37714,-0.31329,0.41983,-0.66531,0.23573,-9.9635,-11.61,-2.3034,0.38659,-0.46974,-0.58217,0.58989,0.50897,-0.38095
8,-6.4894,-0.14444,-2.3371,-0.47164,0.090869,-0.092281,-0.57443,0.56106,-0.26607,-0.14177,-1.3537,-4.6205,1.2971,0.15131,0.001511,-0.47725,-0.20579,-0.62946,3.5621,4.3877,0.86936,-0.37691,-0.32909,0.46164,0.065062,0.30949,0.70763,1.0026,5.0284,1.4109,0.16489,0.06747,0.39722,0.48713,-0.062519,0.51042,2.047,-12.831,3.1917,0.023414,-0.28847,0.32049,0.48602,0.08082,-0.45874
5,9.7426,0.15712,2.5701,0.16624,-0.10263,-0.11083,-0.84505,-0.25196,0.010212,-1.4249,7.1002,6.3609,-0.025476,-0.15249,-0.11122,0.3548,-0.67954,-0.004876,-0.64283,-1.1141,9.9748,-0.70314,-0.006865,-0.008073,-0.57015,-0.16823,-0.64149,1.8295,5.5449,-0.31892,1.5397,-1.2174,-2.8201,-0.11404,-0.71339,-0.22572,-2.3441,-12.878,-2.3347,0.34523,0.58298,-2.0453,0.17223,0.40544,0.43193
8,9.57,0.68466,1.3983,-0.10372,-0.48084,-0.013184,-0.9541,0.1026,0.34184,9.6192,4.2819,2.0483,0.82738,-0.052468,0.8645,-0.86022,0.47336,0.11677,8.5029,-1.9067,1.4439,0.024545,-0.42874,-0.42061,-0.8055,-0.37905,0.41943,-9.6106,1.9295,-0.19219,1.2347,1.4694,-0.25779,0.83798,0.3948,0.32467,-8.6538,-2.6565,0.60546,1.2901,0.35536,0.12821,0.87424,-0.28335,-0.32015
7,8.2818,-0.32608,-5.7104,-0.09016,-0.009994,0.089975,-0.987,-0.05089,-0.077012,7.249,1.0155,6.9645,-0.43887,-0.62124,0.22634,-0.086712,-0.044523,-0.9276,6.1553,-2.4286,7.6042,-0.27535,-0.55053,-0.18173,-0.007686,0.003379,-0.93526,0.58702,9.202,0.84158,0.043074,0.044966,-0.33315,-0.63268,-0.68504,-0.28575,1.3019,-9.2248,-0.76212,0.001378,-0.061409,0.28592,-0.71631,0.66767,0.05291
7,5.8065,0.61924,8.1843,-0.422,0.34567,-0.040549,-0.2816,-0.085179,-0.91922,3.2526,6.1314,-0.016219,0.23336,-1.1262,-0.65136,0.58789,-0.74864,-0.030702,1.3723,-2.7154,7.4653,-0.28471,0.091009,1.0121,0.42746,0.033688,-0.85838,0.78305,7.2079,3.7977,0.077782,0.46894,-1.2344,-0.43365,-0.72921,-0.4565,-0.52312,-8.9523,0.93313,-0.40237,0.019377,1.3411,-0.25048,0.93845,0.040659
7,9.692,0.35156,0.19031,-0.24723,-0.64608,0.00733,-0.87791,-0.063295,-0.53334,-4.7021,1.9638,6.8011,-0.40716,0.37984,0.23698,0.66195,0.038484,-0.63072,-3.9309,2.4472,7.717,0.72728,0.53305,-0.74171,0.44041,-0.38535,-0.65799,2.0538,9.2191,-1.8897,0.003196,0.26115,0.67946,-0.66607,-0.6477,-0.056067,2.0357,-10.031,-1.2035,-0.082177,0.21753,-0.74352,-0.67453,0.60312,0.1926
5,9.4876,-1.1794,1.5407,-0.090248,0.04566,0.30615,-0.60383,-0.22505,0.1828,1.1401,5.7316,7.3714,-0.13243,-0.013057,0.12157,-0.20316,-0.5096,-0.20022,1.4639,-1.4573,9.1105,-0.33143,0.18566,0.12218,-0.46132,-0.19382,-0.56732,3.9571,5.785,1.1128,0.33139,0.15807,-0.63236,0.13461,-0.61546,-0.33105,-2.4682,-11.496,-0.89611,0.68791,-0.095882,-0.63191,0.27155,0.38444,0.22722
6,10.014,2.2275,-1.5954,-0.33589,-0.46329,0.48096,-0.67376,-0.11915,0.51904,1.504,2.6469,8.841,0.002265,0.05727,0.35852,-0.442,-0.029206,-0.64226,1.939,-2.7895,11.084,-0.01404,0.58836,0.35842,-0.46423,0.46909,-0.60151,-3.2254,3.4432,-1.4534,-0.8768,-0.44306,1.0189,0.70646,-0.25757,0.1485,-7.1109,-10.167,-3.7697,-0.13865,-0.23627,0.42025,0.656,0.30302,-0.18013
1,5.6989,-0.046383,3.6492,0.67748,-0.12628,-0.066166,-0.8308,-0.1121,-0.72759,6.1912,3.2669,3.4394,1.2734,-0.25214,0.55674,-0.91084,-0.48102,-0.10263,6.2672,-2.1195,0.57508,0.41246,0.49312,1.3634,-0.85749,1.6363,-0.050351,-9.2299,0.28458,-2.0642,0.95382,0.31919,-1.8319,0.4873,-0.34835,0.13059,-8.4639,1.8085,-0.77011,-0.022117,0.28177,-2.7373,0.25825,0.57702,0.15233
5,9.0648,-0.70278,3.5954,-0.027524,-0.021269,-0.075446,-0.60963,-0.11391,0.10503,6.2785,6.0158,4.511,0.009976,0.12647,-0.007321,-0.87262,-0.015562,-0.23594,6.2417,-5.9746,4.5211,0.061958,-0.15482,0.034725,-0.81046,0.15259,-0.62386,-7.9631,10.62,-3.2608,-1.3933,-0.4792,1.153,0.53418,-0.38001,-0.094822,3.1698,-5.7083,-2.1021,-0.64886,-0.28408,1.8486,0.089671,0.53468,0.28502
8,-1.24,0.34271,3.9863,0.026218,0.44436,0.15311,-0.89477,0.39027,0.10612,-0.7081,-1.4185,-1.2863,-1.4129,1.5618,-2.984,-0.61338,0.70311,-0.086253,12.175,-6.0939,-0.38308,-0.42389,-0.15219,3.0917,-0.58455,0.58267,0.17817,-31.617,-3.0968,-5.0795,-1.0818,1.0795,0.064184,0.76184,0.24653,0.50794,-2.5823,-2.7595,3.9653,0.57928,-0.42725,-0.62222,0.84378,-0.084239,-0.35911
0,7.728,-1.5471,1.8233,-0.081039,0.64571,-0.006543,-0.78174,-0.2013,-0.75209,4.7767,4.152,5.9121,0.089201,-0.30349,0.7785,-0.3876,-0.81843,-0.70025,5.6852,-5.2415,5.5786,-0.073083,-0.70619,-0.037542,-0.34531,0.86564,-1.2157,-10.49,-1.3382,-4.1459,0.89125,0.092126,-1.4114,0.086577,-0.78524,-0.22408,-10.61,3.5588,-4.3221,-0.024928,0.10683,-2.2516,0.64415,0.32494,0.13817
1,6.3933,0.72532,0.87602,-1.0473,0.064099,0.28438,-0.74357,0.045583,-0.4753,6.5871,4.2844,-1.2134,-0.69569,0.11402,-1.5225,-0.04991,0.13297,-1.4407,6.0296,-2.5717,2.8788,-1.0095,-0.43685,-0.62401,-1.4499,0.57732,-0.11317,-6.4528,-3.6998,-0.91552,-0.47817,0.14122,1.8889,0.41886,-0.68669,0.29394,-9.5298,-0.70795,-1.2661,-0.23677,-0.26043,1.698,1.0575,0.5305,-0.09942
7,9.438,-1.0113,3.5332,0.16982,0.32872,0.05683,-0.8406,0.014478,-0.64582,-4.2468,4.1217,6.2507,1.4111,-0.33819,-0.56254,0.68539,-0.22301,-0.56734,-4.789,-1.1648,8.8082,-0.030787,-0.15917,0.75598,0.56529,-0.13268,-0.71194,0.010079,11.951,-1.8039,-0.33202,0.17656,0.92123,-0.4513,-0.79608,-0.08861,0.92967,-10.966,-0.71004,0.020926,-0.001189,-0.85436,-0.49685,0.75962,0.20178
4,5.736,-1.2319,-0.82037,-0.77097,-0.35406,-0.019848,-0.96281,0.14633,-0.33141,3.5231,10.02,5.2602,0.22066,-0.41718,2.0479,-0.16642,-1.0656,-0.74115,-12.383,-6.9291,2.1298,-0.80867,-0.34328,-2.081,0.25263,0.51834,-0.48402,-4.5688,0.15967,1.1484,0.59061,-0.13561,-1.46,0.36484,-0.39012,-0.091547,-4.8553,-6.7579,-0.87255,-0.77327,-0.32133,-1.1179,0.57701,0.21414,0.15725
6,9.7527,0.24858,-0.91818,0.013601,-0.11843,-0.28357,-0.96807,0.41746,0.40273,-2.2945,6.7772,7.2452,0.15521,-0.031035,-0.26701,-0.42229,-0.37057,-0.85529,-0.42595,-0.647,9.8235,-0.044915,-0.042118,-0.21224,-0.4692,0.46364,-0.79864,-6.2001,9.1891,-2.5733,0.30184,0.11121,0.037183,0.54582,-0.3265,0.26922,0.84996,-1.86,0.16622,0.57221,0.3939,-0.15522,0.27738,0.8458,-0.23059
8,-0.26581,-0.26305,-0.46839,-0.007311,0.090356,0.15374,-0.97818,0.14709,0.26333,0.061873,-1.9764,0.28389,-1.7274,-0.020345,-1.9115,-0.72632,-0.6526,-0.10261,-0.083955,-0.21112,0.39907,0.17509,-0.042668,0.032035,-0.93326,0.34152,0.11264,-1.3317,-4.8318,2.2121,0.13816,1.3821,-0.56008,0.88516,0.40657,0.18215,-0.65552,0.83592,-0.61313,-0.9273,-0.33381,0.21251,0.89402,-0.30487,-0.27184
1,6.6094,1.6276,0.33524,0.20968,-0.39864,0.044978,-1.0721,0.054615,-0.42641,0.97583,8.2749,5.3112,0.027338,-0.041082,-0.36473,-0.16199,-0.61745,-0.76993,1.7764,-6.0663,7.501,0.10683,0.30704,0.11911,0.040835,0.99923,-0.82971,-7.8864,-0.55511,-1.4942,-2.3798,0.8189,1.6078,0.17822,-0.73486,0.35337,-8.7396,-2.8578,-2.3821,-1.0328,-0.57,1.5284,0.73811,0.61059,0.053133
9,29.651,0.58358,5.3892,-0.82798,-0.12351,-0.7581,-0.58734,0.3711,-0.62483,24.887,20.007,29.525,-0.67673,5.5032,-1.3711,-0.13991,0.17135,-0.87842,42.358,-3.1326,8.7145,-5.2412,-3.186,-6.6459,-0.41452,0.75872,-0.35685,-17.169,-2.2235,-1.5239,0.12767,1.0629,1.2833,0.79707,-0.31424,0.45876,-14.29,13.593,-4.0728,0.91955,0.10891,0.25387,0.71912,0.62326,-0.074402
3,-9.0737,9.2983,3.8687,0.33358,0.009397,-0.037393,0.6188,-0.26143,-0.76813,2.3085,9.9991,-3.8237,0.012948,0.27583,0.70754,1.2473,0.171,0.44242,2.4707,-9.1748,5.7853,-0.47715,0.10138,-0.31481,0.042078,0.5632,-0.49523,-11.886,3.822,2.5094,0.8599,0.33699,-0.48895,0.63765,-0.54955,-0.47024,-13.005,-1.0363,-2.6234,0.54484,0.18582,-0.37992,0.67623,0.3373,0.63381
9,9.7484,0.7633,1.6552,-0.69742,0.52773,0.008058,-0.75749,-0.45466,-0.1388,13.353,1.2655,3.0528,-0.51323,1.8039,-3.1593,-0.8275,-0.35531,0.038297,-8.6693,-1.9057,4.7014,0.89099,0.21801,-0.11768,0.50023,0.13072,-0.69853,-11.161,-0.97702,0.35182,0.42615,0.023807,1.8887,0.73502,-0.22546,-0.30221,-9.1854,1.5488,-4.0472,-1.0844,0.24594,0.929,0.6098,0.28586,0.62475
6,9.5652,1.2613,-1.198,-0.22506,0.079796,0.16092,-1.0031,0.35567,0.38587,-1.8464,6.5252,7.5827,0.016755,0.054523,0.040753,-0.49463,-0.38598,-0.86149,-0.41497,-0.0722,9.5418,0.064208,-0.016288,-0.029217,-0.50766,0.42208,-0.82583,-6.2742,8.2973,-2.6977,0.65374,0.034176,0.65807,0.54988,-0.34671,0.26587,0.72094,-6.0855,0.16127,-0.075902,-0.26327,0.99239,0.27893,0.85852,-0.202
6,9.4555,-1.7117,1.6816,-0.8716,-0.11117,0.54774,-0.99207,0.53112,0.14114,-0.26702,8.8392,5.3699,0.08652,-0.14487,0.10836,-0.5651,-0.53463,-0.66692,0.78615,-2.5633,9.8237,-0.097947,0.18428,-0.079292,-0.49371,0.57612,-0.67656,-9.3673,8.6523,-2.8159,0.25412,0.22335,1.1587,0.62839,-0.24753,0.27262,-3.1421,-3.3418,0.12205,-0.83826,-0.31552,1.4552,0.45712,0.60237,-0.35766
8,0.1447,-1.0437,0.11197,-1.9023,-1.491,0.65397,-0.85221,0.008179,-0.68439,-0.079509,0.46221,0.86068,-0.99279,-0.065493,-0.50746,-0.97771,-0.3109,-0.47279,-0.82883,-0.5277,1.2138,0.055323,-0.2128,-0.92066,-0.71885,0.73283,-0.36457,-0.79783,1.6952,0.096465,0.06273,-0.48797,-0.30845,0.9628,-0.56314,0.072757,0.42493,-2.8282,0.12679,-0.12207,-0.20157,0.13783,0.99639,0.54665,0.26255
7,9.5104,-1.5774,0.19828,0.71961,1.9742,0.38845,-0.95356,0.29197,-0.60646,-0.16555,7.2912,7.6873,-0.55743,0.91837,-0.5293,0.46799,-0.49917,-0.66152,3.3064,1.3676,11.875,0.32515,1.3024,-0.33326,0.231,-0.17062,-0.90357,1.4797,8.4697,2.7963,-0.91931,-0.18722,-1.1758,-0.40327,-0.80881,-0.32387,1.6858,-8.4448,0.29555,0.58808,-0.75735,1.0996,-0.45382,0.85095,0.12158
5,6.9717,0.62058,6.7248,-0.22781,0.20998,0.12208,-0.65329,-0.21213,-0.078709,4.4778,7.6382,-3.7724,-0.00383,0.087816,0.008221,-0.73743,-0.30809,-0.16456,6.5127,-7.425,1.0301,-0.16699,0.030585,0.21846,-0.89667,0.33636,-0.65525,-3.1873,11.794,2.1272,0.47587,-0.82177,1.6182,0.27406,-0.48721,-0.34351,-1.0615,-8.7727,-5.032,0.19606,-1.3675,1.8665,0.21362,0.36816,0.38084
5,9.3707,-0.70283,1.8028,-0.1384,-0.055719,0.26245,-0.59479,-0.25861,0.16564,-0.43386,8.9094,4.4416,-0.027115,0.061753,0.098442,-0.12984,-0.57211,0.043833,1.0046,-2.2973,9.3249,-0.0945,0.080379,0.12904,-0.43817,-0.1253,-0.59951,4.8041,3.4732,1.09,-0.2067,-0.13314,0.8193,0.10727,-0.61375,-0.35202,-2.7511,-15.105,0.88789,-0.67442,0.12317,0.38133,0.26925,0.38111,0.19971
9,6.66,-1.6849,8.3702,1.1362,-3.2197,1.0311,-0.2891,-0.23806,-0.92543,-7.914,2.0523,12.031,2.6524,-0.30953,2.7405,0.86877,0.25327,-0.42225,-8.7866,-2.8056,7.916,-2.2528,-0.64998,-2.4089,0.81542,-0.42216,-0.25288,-6.9192,-1.1766,0.70587,-0.35259,-0.86238,0.15585,0.78322,-0.52444,-0.24824,-7.6395,0.71408,-0.48925,-0.75755,0.36983,0.55839,0.75738,0.61274,0.35228
9,8.7004,2.5914,-0.70364,-1.283,0.36539,-0.69108,-0.76092,0.27327,-0.21279,0.8814,11.615,-4.0337,0.15383,-1.5879,0.43366,-0.12991,-0.79544,-0.11249,5.8231,-5.4777,5.7297,-0.76834,0.86631,-0.33187,-0.43105,0.6041,-0.35568,-11.361,-3.2144,-2.9802,1.5177,-0.11575,0.99445,0.71246,-0.13284,0.41821,-13.449,-13.363,8.7019,1.8331,0.29371,0.45968,0.8059,-0.017437,-0.21665
0,10.206,-1.767,3.9827,0.37162,0.46697,0.33862,-0.74208,0.040454,-0.97471,11.727,2.8808,2.775,1.5312,-0.52429,1.8542,-0.75261,-0.74315,-0.60858,12.278,-4.3952,3.3961,0.76496,0.23794,0.63327,-1.0504,1.7219,0.24543,-6.4826,-7.399,-5.0104,0.91549,0.24119,-0.84197,0.1803,-0.84308,0.047107,-11.889,-5.8539,-0.30539,0.016343,-0.098588,-2.129,0.72869,0.27492,0.33609
6,9.0114,-0.36621,2.4883,-0.52886,-0.219,0.19961,-0.98407,0.51294,0.16012,-0.71839,8.5329,3.8721,-0.037145,-0.076828,0.085858,-0.53384,-0.65852,-0.62451,0.36807,-2.6076,9.824,-0.25226,0.16844,-0.182,-0.49152,0.59525,-0.64043,-10.67,8.9168,0.38454,-0.65129,0.21212,1.7106,0.59126,-0.29563,0.31047,-6.8112,-4.4796,-0.016984,-0.93275,-1.0874,2.0777,0.48309,0.56497,-0.34518
8,21.296,-4.484,22.801,-0.49239,1.2453,-0.32526,-0.62816,0.42538,-0.2478,8.7021,18.726,16.398,-0.74267,-0.084596,-0.54954,-0.40272,-0.30199,-0.56992,25.005,-2.2144,1.2897,1.9783,-0.22323,-1.4271,-0.58049,0.27419,0.36555,-18.983,-15.456,1.393,3.0574,-0.87689,-0.79112,0.4461,-0.15734,0.49522,-19.338,15.309,-4.5009,-3.7815,-1.4899,1.0159,0.49592,0.16375,-0.40393
6,8.6067,1.9715,3.369,-0.12899,-0.067375,-0.19064,-0.93014,0.23164,-0.10665,2.4613,7.7679,5.5777,0.066083,0.030128,-0.092898,-0.786,-0.41884,-0.56576,2.0089,-3.8349,8.628,0.012347,-0.056651,-0.077855,-0.71392,0.61431,-0.58149,-9.097,8.489,-0.002925,0.14405,-0.10681,0.3028,0.6997,-0.16776,0.20337,-0.68987,-2.1605,-0.34423,0.11501,0.30929,0.075075,0.52511,0.70834,-0.14433
6,9.694,-1.3792,1.1173,0.2554,0.060357,-0.21402,-0.88026,0.31884,0.32602,3.8334,0.57484,8.8919,0.074267,0.14942,0.048788,-0.96007,0.035952,-0.60879,1.0538,-1.2672,9.6631,-0.009204,-0.14559,0.082898,-0.56479,0.5737,-0.73673,-6.1441,6.8628,-1.1126,0.88026,0.10804,-1.6763,0.58966,-0.43476,0.27662,-8.0326,-8.0586,-3.796,0.68546,0.33248,-0.98792,0.70154,0.40307,-0.11656
1,8.5749,0.80517,1.509,-0.47462,-0.49948,0.5448,-0.77808,0.05302,-0.38164,8.0436,4.2225,3.1425,-0.018006,0.15667,-0.24702,0.82076,-0.26414,-0.17989,8.3993,-0.891,4.4319,-0.34024,0.40793,1.7144,-1.5381,0.42264,-0.82043,-6.0885,2.9184,-0.91951,-1.9427,0.53459,0.75841,0.26014,-0.83156,0.13364,-9.7737,1.6907,-1.4218,-0.57939,-0.10678,1.2165,1.0461,0.31205,0.069344
7,4.4043,0.60593,8.3731,0.10585,1.0991,-0.22415,-0.14869,-0.094935,-0.95034,-2.2921,0.76954,9.0893,-0.25854,1.2344,-2.0262,0.6353,0.2816,-0.68589,-1.2217,-0.028065,8.5866,0.3557,1.3463,1.7957,0.47514,-0.37092,-0.74701,-3.1233,11.077,3.6556,-0.067397,-0.15177,-0.30229,-0.20135,-0.89353,-0.28113,-2.404,-10.228,3.2681,0.20459,0.095183,0.21632,-0.23693,0.93884,-0.046904
5,8.3112,-0.094566,5.2753,-0.47384,0.16996,0.34663,-0.64489,-0.12319,-0.030421,6.6459,4.1062,6.2083,-0.075922,-0.17804,0.013765,-0.89802,-0.033727,-0.15444,6.2249,-4.8002,6.2123,-0.11764,0.36856,-0.012054,-0.80797,0.025871,-0.63733,-1.5213,8.4074,-1.046,-0.86657,0.62365,2.5647,0.2107,-0.62252,-0.089,-3.6018,-13.388,-0.1594,-0.49704,-0.12817,2.2445,0.38352,0.43156,0.15325
4,-5.2048,3.0724,3.7306,1.7049,2.4579,-0.67565,0.55561,-0.33121,-0.5308,3.0683,8.8295,-4.1142,-1.3893,0.80291,1.1,-0.29722,-1.4141,0.23231,-5.4268,-10.445,3.0978,0.51724,0.006941,-1.7416,0.015019,0.72541,-0.44822,-7.8401,0.52944,4.5303,0.26781,0.73262,-0.58127,0.51896,-0.22716,-0.21811,-7.2034,-6.1879,-1.5508,0.43723,-0.2696,0.44457,0.65676,0.22754,0.17854
6,9.8111,2.3785,3.4993,-0.77456,-0.29733,0.32462,-0.93583,0.35298,-0.062472,-2.5056,5.5852,7.8822,-0.32013,-0.45978,0.1607,-0.30981,-0.30248,-0.87297,-0.56154,-5.0382,9.2462,-0.52146,0.18207,0.016908,-0.25315,0.78164,-0.49635,-9.9345,7.6914,1.3581,-0.74341,-0.43785,2.5986,0.57494,-0.43909,0.27515,-9.9609,-9.5075,1.0719,0.12158,-0.040664,2.6506,0.4762,0.6274,-0.35043
4,10.31,-0.81323,3.7256,-1.0215,-0.24443,-0.40498,-0.69956,0.074486,-0.50462,-4.9975,6.975,4.9889,-0.75873,-0.43709,0.33443,0.17662,-0.69688,-0.65362,-2.9946,-5.9065,6.2355,-0.050349,0.67809,0.84169,0.45339,0.4738,-0.67429,-9.8256,3.8509,-2.8354,-0.79774,0.91449,1.6486,0.36766,-0.48745,0.11616,-11.54,0.22607,-2.3163,0.88864,-0.17081,1.6172,0.58936,0.33177,0.061251
2,17.704,2.8588,-5.057,-0.33928,-0.25964,-0.56961,-0.84902,0.13542,-0.45557,-4.2896,25.901,-3.142,2.2186,-0.29753,-1.4303,0.26372,-0.51891,-0.57098,6.4598,-3.2523,0.35997,-0.65999,0.95563,-2.8144,-0.030681,1.1207,-0.23307,-16.051,-0.84668,-5.2613,0.43725,0.81549,0.36413,1.0647,-0.066286,0.26225,-27.908,7.2403,-0.69551,-1.8478,-0.021386,-0.57537,0.88686,0.92658,-0.21786
8,8.9216,-0.80005,1.755,0.036266,-0.043071,-0.024877,-0.78337,-0.37715,0.1429,8.0521,3.9149,2.7925,-0.53175,0.15962,0.83014,-0.62356,-0.1834,0.43753,8.7437,-2.4282,1.7407,0.29184,-0.2035,0.094158,-0.56092,-0.41983,-0.072709,-9.4704,1.8208,-0.66644,0.30794,-0.1025,0.016315,0.47505,0.05019,-0.47099,-7.4272,-5.4998,-3.0663,-0.05155,-0.084994,-0.16897,0.40828,-0.29671,0.54557
0,10.353,0.47632,4.2759,0.12083,-0.003147,-0.12825,-1.0233,0.003645,-0.62466,1.7491,8.5186,5.516,0.061748,0.031599,-0.57532,-0.19838,-0.68239,-0.77348,2.5166,-7.6449,7.6021,-0.29668,0.48017,-0.12133,0.12553,0.98321,-0.94513,-9.8681,0.94331,-2.4964,0.58442,0.17221,-0.78942,0.57441,-0.38089,0.37668,-8.424,-14.626,-3.8379,-0.32868,0.20446,0.32061,0.32793,0.69824,0.18845
1,8.3023,-0.67106,0.236,0.50333,-0.3939,-0.21096,-0.84996,0.040031,-0.28649,8.7616,1.1538,3.683,-0.19398,0.32119,-1.4923,0.74387,-0.26514,-0.28866,8.8053,-2.0082,2.8736,0.041577,0.16486,0.28719,-1.5716,0.59279,-0.6997,-9.5849,0.95896,-2.648,0.72203,-0.2131,-1.2102,0.81474,-0.33946,0.2708,-6.1684,-2.4934,-0.42168,0.086702,0.78111,-1.0126,0.56924,1.0024,-0.038853
3,4.0928,0.9923,1.1929,-0.14765,0.30559,0.6267,-0.6374,-0.092452,-0.7,5.3033,4.141,6.3268,-0.14067,0.77946,-0.037986,0.23794,-0.36822,-0.34203,4.4426,-6.3649,1.7193,0.29662,-0.3585,1.0736,-0.089848,0.61643,-0.58287,-8.2414,2.4294,-1.5206,-0.6508,0.088753,-0.78633,0.83995,-0.11044,-0.41128,-7.4301,-0.82109,0.25653,-0.49688,-0.32994,-2.071,0.84074,0.60864,0.16953
7,5.873,0.45573,7.9851,-0.41847,0.45174,0.10837,-0.36481,-0.05313,-0.89493,-3.7906,7.2356,-1.2428,0.39564,-0.9875,-0.61079,0.62824,-0.71817,0.062881,-3.054,-2.5137,7.4525,-0.010157,0.16658,0.92661,0.51553,0.03786,-0.81534,0.9237,8.7936,3.6515,-0.001611,0.57183,-1.3771,-0.37916,-0.74366,-0.47647,-1.34,-10.962,0.24182,-0.40357,-0.066261,1.3647,-0.19816,0.95132,0.036551
2,4.0867,0.43442,-0.96284,1.6033,0.36508,-0.11629,-0.88089,0.054334,-0.48035,-5.1615,9.1648,3.2117,0.3938,1.0604,0.88226,0.038667,-0.78691,-0.29268,9.1168,3.7341,0.54957,-1.0222,-2.4526,1.1089,0.67081,0.7889,-0.37876,-12.306,6.1786,-2.0106,-0.52387,-0.74731,-3.071,0.75468,-0.041983,0.44501,-1.0616,10.295,-3.5849,0.97476,0.55472,-0.53087,0.88589,0.72343,-0.27633
5,7.7151,0.58697,4.3284,-0.32179,0.13925,0.0401,-0.63383,-0.20313,0.09846,4.4715,7.3217,5.0172,-0.019321,0.066277,-0.084579,-0.82493,-0.44609,-0.25231,5.5951,-5.3522,5.2144,0.088405,0.078433,0.18341,-0.80559,0.25225,-0.6266,2.911,6.5803,-0.10174,0.82674,0.12569,-1.3365,0.23774,-0.57124,-0.3189,-4.1947,-10.66,-0.84354,-0.011128,0.11089,-0.96874,0.37821,0.31912,0.12352
3,9.5059,-0.85239,0.15479,0.50912,-0.22456,0.16754,-0.82475,-0.15642,-0.45254,6.1796,3.9563,4.3922,-0.84139,-3.8675,0.76665,0.19687,-0.5519,-0.50315,4.8239,-4.6353,6.5772,0.329,-0.071526,0.71495,-0.053055,0.38235,-0.65186,-9.4962,0.18622,-2.3954,0.37097,-0.39793,-0.38304,0.81581,-0.4119,-0.4031,-7.2007,-4.0761,-1.9641,0.79484,0.99086,-0.84048,0.57329,0.71483,0.55762
3,16.19,-3.5097,4.4814,0.4028,-1.5401,-0.93809,-0.8013,0.24243,-0.63694,-0.96314,9.8765,2.0678,0.487,-0.27103,-1.3707,0.89326,0.56189,0.26147,-2.8617,-10.873,6.697,0.15291,0.26632,0.01671,0.31929,0.44739,-0.45785,-11.396,4.1551,-1.7759,0.91078,-0.087499,-0.35635,0.86187,-0.18339,-0.63182,-8.9329,-7.2877,1.1691,-0.61928,0.15192,-1.0004,0.57243,0.81055,0.30712
0,12.795,-3.6659,3.4827,0.20671,-0.30223,0.50076,-0.73785,0.34273,-0.58592,9.5229,4.02,0.42686,0.69464,-0.44801,2.5187,-0.10125,0.020116,-0.84678,10.584,-3.6163,2.2467,0.46503,-0.56182,-0.64877,-1.0459,0.33544,0.03883,-17.346,11.115,2.088,-4.2,-0.4878,-0.30852,0.66902,-0.72711,0.29953,-11.282,-6.7336,-0.46348,-1.8418,-0.58552,-0.33268,1.2368,0.35294,-0.045715
8,10.219,-1.1928,-3.7634,-0.82349,0.31702,0.68785,-0.59384,0.44743,0.31951,15.377,4.7891,3.255,-1.2373,0.53978,-0.53272,-0.52082,0.067716,-0.43379,11.49,-4.3663,1.3285,0.79598,0.28346,-0.015125,-0.71096,0.43667,-0.059954,-29.151,24.667,-8.6579,-1.2102,0.25945,0.9718,0.64982,0.086183,0.66214,-24.783,-9.2138,-3.1938,0.19038,-0.31871,-1.4618,0.61984,-0.21435,-0.30452
5,8.9377,0.10563,2.8096,0.034072,-0.051024,-0.004067,-0.83009,-0.30665,0.018618,-0.84955,6.2081,7.4041,-0.040329,-0.071969,0.027287,0.31861,-0.62696,-0.02305,-0.10804,0.32351,9.2333,-0.09203,0.001529,-0.070654,-0.61333,-0.19223,-0.61301,-2.3695,11.162,-3.4122,0.40972,-1.1535,-2.6435,-0.008885,-0.70608,-0.17064,0.37105,-9.873,-2.7917,-0.22198,0.87152,-2.6167,0.006405,0.48635,0.44521
3,11.165,3.0671,2.3995,-0.21391,1.224,-0.30061,-0.72657,-0.077489,-0.75855,-2.8781,10.882,-1.137,0.26662,0.010481,-2.189,0.97801,0.38275,0.88331,2.8607,-7.0888,6.2388,-2.6957,2.4458,1.622,0.15997,0.51262,-0.61735,-6.2372,2.053,0.14195,-0.50113,-0.42792,0.31343,0.73115,-0.47316,-0.55248,-7.6979,-2.678,-1.9789,0.23886,-0.2785,0.86959,0.7861,0.28927,0.50244
8,22.218,-3.0165,-5.4631,-1.5969,-3.4099,0.51595,-0.9242,0.10928,0.4309,23.75,2.4242,-1.8569,-0.53498,-2.2945,-0.86798,-0.83858,0.32618,0.4353,16.593,-5.2933,1.1463,-0.093681,-1.1784,-1.8582,-0.9176,-0.10705,0.3513,-21.972,-0.27938,-1.4333,-0.79115,2.1933,-0.44176,0.81122,0.44281,0.35088,-14.619,-0.10469,0.59919,0.66958,0.010819,0.10511,0.86399,-0.36366,-0.28746
8,14.639,-2.2863,-2.4744,-0.064925,-0.2937,-0.41191,-0.61708,0.38268,0.36638,9.6569,1.1146,0.83596,1.1638,0.52517,-0.75076,-0.57049,0.04945,-0.4011,7.5118,-0.6091,1.9441,-0.20946,-0.034091,-0.002853,-0.75021,0.36097,0.094592,-12.059,1.1318,-2.1223,0.064573,-0.16314,-0.32817,0.63959,0.093044,0.66842,-10.576,2.0374,0.19321,0.98627,0.10258,0.4141,0.64087,-0.28805,-0.25531
4,9.5832,-1.2675,2.8167,-1.0091,0.13521,-0.062893,-0.73203,0.11181,-0.54306,2.5973,7.3528,6.1464,0.001214,-0.016781,1.4551,-0.32544,-0.68725,-0.83212,-4.6069,-8.5854,4.3289,-0.27045,-0.50919,-0.88996,-0.052256,0.4718,-0.68516,-6.4657,2.6844,-0.75596,0.40252,0.47174,-0.62064,0.45166,-0.31306,-0.19149,-10.04,0.24114,-1.1493,0.46123,-0.25076,0.33534,0.59042,0.010031,0.27782
2,5.6449,-2.8658,-2.9554,-0.13001,-1.4119,-0.2915,-0.42868,0.16343,-0.81708,-0.93336,7.572,5.0834,0.63736,1.5778,-1.8693,-0.048461,-0.1888,-0.66739,-0.35319,-5.4302,7.4036,-0.3045,1.1728,2.296,0.33034,0.6943,-0.8646,-14.938,28.92,-16.791,-0.61513,1.3739,-1.0114,0.40265,-0.72895,0.29701,-8.9384,-1.4506,0.14887,1.4912,-0.64377,-2.5027,1.0358,0.33412,-0.12311
4,13.202,1.179,4.3547,-0.75384,-0.030604,-0.010484,-0.73428,-0.043833,-0.52853,0.70438,9.077,3.8284,0.52232,0.23337,1.2038,-0.17405,-0.84141,-0.58471,0.048436,-7.1855,5.1904,0.1485,-0.80414,-0.32438,0.19179,0.61799,-0.62364,-11.886,2.5507,-0.40334,-1.2232,0.3231,1.2662,0.47559,-0.31532,-0.097416,-14.245,1.5155,-2.3961,-0.96114,-0.64548,1.2541,0.6,0.26787,0.2486
0,7.759,-0.92707,2.7173,0.18087,0.097377,0.17354,-0.61209,0.13336,-0.65259,1.1984,7.5499,5.0296,0.01892,-0.55556,0.42775,-0.065859,-0.26898,-0.63591,2.0518,-5.2745,6.8864,-0.015676,-0.2102,-0.34492,0.25209,0.71968,-0.87607,-9.6574,-1.9912,-3.0525,-2.2688,0.27296,2.3691,0.48551,-0.62101,0.44137,-7.1509,-2.8403,-2.9604,-0.78659,-0.10959,1.7851,0.95599,0.53624,-0.15389
4,10.173,1.2114,1.5552,0.27891,0.036001,-0.14177,-0.84383,-0.094252,-0.25598,3.4899,9.2574,5.7764,-1.1876,-0.77236,2.1004,-0.23153,-0.79712,-1.0117,-1.3214,-10.247,6.2449,-0.37356,-0.12774,-0.81092,0.14161,0.68126,-0.97974,-4.5072,-2.5497,-0.60252,0.11404,0.71496,-0.002152,0.50563,-0.33895,-0.11763,-10.979,-7.0385,-2.943,-0.67826,-0.56421,1.0032,0.6284,0.11186,0.23128
8,13.892,-3.8806,4.2617,-0.75259,-0.90827,-0.247,-0.72806,-0.31782,-0.27469,13.065,6.8921,-1.5249,-0.60215,-0.68886,-0.18199,-0.36143,-0.59945,0.36029,13.549,-8.0664,4.4876,0.60445,0.62112,0.15356,-0.3823,0.049497,-0.65723,-29.128,17.815,-0.82731,0.31016,2.7515,1.0422,0.4716,-0.30237,-0.45886,-18.731,-17.505,-10.343,3.7553,1.5656,-1.7386,0.40489,0.18581,0.63176
9,8.2791,-2.9609,2.5462,-0.32601,-0.10875,-0.39553,-0.58344,0.65255,0.13036,-3.9876,2.6579,-4.8926,0.041317,-0.39829,-1.0517,0.12099,-0.82305,0.076461,3.4368,-7.4942,-4.7252,0.5555,0.93644,2.0096,-0.40253,0.31785,0.70219,-9.3761,-0.79963,-1.3747,0.46327,-0.13553,-0.35608,0.56122,0.53404,0.39197,-6.7203,-4.4467,0.24513,0.46005,-0.10167,0.16775,0.80183,0.037275,-0.28759
8,10.12,0.51812,6.6368,0.24033,0.37232,-0.16295,-0.58731,0.45591,-0.35705,-3.272,7.8906,-2.7713,-1.3333,-0.51183,-0.7621,-0.15297,-0.64196,-0.43982,0.79912,-8.7056,-2.7115,0.75663,-0.36521,0.86099,0.2799,0.49185,0.55027,-12.982,-1.1337,-0.31486,-0.70859,-0.50916,-1.3066,0.46497,-0.084094,0.5135,-12.218,-5.0626,-1.093,-0.031267,0.066147,1.3654,0.44806,0.1073,-0.47552
1,5.9866,0.17456,3.2784,0.12147,-0.41946,-0.055813,-0.62421,0.14126,-0.59855,-0.11777,7.2474,4.6792,-0.049987,0.28223,-0.35548,0.027343,-0.18266,-0.62231,0.50814,-6.3046,6.5766,0.15391,0.26757,0.47544,0.40284,0.86085,-0.62642,-7.2569,-1.1338,-2.2465,-1.4858,1.0099,2.4825,0.26336,-0.78357,0.39748,-8.6073,-1.7538,-1.5931,-0.75388,-0.37112,1.3673,0.99603,0.54685,-0.16608
1,5.7506,0.70996,3.2428,0.19856,-0.5742,-0.05505,-0.61067,0.12952,-0.60167,0.098642,6.8964,4.0763,-0.12879,0.1661,-0.42394,0.008705,-0.22271,-0.60469,0.75698,-6.6313,6.7158,0.21494,0.18747,0.38353,0.36743,0.86418,-0.62911,-7.0813,-0.48768,-2.3637,-2.0058,0.78322,2.1651,0.30307,-0.76941,0.38992,-8.3257,-3.3825,-1.9065,-0.56736,-0.34599,1.338,1.0007,0.57018,-0.15077
0,9.6846,0.073127,4.3414,0.30027,0.090774,0.24532,-0.79775,0.01789,-0.92888,8.3342,2.123,2.1603,0.65091,-0.014437,0.48522,-0.58808,-0.76749,-0.69087,10.4,-3.3417,3.3665,0.93207,0.045629,0.49928,-1.5312,1.9086,0.51219,-4.9894,-6.1734,-2.5358,-2.2373,-0.68192,-0.25536,0.094611,-0.8336,0.10041,-10.613,1.5302,-3.1027,-1.1024,-0.032154,0.24483,0.77088,0.24145,0.28886
3,6.1972,1.9613,-1.7857,-0.095641,0.1138,0.01207,-0.91259,-0.14491,-0.31355,5.1447,5.8831,5.2296,-0.02688,0.048497,-0.82107,0.57586,-0.50686,0.059439,5.3202,-4.1704,6.264,-0.026634,0.71452,0.27299,-0.12789,0.43888,-0.65088,-11.932,2.4342,-2.6307,-0.92823,-0.4001,2.2562,0.8739,-0.27967,-0.18655,-7.7369,-5.3565,-2.6739,-0.82107,-0.012836,1.3175,0.5663,0.74949,0.52934
6,9.8829,-0.35976,0.21947,-0.23912,0.13699,0.37276,-0.75469,0.30306,0.3311,0.91501,5.7823,8.1668,-0.10583,-0.23382,-0.005114,-0.42047,-0.21658,-0.63585,1.8162,-1.4008,9.6839,-0.22119,0.34671,-0.14757,-0.44008,0.52569,-0.56021,-7.4533,8.9215,-4.5857,-0.023772,0.31749,2.2914,0.5622,-0.30827,0.35842,-9.8275,-8.9211,-7.4431,-1.3905,-0.62287,2.2564,0.60624,0.44253,-0.044467
2,50.467,-10.968,23.333,5.5395,3.3773,-0.45764,-1.005,0.20052,-0.40006,2.0228,10.483,-1.3742,-0.13347,1.5294,-1.1945,-0.64798,-0.62024,-0.2856,7.4685,-8.4349,4.2099,-0.67261,-1.9468,0.035551,-0.48031,0.54634,-1.0022,-17.394,-6.0027,-4.3055,-0.010891,0.93199,-4.5354,0.61552,-0.694,0.06267,-37.835,7.5549,-1.2366,1.2762,0.18742,-3.9752,0.96673,0.443,0.14214
1,12.582,1.1339,4.3028,0.223,-0.074309,0.12092,-0.86713,-0.11349,-0.62975,1.2938,11.355,7.3354,0.45695,1.0377,-0.45619,0.13424,-0.83595,-0.63117,-0.50972,-7.1423,7.9329,-0.067743,-0.072619,0.86989,0.38988,0.83804,-0.93131,-7.4105,2.5536,-2.8667,-0.84378,0.12664,-0.20195,-0.12873,-0.81542,-0.087008,-12.33,-2.2616,-0.47661,-1.2429,-0.28918,1.0249,0.72808,0.276,0.089249
9,10.945,-1.0321,1.8259,-0.33683,-0.22288,-0.93554,-0.62122,-0.067423,-0.75307,0.53103,13.771,-17.275,-0.43807,-0.38779,4.354,0.39277,-0.60015,0.64426,-2.1787,-9.768,-0.036149,-3.9147,1.8423,-0.32704,0.10672,0.86117,-0.41817,-7.9574,5.1728,-0.3411,1.5038,-0.41711,0.63379,0.62269,-0.7838,-0.11294,-8.8574,0.1652,-0.37275,0.55594,-0.00892,0.24045,0.84886,0.38186,0.48208
0,7.2794,-0.03546,3.6712,-0.26959,-0.23288,-0.009043,-0.73071,0.01845,-0.96632,8.2022,2.1939,1.8024,-1.0351,0.75623,-0.84547,-0.80523,-0.7339,-0.58138,8.7547,-3.6418,3.5136,-1.3979,-0.56019,-1.1161,-1.6601,1.4316,-0.013721,-9.0869,-4.099,-2.7128,-2.7708,0.51421,2.4792,0.26992,-0.66399,0.37019,-10.093,0.81556,-2.4028,-2.2164,-0.44552,1.7042,0.61377,0.5236,0.25435
8,7.7389,-1.6985,1.2221,0.16415,0.26754,-0.094883,-0.90159,0.40998,0.066647,11.15,4.9244,2.0423,-1.4738,-0.38869,-0.84291,-0.971,0.37346,-0.13052,11.313,1.1467,1.0966,0.1677,0.022491,0.2669,-0.89206,0.41839,0.37397,-10.747,3.9647,0.62169,-0.037961,0.19462,0.0071855,0.7733,0.29562,0.57882,-0.96362,-5.6223,-0.013044,-0.35044,0.31736,-0.12703,0.86879,-0.12703,-0.4844
7,10.526,0.40336,0.68528,-0.098079,0.42997,-0.15265,-0.60439,-0.19302,-0.71159,3.8907,9.7264,-0.043724,0.13848,0.11621,-0.025798,0.39138,-0.85433,-0.070869,5.3619,-2.7471,8.7982,0.085461,0.13034,-0.097303,0.23202,0.011724,-0.93373,0.38178,9.0487,3.8489,0.12799,0.082124,-0.009767,-0.72023,-0.52598,-0.36871,-1.4995,-9.7231,1.6767,-0.064792,0.19798,-0.005656,-0.59205,0.76523,-0.078081
2,14.579,-1.0252,4.0061,-0.002707,-7.7614,-0.83203,-0.6823,0.10356,-0.60873,1.6421,12.079,4.9512,0.5122,0.83032,-0.87619,-0.070994,-0.19644,-0.67163,1.3402,-4.3094,9.4993,0.29607,1.4119,0.23548,0.37303,0.77385,-0.77014,-23.928,1.7041,-6.5343,0.76018,0.23962,3.6109,0.68961,-0.51259,0.37614,-12.982,32.892,-9.7367,-2.4403,-0.70504,0.65013,0.63176,0.8049,-0.12344
2,21.548,-7.3456,-8.4569,3.3098,-0.17467,-0.18225,-0.93975,0.053356,-0.5802,0.13773,26.62,6.093,3.3328,4.4718,2.5017,0.34924,-0.75614,-0.54953,-10.282,-23.999,4.2875,0.81905,-2.0778,4.1462,0.84498,0.81635,-0.65947,-13.032,-2.7825,-5.944,0.60923,-1.8803,-3.7417,0.2447,-0.64984,0.10329,-22.865,-3.0664,-0.5461,0.79307,0.28688,-3.5979,0.61485,0.42621,0.064075
2,11.472,0.99301,2.8641,-1.48,-0.34518,0.23,-0.74177,0.039553,-0.51956,11.127,4.5352,-8.1011,0.32971,-2.6337,-0.78258,0.11551,-0.67792,-0.17085,-3.2707,-12.429,2.7492,-1.2251,1.6949,-1.6231,0.067524,1.0733,-0.15848,-8.2475,-10.02,-1.466,-0.71939,0.84875,0.66216,0.37817,-0.70293,0.26296,-19.704,-9.3293,1.7543,-1.601,-1.6783,2.7861,1.0672,0.44282,-0.044959
6,9.7226,-4.7116,2.417,0.2727,0.082535,-0.7726,-0.95968,0.52488,0.23666,-1.1363,8.9361,4.9812,-0.016337,-0.044618,-0.20584,-0.56444,-0.62941,-0.63008,0.097532,-2.9455,9.4081,0.044176,-0.32809,-0.23403,-0.49014,0.59822,-0.64634,-8.2651,5.7847,-0.26417,0.10217,0.00054,-2.5642,0.53293,-0.43647,0.32373,-9.1827,-8.572,-1.667,0.18302,0.27923,-1.6994,0.5837,0.44644,-0.32809
6,9.0196,-0.28718,-0.87275,-0.3092,-0.086905,0.32116,-0.94683,0.467,0.39502,-1.4997,6.0007,7.2862,-0.1161,-0.02506,0.15367,-0.50667,-0.33563,-0.83007,-0.5765,-1.321,10.073,-0.14479,0.016278,0.093245,-0.46,0.47219,-0.79414,-2.5693,6.0208,-2.2112,-0.65678,0.35447,1.8639,0.30554,-0.66807,0.35095,-6.1585,-10.695,-4.2612,-0.6889,-0.67845,0.93955,0.58708,0.56227,-0.33374
5,9.4224,-2.2475,1.6427,0.17547,-0.005973,-0.11589,-0.62106,-0.18799,0.16903,0.29559,8.6061,5.4036,-0.068652,0.017106,0.076532,-0.18383,-0.5529,-0.041504,0.16225,-5.7154,8.3111,-0.095008,-0.02946,-0.035925,-0.37324,0.10227,-0.63511,-3.6787,9.3759,-1.5331,0.14344,0.024983,-1.5987,0.27498,-0.54016,-0.21371,-0.009009,-9.6991,1.7622,0.41804,-0.16362,-1.3336,0.16199,0.55126,0.10953
6,8.3987,0.2828,4.2219,-0.71342,0.30335,0.52161,-0.89387,0.44048,-0.11608,-0.86848,2.9372,7.8853,-0.69607,-0.53878,0.34485,-0.54585,-0.14243,-0.88113,2.2963,-3.2938,8.9317,-0.37352,0.096988,0.44181,-0.50321,0.6893,-0.5265,-5.5791,5.8048,0.93021,-0.634,-0.25715,2.6383,0.51977,-0.5653,0.23765,-8.6403,-10.811,-1.8513,-0.34513,-0.15262,2.086,0.54697,0.55384,-0.35206
5,9.2765,-1.5792,1.6445,0.089103,0.067389,-0.16365,-0.60898,-0.21846,0.16673,1.1584,6.4811,6.6478,0.03735,0.045913,-0.12556,-0.19459,-0.53347,-0.1323,1.0533,-3.9244,8.6989,0.069136,-0.035597,-0.021212,-0.42157,-0.051067,-0.61618,-5.4523,12.431,-0.00453,0.42939,-0.092948,-0.008884,0.34283,-0.49339,-0.17011,4.9155,-3.9095,1.9327,-0.049302,0.089811,-0.25875,0.019298,0.61728,0.1151
2,10.703,-0.25918,5.6949,-0.40476,-8.4807,-0.61069,-0.57986,0.18075,-0.69798,0.58968,8.5515,6.0039,-0.38358,1.0987,-0.94703,-0.047267,-0.1936,-0.67271,0.75013,-11.142,5.3732,-0.47025,1.145,0.40995,0.38985,0.71181,-0.81641,-4.3749,-30.693,-1.6289,1.7273,0.24338,0.84324,0.34702,-0.76019,0.31613,-24.651,0.28461,-0.85893,1.4504,-1.824,-3.2877,0.99086,0.44852,-0.147
6,10.04,-1.2131,0.87342,-0.089393,-0.033551,-0.054251,-0.73554,0.33675,0.33449,1.0255,3.5531,9.0347,0.066399,0.061382,0.15944,-0.45269,-0.099029,-0.6518,0.79377,-2.2697,9.6916,-0.038032,-0.10697,-0.012541,-0.39053,0.55744,-0.5575,-4.0734,7.2964,-3.7734,0.95059,-0.2131,-1.423,0.50433,-0.38765,0.39472,-7.3652,-6.4383,-6.0078,1.0282,0.25949,-0.98468,0.62001,0.42283,-0.0644
6,8.3562,0.26167,4.6794,-0.061192,0.096032,0.19379,-0.9105,0.27684,-0.15733,2.147,7.9529,5.3573,-0.095068,-0.11065,0.19067,-0.74247,-0.49086,-0.54996,1.1053,-4.7486,8.6285,-0.087324,0.19212,0.007941,-0.62816,0.67603,-0.57169,-0.79463,0.82772,-0.74157,-0.70299,-0.15038,1.1773,0.63847,-0.52675,0.072,-7.5027,-11.341,-7.7499,0.003436,-0.11726,0.29184,0.72306,0.39968,-0.10524
7,5.2295,0.29516,8.8497,-0.15822,0.19427,0.38538,-0.25503,-0.041038,-0.93424,-1.0559,12.152,-1.0938,0.67685,-1.706,-1.476,0.69828,-0.65121,-0.086057,0.23366,-2.331,10.17,-0.674,0.71936,1.932,0.49493,-0.13031,-0.82464,-1.4386,15.173,4.9305,0.20048,0.67096,-0.51628,-0.27033,-0.79579,-0.46582,-3.8272,-11.841,-1.9737,-0.78025,-0.38276,0.78919,-0.092233,0.9652,0.075033
1,12.869,0.73426,-1.7636,0.43823,0.42115,-0.52845,-0.94749,-0.02271,-0.45267,14.947,1.7072,4.2627,1.0392,-0.78986,0.71018,-0.11928,0.002828,-1.435,10.481,-1.9137,1.9954,0.53015,-0.47269,-0.9883,-0.72935,1.3492,0.022678,-13.191,7.9769,-3.499,0.1471,-0.50711,1.6287,0.74504,0.042741,0.40413,-8.121,3.435,-1.6737,-0.91432,0.46282,0.34545,0.68789,0.74027,-0.12739
8,7.406,-1.9924,2.4671,-0.010968,1.1577,0.20297,-0.7276,-0.31672,-0.31642,10.313,8.8692,1.688,-1.8955,-1.992,-0.31932,-0.43834,-0.49306,0.45886,10.162,-3.0909,4.5652,0.32053,-0.32908,0.78845,-0.40351,-0.056686,-0.65893,-16.122,9.7992,1.9718,0.11364,-1.8961,-0.047342,0.53411,-0.26363,-0.44837,-8.9268,-0.059118,-1.2595,0.58525,-0.4252,0.42808,0.41568,0.18408,0.64199
8,-3.5291,-0.017551,-1.9835,-0.33977,0.1077,0.069558,-0.73173,-0.29744,-0.34953,-2.4621,-0.94969,2.1846,-0.094208,-0.20497,0.013679,-0.41042,-0.59341,0.37439,-2.534,-0.001633,1.2811,-0.63846,0.15984,-0.21995,-0.41895,0.13275,-0.66813,2.6223,3.4332,2.4958,-0.29037,-0.039591,0.06176,0.48828,-0.36724,-0.45708,1.5016,-2.6321,2.0145,0.039929,0.24935,0.028517,0.50008,0.19017,0.57539
8,5.6213,-1.7034,2.6207,-0.33548,0.36625,-0.074064,-0.81519,-0.31814,0.12832,5.6327,1.535,4.6067,-0.59822,-1.3802,0.59786,-0.68076,-0.12583,0.37982,6.6796,-1.1556,2.103,-0.76011,-0.54488,0.28255,-0.6115,-0.38241,0.004419,-7.5418,2.9434,-2.4584,-1.1018,-0.91078,-1.0046,0.48063,0.13578,-0.49405,-6.7693,-3.5847,-7.2454,0.21328,-0.37931,1.0735,0.44466,-0.36412,0.48989
1,12.364,0.61133,4.0198,0.013829,0.26469,-0.58389,-0.87381,-0.21257,-0.60211,-0.60147,7.8168,7.064,0.12363,-0.61973,-0.78173,0.14318,-0.86235,-0.60822,0.89344,-8.2209,8.0508,0.15473,0.14964,-0.55987,0.27736,0.76177,-1.0119,-11.624,5.5578,-0.43435,1.3873,-0.16256,-0.28168,0.62898,-0.34737,0.12997,-3.8949,3.4286,-2.3014,0.52172,-1.0542,1.5829,0.13731,0.72267,0.15409
0,9.388,-0.43583,0.87556,0.90587,-0.06322,0.18104,-0.65259,0.091785,-0.61182,7.1371,3.7566,1.9514,0.085402,-0.39312,1.3568,0.21721,-0.041825,-0.97185,9.7317,-3.579,3.5307,0.98549,0.98964,1.5175,-1.3713,0.94086,0.1267,-14.078,2.482,-2.3333,-0.62588,0.45316,-1.1121,0.47553,-0.65382,0.27328,-16.255,2.9353,-4.2382,0.13372,0.29482,-2.3528,1.09,0.6199,-0.14057
7,6.5096,-0.39733,7.172,0.29386,-0.4187,0.11699,-0.19006,-0.011814,-0.93801,-7.239,2.7262,6.399,-0.27426,-0.35276,-0.23735,0.90075,-0.15922,-0.27208,-5.9024,-2.1814,7.2443,0.29436,-0.45296,0.24588,0.8741,-0.072174,-0.36822,2.1068,9.6394,-0.23468,0.10783,0.055163,0.067219,-0.63862,-0.67635,-0.22753,3.1411,-9.1933,1.1288,0.13795,0.060934,-0.059597,-0.75925,0.59098,-0.072324
1,14.86,0.91732,2.0794,0.69157,0.51995,-0.31493,-1.1477,0.063113,-0.37063,0.28331,8.5614,6.215,0.21946,-0.16083,-0.051186,-0.15578,-0.5949,-0.78308,1.5825,-8.0605,7.2738,-0.022273,0.043176,-0.65724,0.080409,1.0301,-0.83444,-13.861,3.9734,-3.4495,0.66536,0.017906,0.54649,0.69422,-0.31693,0.37872,-14.068,-2.2662,1.9982,1.2659,0.52653,2.7427,0.24109,0.74994,0.13482
5,9.5291,-1.5682,1.8586,-0.016447,0.061932,0.1598,-0.61137,-0.21168,0.16591,0.33528,7.5638,6.2508,-0.088603,-0.012289,0.1624,-0.17107,-0.54872,-0.088843,0.68752,-4.2611,8.7591,-0.11112,-0.009002,0.047404,-0.4087,-0.003075,-0.63023,-3.5197,8.9799,-0.38062,-0.075187,0.12002,-1.5307,0.2681,-0.55112,-0.21761,-0.39077,-9.5846,3.1353,0.095783,-0.29598,-1.2701,0.16932,0.55018,0.088457
8,4.343,-0.52926,-2.0665,-0.63038,-0.3226,-0.11001,-0.95451,0.066275,0.37975,2.996,1.1973,0.84435,-0.77288,-0.46993,-0.80414,-0.873,0.26348,0.37905,0.83759,-2.7933,0.34433,-0.58545,0.13558,0.25056,-0.95984,-0.04335,0.27433,-4.5878,2.403,-0.81982,0.066273,0.12912,0.28581,0.86802,0.42519,0.24416,-4.551,-1.3325,-1.447,0.37369,0.2019,0.022741,0.86782,-0.39883,-0.26221
5,8.0034,-0.84589,4.8055,-0.27501,0.14388,-0.023336,-0.65829,-0.083355,0.043559,0.85313,4.6116,8.5786,0.016186,-0.14058,0.063911,-0.23807,-0.33722,-0.30301,-0.042171,-1.3061,10.088,0.10169,-0.24398,-0.10995,-0.53161,-0.14683,-0.58445,5.8667,0.91201,4.8429,0.35272,0.018467,-0.12511,0.13618,-0.64978,-0.14259,-1.2723,-13.233,-0.53799,1.0986,0.23632,-0.53212,0.43348,0.3516,0.18042
8,9.7566,-0.60092,1.8194,-0.22405,0.046542,-0.080557,-0.78697,-0.39454,0.09668,9.0608,3.0545,1.1698,0.12384,0.070519,0.069801,-0.62192,-0.15519,0.45699,9.6881,-1.5541,0.79155,0.28853,0.5538,0.67721,-0.58996,-0.41876,-0.067549,-10.296,-0.44077,-0.30214,0.30916,-0.000247,0.084843,0.45396,0.14973,-0.53817,-9.4252,-3.5538,-2.4149,0.13254,0.10445,-0.31102,0.44364,-0.36578,0.49892
1,11.977,-1.8226,-1.3946,0.19778,0.5067,-0.023844,-0.9123,0.20996,-0.45937,11.739,1.3313,3.9632,0.14555,-0.58178,1.4306,0.10296,0.78484,-0.93605,12.066,-5.6642,4.1568,0.26039,-0.16984,0.006511,-0.83853,0.98017,0.43738,-10.07,-2.4017,-3.9067,1.1309,0.028798,-1.8945,0.45435,-0.63777,0.41636,-10.666,-6.3397,-0.41489,0.17873,-0.38421,-2.2537,1.0041,0.24559,-0.057451
8,-4.4446,0.89061,-1.8967,0.69959,0.3406,0.14378,-0.6285,0.45257,0.27474,-0.97306,-0.22698,1.7274,-2.0084,0.78057,-0.294,-0.64172,0.18274,-0.23881,-2.5284,-0.012961,1.6112,0.25042,0.5442,-0.43411,-0.76683,0.23998,0.17108,-2.3026,1.8817,-2.2072,-0.92755,0.15499,0.11226,0.66037,0.18439,0.51506,-0.86508,2.023,-2.0412,1.9332,0.14171,-0.30231,0.6375,-0.26686,-0.21973
5,9.2361,0.25017,2.7507,-0.29082,-0.026311,0.16652,-0.8426,-0.23843,0.048846,-1.5721,6.4808,7.0863,-0.094091,-0.009701,0.062518,0.35032,-0.65974,-0.016695,-2.8509,1.596,10.584,-0.55703,0.65394,-0.068753,-0.57125,-0.18159,-0.64078,2.6183,5.5775,-1.5009,-1.4278,0.78352,2.2718,-0.16336,-0.72468,-0.23807,-0.7377,-13.613,-4.2474,0.22571,-0.14728,1.4607,0.2359,0.35872,0.4125
6,8.7271,-0.95365,1.9573,0.7846,0.25322,-0.38783,-1.0002,0.50216,0.12603,-1.1637,8.6706,4.2006,0.068484,-0.11983,-0.12474,-0.49127,-0.66443,-0.62634,1.8178,-2.8531,8.9171,0.004261,-0.062392,-0.16766,-0.59368,0.55623,-0.61032,-12.314,12.11,-1.5372,0.46313,-0.19127,-1.7459,0.62143,-0.23026,0.26332,-6.1198,-4.4892,-0.95127,0.91975,-0.23909,-1.9865,0.48348,0.56856,-0.35349
4,-9.6809,4.2674,4.6902,-0.4384,-0.01523,-0.46772,0.65379,-0.11795,-0.45356,-5.4546,8.0827,-4.6967,0.81412,1.4978,1.1867,-0.22038,-0.8736,0.19321,3.3494,-9.9045,3.6453,0.48103,-0.11739,-1.7209,0.12422,0.76831,-0.7725,-13.547,4.3702,2.3073,0.14452,-0.060895,-0.69212,0.69001,-0.13846,-0.145,-8.0057,-0.89699,-0.93329,1.1158,0.19597,-0.46764,0.38286,0.50511,0.12075
6,9.7338,-2.2116,1.3704,0.36714,0.023207,-0.15111,-0.86782,0.35716,0.32936,3.6117,0.7958,9.0981,0.065273,0.18922,0.034439,-0.95177,0.02058,-0.62327,0.477,-0.92676,9.5941,-0.014946,-0.15604,0.05097,-0.52265,0.57574,-0.75488,-4.3519,5.7018,-0.93788,0.81761,0.1611,-1.4565,0.57454,-0.48621,0.2483,-8.6948,-7.1656,-4.0571,0.66529,0.41928,-0.94065,0.71035,0.38786,-0.12645
2,1.1746,-2.6054,-0.11871,1.6747,5.9929,0.20021,-0.56794,0.23502,-0.71278,3.0093,5.9267,5.0471,0.4255,0.9923,-0.75708,-0.13546,-0.16692,-0.66666,3.5814,-4.2642,6.1696,-0.39525,1.0163,0.9067,0.15709,0.73832,-0.91104,-2.1651,7.831,-9.4343,-2.3952,1.0106,0.090653,0.35302,-0.6592,0.40268,4.3028,-19.055,2.8832,1.1307,0.15823,-1.4477,1.0768,0.21565,-0.10717
5,8.1257,0.05536,5.2077,0.18954,0.059809,0.089896,-0.64488,-0.0956,0.020632,8.3989,2.7424,4.0175,0.070841,0.10113,-0.048601,-0.90606,0.16756,0.014133,7.271,-3.3504,5.584,0.03298,-0.059287,0.051269,-0.85292,-0.10865,-0.59887,-3.4089,11.516,-3.5189,-1.0787,0.38395,1.3387,0.39484,-0.51768,0.007244,3.6648,-4.6405,0.79381,-0.81124,-0.062856,2.0069,0.064484,0.62139,0.094506
2,15.86,-1.6283,2.113,1.689,0.51044,0.22186,-0.89074,0.16012,-0.49383,-12.85,-0.029327,6.4617,-1.3005,0.58345,-0.20076,0.88009,0.20176,-0.31149,6.2406,-15.428,0.55354,-3.461,-0.43895,2.4898,0.65878,0.82015,-0.55412,-21,-6.8674,-7.8732,-1.2341,-0.705,-4.6758,0.67552,-0.26736,0.45349,-15.79,9.9703,-4.4009,-1.2413,-0.18369,-1.7411,0.9113,0.64313,-0.24299
3,14.062,0.021686,-1.9575,-0.019368,-0.25017,0.010994,-0.8891,-0.22838,-0.25368,3.139,6.0819,6.8564,-1.0461,-0.83007,0.2166,0.65851,-0.42972,-0.006863,8.4363,-2.9851,4.3895,0.14362,-0.60764,0.63272,-0.50148,0.33952,-0.49129,-14.585,4.5068,-0.52411,-1.037,-0.21869,-1.1094,0.89727,-0.62148,-0.19567,-9.5973,-2.8796,-0.20665,0.77989,-0.12058,0.20001,0.67456,0.2105,0.65684
3,8.4998,-0.61133,-2.3459,-1.2046,0.33671,-0.10354,-0.88667,-0.1731,-0.28738,7.297,5.6371,2.9851,0.2817,-0.53264,0.037033,0.44637,-0.56164,-0.21346,8.7242,-3.0526,3.0201,0.027951,0.54267,-0.46454,-0.47967,0.33149,-0.51089,-8.862,2.0606,-0.72833,0.28556,-0.078945,0.76609,0.85962,-0.22034,-0.32134,-9.2636,-3.1513,-1.7157,0.41241,-0.49604,0.83541,0.78436,0.37727,0.54747
5,9.2198,-1.0727,1.7647,-0.20873,0.039471,0.29273,-0.60548,-0.22191,0.17635,0.59009,7.4786,6.3743,-0.10653,-0.020779,0.061066,-0.17757,-0.54614,-0.095922,1.3312,-2.7053,9.184,-0.16949,0.13994,0.15123,-0.4456,-0.12849,-0.59837,4.1459,5.7397,1.1659,0.28891,0.148,-0.20302,0.13027,-0.61551,-0.33856,-2.2828,-11.103,-0.16155,0.47676,-0.32053,-0.50208,0.27443,0.375,0.20612
9,8.817,0.032298,1.552,-0.27968,0.3021,-0.11237,-0.97678,-0.31832,-0.087504,-4.9974,2.7645,0.51124,-0.10738,-0.42026,-0.82266,0.93566,-0.19688,0.13079,-4.7067,2.0893,0.49542,0.64801,0.47259,0.47928,0.62986,-0.51765,-0.5326,-9.4666,7.3305,-0.55428,0.34153,0.28753,1.9421,1.0118,-0.017057,-0.34496,-6.6587,-4.6045,-0.76161,1.7199,0.65164,0.44086,0.9267,0.01042,0.40159
5,9.8825,-0.030805,2.8698,0.32833,0.057321,-0.14967,-0.8398,-0.25593,0.016841,0.84511,1.0321,15.509,4.7296,1.5073,-1.2461,0.34858,-0.65586,0.047883,-0.7817,-2.2536,9.4326,-0.043131,0.008493,0.015543,-0.52814,-0.10831,-0.68125,-1.6719,13.396,-2.7099,0.39398,-0.14978,-1.5974,0.07621,-0.65975,-0.18282,2.7593,0.17786,0.23562,0.71305,0.4323,-1.8148,-0.15792,0.47141,0.4809
5,9.7525,-0.26533,3.0417,0.015706,0.06059,0.011903,-0.59528,-0.17034,0.14667,2.3933,0.71123,9.6253,0.006781,0.00339,0.038477,-0.26322,-0.17602,-0.25596,0.5419,-1.6262,9.802,-0.052412,0.003442,0.037154,-0.57374,-0.091222,-0.56129,-0.81332,8.0414,-0.15116,1.1584,-0.10803,-1.8549,0.27702,-0.57135,-0.23215,-1.885,-9.8764,-3.058,0.80487,0.28026,-1.1256,0.34209,0.41189,0.29156
4,10.253,-0.072361,3.9963,-0.99211,0.11767,-0.030569,-0.72883,0.083141,-0.4698,-1.2639,5.6555,5.0155,-0.5581,-1.3423,1.6596,-0.060907,-0.76456,-0.76646,-6.9847,-5.0812,5.7307,-0.04311,-0.088522,-0.45654,0.49629,0.31862,-0.5935,-6.2586,2.0034,-1.3833,-0.38649,0.10527,0.71261,0.35596,-0.44401,0.037239,-11.24,-1.6851,-1.6995,0.75332,-0.20372,1.3702,0.61501,0.27974,0.13251
7,10.348,0.74293,0.94521,-0.82705,0.88095,0.60555,-0.86928,-0.13339,-0.40581,4.2745,3.7467,8.3088,0.47154,-1.0463,1.4153,0.19937,-0.18609,-0.91032,6.53,-3.2864,7.7936,-0.4855,-0.21806,-0.64588,-0.069335,-0.014915,-0.93747,-1.2154,8.7313,1.2995,-0.17267,-0.16396,0.80662,-0.34419,-0.85569,-0.26724,-0.027334,-8.9162,0.4778,-0.06924,-0.17041,-0.90177,-0.41555,0.87652,0.031767
4,9.7043,0.53751,1.2736,-1.2354,-0.10222,0.42086,-0.84646,0.077396,-0.43953,3.6463,9.8617,1.9499,-0.51055,0.083713,1.8036,-0.43553,-0.88021,-0.62842,-0.40706,-6.9543,7.3359,-0.57572,-0.27246,-0.52122,-0.2848,0.40493,-0.67011,-8.4958,1.259,3.1027,0.62118,0.62323,-0.94298,0.51761,-0.20621,-0.10254,-10.351,0.11296,0.05943,0.96434,-0.093338,-0.089887,0.67888,0.12403,0.17183
7,9.6309,-0.11503,-0.51859,-0.026237,0.11511,0.009023,-0.8312,-0.088923,-0.49032,4.1257,5.1345,8.3359,0.27611,0.09506,-0.052654,0.22954,-0.37373,-0.83432,3.7192,-0.70977,8.5403,-0.062768,-0.075688,0.049367,0.15703,-0.17217,-0.90953,1.0154,9.5706,-1.8489,-0.025275,-0.076544,0.053219,-0.66444,-0.70043,0.007992,1.3764,-8.5516,-4.529,0.02945,-0.043595,-0.050722,-0.68289,0.58919,0.35217
5,9.49,0.68831,2.7038,-0.13053,0.026492,0.12536,-0.57229,-0.21474,0.17491,2.4678,1.0628,9.485,-0.028286,-0.046014,-0.026709,-0.26651,-0.17453,-0.2422,1.5029,-0.88607,9.4536,-0.054035,0.070529,-0.033055,-0.6273,-0.12597,-0.50874,-3.485,11.364,0.8084,-0.87658,-0.31186,1.76,0.35273,-0.51976,-0.22909,-1.39,-8.1349,-3.3949,-1.0789,-0.54075,1.8017,0.26227,0.47674,0.28279
6,8.7436,0.90279,4.9995,0.30727,-0.012895,-0.31373,-0.86985,0.46634,-0.18465,-0.69946,4.2979,8.343,0.18277,0.14043,-0.21707,-0.53472,-0.16001,-0.85074,2.1952,-2.2996,9.2747,0.36862,-0.25268,-0.22752,-0.47757,0.62477,-0.59441,-10.199,10.259,-0.73349,0.71648,-0.064732,-0.49103,0.58301,-0.31265,0.28269,0.20588,0.62194,0.088602,-0.025545,0.061024,-1.3698,0.29599,0.7278,-0.48304
5,9.9378,-1.1117,2.6972,-0.031152,0.12568,0.18433,-0.84287,-0.25768,0.022854,-1.5151,7.1571,7.0994,-0.010783,0.057722,-0.003507,0.3239,-0.6599,0.014547,-0.58669,0.55745,9.3255,-0.086225,0.21961,0.033911,-0.58169,-0.1905,-0.61957,-1.1968,15.258,-3.7132,-0.10648,0.72072,1.8122,-0.001508,-0.70084,-0.11373,-0.013689,-8.2162,-1.4445,-0.78051,-1.346,2.4749,-0.038103,0.48546,0.45397
0,7.2971,-2.173,2.6199,1.4671,0.14397,-0.16189,-0.74422,0.21755,-0.65025,6.8697,2.674,1.1619,1.6965,0.95862,-0.70558,-0.1674,-0.37559,-0.90924,8.8084,-1.8578,1.1031,0.80076,0.41419,2.1009,-1.2513,1.09,-0.21059,-9.3079,0.11029,-1.5964,0.65417,0.22872,-1.3732,0.93287,-0.35382,0.26064,-8.0315,1.3718,-1.8809,1.4487,0.21419,-1.827,0.86187,1.0036,-0.28653
9,6.7675,-0.32732,4.9038,-0.48692,0.034972,-0.2098,-0.3916,0.26147,-0.82834,-1.8863,-1.0657,4.0805,0.16656,1.0363,0.039468,0.31815,0.62564,-0.61854,-4.1857,3.4081,2.5803,0.14947,2.0898,0.066476,0.88408,-0.2467,-0.099578,-8.8397,-4.4689,-0.13855,1.1825,-0.40386,-2.0577,0.56985,-0.64518,0.3369,-8.6666,-0.98461,-4.3234,0.51597,0.24536,0.28096,0.70352,0.61558,0.23378
0,8.7892,0.97493,3.9681,0.30728,-0.20407,0.030435,-1.0548,0.045278,-0.58937,3.9096,7.2803,4.4647,0.054972,0.47773,-0.36759,-0.48014,-0.63743,-0.81516,2.6558,-6.3971,7.0989,0.33811,0.43412,0.38298,-0.061179,0.95598,-0.9887,-6.4645,-5.2579,-1.0304,-1.2183,-0.022181,0.13448,0.008431,-0.76855,0.25202,-9.2357,0.2003,-1.2442,-0.40018,-0.26213,1.4806,0.75086,0.3523,0.049021
7,7.2608,1.404,-6.4579,0.050306,0.091382,0.097742,-1.0247,0.018064,0.005676,3.2725,5.3418,7.7732,-0.69664,-0.3873,0.054735,0.37952,-0.35474,-0.73108,3.3733,-2.5437,9.0086,-0.40225,-0.32408,-0.47205,0.31276,0.077792,-0.83809,3.2896,8.4801,-1.3356,0.033,0.051757,-0.57752,-0.79949,-0.47973,-0.16665,3.3678,-8.885,-1.1807,0.072089,0.12781,0.53941,-0.80532,0.41915,0.17113
9,9.442,0.23144,4.4894,0.034569,-0.21276,0.14252,-0.489,-0.075235,-0.84464,-1.9153,7.2565,4.8393,-0.92768,1.1691,-3.578,0.95227,-0.2338,-0.20486,-1.6213,-3.5597,7.5169,1.0696,1.9998,3.4755,0.875,0.091989,-0.39024,-12.33,5.5711,-0.87236,0.10811,-0.095221,0.89808,0.7644,-0.6448,0.026321,-9.0123,-5.0014,-3.0108,-0.86099,-0.47661,-0.82613,0.67413,0.73029,0.32869
2,6.8274,-0.15428,-0.22971,-1.5691,0.36705,0.2369,-0.83175,0.206,-0.48459,2.0387,2.0026,-0.21687,0.029396,-0.73819,0.10593,0.29918,-0.57788,-0.36981,-2.8881,-6.22,2.2621,-1.8445,0.85372,-0.69402,-0.48355,1.0462,-0.20362,-1.9961,-10.728,1.4253,-1.243,-0.64586,2.3082,0.69171,-0.56995,0.38505,-9.6168,-11.489,0.67174,0.049133,0.049818,3.0816,1.216,0.42645,-0.069373
9,16.017,-5.0851,6.1012,1.6534,-0.88,0.77701,-1.0465,0.20194,0.29894,-3.0615,15.782,4.1741,0.96134,0.66411,3.8497,-0.4237,-0.88984,-0.070808,6.1153,12.031,-10.162,-3.0315,-1.6678,-0.42593,-0.35013,0.33701,-0.8938,-20.181,-9.1905,-1.7719,1.0491,-0.035528,-1.8362,0.93555,0.38496,0.31736,-16.767,6.197,1.6085,0.13344,1.4775,-1.5607,1.0033,-0.26574,-0.07757
6,9.4671,1.4937,1.2855,-0.16694,-0.24533,0.31053,-0.79403,-0.032411,0.3231,2.017,2.1072,9.5593,-0.040719,-0.14042,0.18032,-0.48302,0.047603,-0.60958,0.92767,-0.62469,9.457,-0.041094,0.13863,0.11013,-0.47963,0.42473,-0.61062,-12.684,4.9443,-3.0492,-1.233,-0.099642,2.6478,0.69907,-0.066528,0.18983,-11.59,-9.8146,-2.8776,-0.62973,-0.00654,2.4384,0.58206,0.47082,-0.12194
2,-2.159,0.002061,-6.8799,1.2621,-0.053226,1.288,-0.80568,-0.23557,-0.68767,6.1934,7.6245,-0.1514,2.732,0.88764,1.5877,0.39303,-0.74404,-0.63134,-7.7113,-4.3935,4.665,-0.35087,-0.93931,0.6488,0.24122,1.0416,-0.78047,0.76481,-5.7403,0.69865,1.4983,-0.37195,-1.9477,0.19314,-0.65836,0.10012,-5.4578,-6.0304,3.7127,-2.4503,-0.96233,-1.475,0.72144,0.23518,0.028026
6,9.5981,0.11973,0.045997,0.014489,-0.28415,-0.000105,-0.76219,0.015415,0.40492,1.5987,1.4253,9.721,-0.018969,-0.053574,0.13228,-0.48352,0.060473,-0.6106,-0.34028,-0.52256,10.179,0.004041,0.032529,0.12726,-0.43332,0.42928,-0.64267,1.3985,-0.77084,1.1346,0.16517,0.26782,0.11489,0.69918,-0.33053,0.12773,-6.6949,-11.386,-4.5026,1.0816,0.28393,-0.52999,0.63652,0.31803,-0.19113
9,9.0972,-0.25388,4.5839,-0.18619,0.12286,0.089943,-0.60459,0.40304,-0.7165,-6.5193,-0.015412,7.2604,0.20356,-0.25657,0.19877,0.58333,0.47448,-0.65753,-6.8159,-0.58669,7.2867,-0.80338,-0.01286,-0.23598,0.90811,0.2583,-0.32198,-9.4081,-0.82489,-1.0189,-0.5732,0.23881,0.017584,0.96079,-0.35205,0.44459,-9.5877,-4.185,0.055273,0.35363,-0.24388,-0.72583,0.92723,0.38524,-0.36561
9,12.824,1.5207,1.6909,2.6373,-0.17051,0.26686,-0.8993,0.79097,0.15392,18.9,5.2512,-0.41997,-2.2306,0.5034,0.54926,-0.75912,-0.31267,-0.70684,9.3115,-11.033,-6.5473,0.090982,-2.9169,1.235,-1.0247,0.10263,0.48253,-24.223,-1.4362,-10.637,0.074281,1.5354,1.6076,1.0378,0.20778,0.54479,-11.555,20.119,-4.675,1.7106,0.39432,0.43701,1.0787,-0.065153,-0.46481
6,8.6301,1.7392,5.1382,-1.0616,0.11241,0.35026,-0.9259,0.23366,-0.13327,1.2385,8.5492,4.9362,-0.24936,-0.33988,0.24294,-0.70416,-0.52306,-0.55834,1.159,-4.5913,8.5137,-0.10052,0.27162,0.070822,-0.64346,0.67701,-0.56281,-9.4124,8.2627,-0.48075,-0.21227,-0.63636,1.8647,0.68124,-0.3567,0.15863,-9.0896,-7.9865,-5.4401,-1.4486,-0.49788,2.2299,0.65008,0.51923,-0.06655
1,7.3293,0.95746,3.1901,-0.94211,-0.07916,-0.16048,-0.83082,-0.097678,-0.73546,8.6692,2.1215,1.6532,-0.87707,0.72483,-1.2156,-0.88728,-0.84963,-0.16073,7.9362,-2.6017,1.8408,-1.5969,0.012491,-0.55958,-1.7147,1.1466,0.71287,-11.703,-3.328,-1.2549,-1.2284,0.10443,3.1354,0.36634,-0.42528,0.19853,-9.6878,0.32417,-1.7077,-0.090314,0.30667,2.2139,0.39244,0.54371,0.059727
5,8.0677,0.8386,6.207,0.29068,-0.38253,0.054958,-0.79668,-0.093182,0.011651,4.7328,8.7082,-0.68249,-0.23933,-0.22576,0.32298,-0.79109,-0.32344,-0.20985,6.926,-3.7268,5.8581,-0.036621,-0.20455,-0.21157,-0.98763,-0.0702,-0.64692,-5.7735,17.779,-0.48947,0.15982,-0.14985,-0.40619,0.29651,-0.39322,-0.19321,5.631,6.1387,3.2389,0.48701,0.99204,-0.82734,0.058545,0.5705,0.18903
9,15.805,4.3614,5.5326,-3.5551,-0.34127,-0.87703,-0.81377,-0.40707,-0.001892,42.007,-16.702,2.6231,-3.5878,-8.0578,3.0078,-0.54339,-0.35115,-0.57774,16.775,-0.52749,6.5456,-4.8615,1.62,0.12616,-0.75176,-0.19021,-0.45152,-20.383,-6.1645,1.5972,0.12582,0.77575,2.5778,0.90605,0.1549,-0.19383,-18.458,2.7672,-4.5459,-0.40998,-0.48032,2.741,0.78584,-0.2745,0.38565
3,6.3312,0.60932,-1.1667,0.5233,0.018151,0.009677,-0.88217,-0.13496,-0.37004,6.2387,2.9568,6.1921,-0.058648,0.63753,-0.14236,0.36222,-0.55443,-0.14313,6.4114,-5.5804,4.1215,-0.12763,0.16588,0.72945,-0.16284,0.5076,-0.59483,-8.2516,1.9792,-1.5357,-0.38349,-0.16628,-1.5365,0.91489,-0.039523,-0.23969,-6.0128,-6.162,-0.70748,-0.22304,0.043722,-1.7397,0.53984,0.85423,0.44569
2,-1.2196,-0.065751,-1.0681,2.4985,-0.82317,-1.1216,-0.7462,-0.35379,-0.682,-1.3378,-4.3737,-1.0765,0.22772,0.26946,0.030749,0.85255,0.4121,-0.43759,5.3117,-2.3705,-0.77192,-0.46771,-0.1975,-0.52401,0.22869,0.75889,-0.86484,2.0801,14.316,3.3961,-0.48166,-0.13317,0.060828,0.6133,-0.23577,0.10007,-2.9137,-19.756,-7.2194,-0.65394,3.4143,-0.66763,0.43044,0.57457,0.051638
3,11.335,-0.41997,2.2145,-0.49717,0.12009,0.24248,-0.69257,0.11163,-0.59889,5.2246,7.0902,4.7173,-0.094726,0.05089,-0.063346,0.20863,-0.36592,-0.12411,3.7134,-6.2392,7.1481,-0.14655,0.35564,0.8163,0.076405,0.41704,-0.71065,-9.4395,1.7842,-0.48304,-0.99181,-0.24812,1.1024,0.41538,-0.85944,-0.025885,-12.001,-0.56056,-3.4852,-1.0162,0.26195,0.96622,0.88326,0.39708,0.19401
6,9.6687,0.034081,2.1561,-0.27334,0.18669,0.15193,-0.85064,0.32201,0.22493,-1.0639,5.2556,8.3837,0.037888,-0.036829,0.21525,-0.37318,-0.16931,-0.81261,0.29283,-1.0629,9.512,0.003051,0.059059,0.012495,-0.36783,0.50797,-0.66879,-8.9212,7.1993,-4.266,-0.15314,0.59608,1.4865,0.50197,-0.16442,0.45373,-6.28,-6.4193,0.31279,-0.93578,0.02761,2.2806,0.52086,0.44621,-0.37263
1,7.164,-0.089257,1.2842,0.66749,-0.070848,-0.00975,-0.72943,0.046157,-0.4864,6.5247,3.7283,1.033,1.0861,-0.00762,0.25772,-0.35235,-0.23729,-1.2648,7.7116,-2.3535,2.0785,0.35957,0.69696,1.8992,-0.83966,1.0761,-0.46792,-9.3064,1.9814,-2.3229,0.67933,0.24692,-1.3442,0.76796,-0.46314,0.3045,-6.5252,3.28,-0.32612,0.54861,0.014794,-1.5969,0.77122,1.0117,-0.17641
2,4.14,-0.27881,1.8211,0.53753,2.0677,0.57403,-0.66288,0.093574,-0.62765,3.024,6.1955,5.0242,-0.25733,-0.79844,0.57365,-0.12653,-0.1738,-0.66526,3.7049,-5.6836,5.0573,-0.16347,-0.51542,-0.8247,0.20223,0.7196,-0.88154,-8.8865,7.4865,-2.7988,0.65657,-0.97559,-2.7902,0.81113,-0.18098,0.40766,1.6508,1.8508,4.687,0.35986,-1.1992,0.96819,0.67973,0.75311,-0.20313
2,-0.66709,-0.20058,-1.5753,-1.5535,-0.68156,0.54689,-0.85217,0.32341,-0.41348,2.9554,-3.2246,-0.8295,-0.014203,-0.46579,2.5504,0.25939,-0.60216,-0.43098,-7.3367,-1.3173,2.5229,0.14873,0.091527,0.3357,-0.22534,1.0767,-0.10654,-2.1652,11.806,-2.7376,0.16698,2.2968,0.019327,0.69343,-0.57725,0.47523,1.844,-16.247,0.47598,-0.10387,-0.29655,0.43716,1.2532,0.24164,-0.14669
4,7.3365,-1.0913,2.9299,-1.5054,0.64429,0.38696,-0.6639,0.011394,-0.60974,5.2463,4.5933,6.412,0.56439,0.16858,0.79012,-0.12587,-0.80482,-0.72607,-10.408,-7.694,5.172,-0.44364,-0.36941,-0.61064,0.23694,0.60564,-0.48977,-6.8209,-2.5943,0.41379,0.53748,-0.059617,-1.0725,0.45982,-0.23912,-0.14066,-6.7898,0.68915,2.2776,-0.60067,-0.45986,-1.772,0.62003,0.24412,0.081271
5,9.6816,0.24861,2.5661,-0.2207,0.14352,0.14533,-0.58195,-0.18299,0.17413,2.2322,0.87581,9.7387,-0.038247,-0.082706,-0.000154,-0.2533,-0.18332,-0.25314,0.95108,-1.3471,9.7834,-0.058322,0.054786,-0.035032,-0.5905,-0.10956,-0.54119,-3.3945,10.805,0.42366,-0.96671,-0.41148,1.7117,0.34411,-0.5227,-0.22431,-2.0029,-9.0067,-3.4193,-1.2173,-0.7497,2.0436,0.28348,0.45604,0.29647
5,9.9823,0.70103,2.9368,-0.20281,0.005405,0.10692,-0.58025,-0.19834,0.17636,2.6471,1.1383,9.4032,0.000416,-0.065316,0.042855,-0.284,-0.18522,-0.24076,1.8317,-0.59913,9.5154,-0.12407,0.044788,0.078158,-0.63921,-0.15654,-0.49893,1.7056,4.054,1.3039,-0.06835,-0.15648,1.6653,0.22167,-0.60072,-0.26621,-4.4135,-15.39,-5.114,-1.2626,-0.20794,1.4671,0.44054,0.26304,0.27123
3,7.6958,-0.14626,-1.3968,-0.8701,-0.20904,0.090571,-0.94259,0.032783,-0.4559,2.3082,7.9528,4.2498,0.25472,-0.85985,0.64115,0.58116,-0.23425,0.16272,1.8082,-6.9182,6.2511,-0.10591,-0.19027,-1.2335,0.42602,0.59665,-0.49929,-8.2998,5.3995,-2.109,0.3919,0.63316,1.3019,0.67639,-0.48281,0.1327,-8.2396,-4.5352,-1.2139,0.33272,-0.036653,1.7306,0.61869,0.67652,0.10022
8,7.9533,-0.15224,2.5766,0.95784,-0.10697,-0.065612,-0.90738,0.43508,0.22221,7.9178,-0.24186,1.9934,-0.79486,0.55921,-1.106,-0.89729,0.38041,-0.14432,7.5838,-0.34516,1.4398,-0.85778,0.42814,-0.015474,-0.87513,0.10863,0.45703,-8.0688,3.3863,-1.2876,-2.6662,-1.1492,0.65586,0.74779,0.27076,0.57658,-8.5463,5.2498,-1.1433,1.1433,0.82123,-0.3905,0.85213,-0.14541,-0.45137
3,10.881,0.67205,0.95876,0.54539,0.009683,-0.10732,-0.69738,-0.19079,-0.61603,1.6093,6.5408,7.4147,1.3803,-1.4447,0.59953,0.54337,-0.16484,-0.21786,6.0782,-4.8182,5.6081,0.74947,-1.184,-2.1569,-0.12813,0.46973,-0.58817,-11.384,4.8102,-0.33991,-0.53182,0.23166,0.73688,0.81558,-0.013252,-0.49326,-7.103,-2.9475,2.7786,-0.10433,0.15848,1.3341,0.7246,0.76143,0.2071
7,6.9102,0.80236,-7.7332,-0.41556,-0.40091,0.019262,-0.97926,-0.046262,-0.0445,5.1266,5.1001,9.2235,1.5778,-0.29123,0.40176,0.44687,-0.4062,-0.65405,3.4072,-4.4519,10.749,-1.0177,-0.16719,-0.77023,0.38899,-0.12031,-0.78821,2.6386,8.8309,-4.1648,0.43311,0.54537,-0.18128,-0.83198,-0.44332,-0.10744,3.7149,-7.2824,-1.9724,-0.11062,0.096543,0.13825,-0.82356,0.37395,0.164
7,6.6472,1.0985,12.714,-0.16924,1.2707,0.76058,-0.16464,-0.007799,-0.95805,-12.897,4.7274,8.3489,1.5748,0.64072,-0.80723,0.82602,-0.45975,-0.22668,-14.08,4.7652,8.6016,0.08661,0.89553,0.12558,0.61829,-0.14755,-0.72449,-1.6581,11.431,3.4884,-0.36721,-0.7637,0.72893,-0.32339,-0.7878,-0.44938,-4.2717,-11.268,0.20908,0.50779,-0.36663,-0.83824,-0.063941,0.9637,0.10583
2,15.942,7.6792,-1.0233,-2.686,-0.90669,-0.10303,-1.2028,0.035022,-0.3835,-5.1229,19.865,-3.1955,2.3075,-2.7828,-4.0502,0.78946,-0.53434,-0.49685,-1.234,-19.223,13.292,-3.4221,-0.76549,-3.8177,-0.061648,1.153,-0.57434,-20.229,-6.0987,-0.18372,-0.43749,1.2399,3.238,0.090275,-0.75775,0.27123,-18.113,0.53421,-7.9889,-0.64648,-0.60684,3.8292,0.65659,0.5351,0.11705
2,26.615,-0.15873,-10.148,-1.1606,-1.2253,-0.18188,-1.1217,0.11143,-0.34036,-5.8391,28.204,-3.5581,-0.58316,-1.3484,-5.448,0.38591,-0.63731,-0.45221,4.3422,-27.027,14.962,-1.1567,0.12806,-5.0401,0.3996,0.85418,-0.93739,-26.38,-2.0008,-8.5648,-3.4731,3.312,4.0877,0.38733,-0.67363,0.33754,-21.941,10.886,-2.6229,-2.9444,-2.678,4.1589,0.4775,0.69865,0.1842
4,13.276,0.20048,1.3239,1.2486,-0.42468,0.43962,-0.83876,-0.16189,-0.23179,-1.081,6.6674,4.7844,0.073641,-0.94441,0.68202,-0.21855,-0.62183,-0.85924,5.1057,1.0272,10.593,0.24607,1.1616,1.3467,0.34703,-0.057761,-0.94458,-13.376,-1.5814,-3.9818,-0.079408,-0.2864,-1.5825,0.68433,-0.083323,0.033471,-10.235,0.36926,-0.77357,1.5611,0.53198,-0.94003,0.37771,0.38415,0.23366
6,9.8157,1.0321,-1.1148,0.59341,0.23958,0.080026,-0.9046,0.4099,0.48999,-3.4857,6.5261,5.8615,-0.18711,-0.3478,0.42539,-0.29523,-0.49044,-0.80389,-1.3543,-2.3219,9.1702,0.12016,-0.051585,0.091358,-0.39795,0.59667,-0.6645,-4.537,9.4811,-3.6786,-0.74894,0.50397,2.1971,0.36844,-0.60319,0.35525,-5.5479,-8.1353,-3.0202,-0.14441,-0.68716,1.2065,0.52249,0.64606,-0.283
2,41.069,-19.006,11.738,6.5907,1.7307,1.397,-0.86718,-0.14406,-0.71131,5.5041,23.994,18.233,-0.29756,1.9282,3.4096,0.13702,-0.7206,-0.68519,-8.1154,-19.17,6.0818,2.4443,0.72053,5.129,0.91205,0.46676,-0.85734,-25.708,-1.473,-7.8591,-2.4839,1.7501,-2.7298,0.16665,-0.7549,0.028828,-35.52,9.4537,-4.3777,0.62903,0.33431,-3.6572,0.53115,0.49421,0.17891
0,7.7977,-0.38401,4.2738,0.030642,-0.30611,0.19393,-0.75948,0.034109,-0.95165,6.9513,2.3504,1.4249,-0.45612,0.55789,-0.89609,-0.56572,-0.75053,-0.78974,7.8593,-3.2235,3.4496,0.19419,-0.12113,0.11495,-1.7704,1.6452,0.17832,-6.7031,-5.5772,-0.84647,-1.4983,0.32604,0.70631,0.033954,-0.8375,0.2013,-10.404,3.5648,-1.0693,-0.53848,-0.27551,0.93077,0.71347,0.36223,0.30743
2,-0.48472,1.2754,0.24574,1.2515,-2.0582,-0.12283,-0.74673,0.043942,-0.70797,4.2848,4.3768,1.2392,-0.089585,-0.30461,-0.22152,-0.50778,-0.60922,-0.42005,7.6899,-1.4655,1.2554,0.058614,0.438,-0.57091,-0.55494,0.27744,-1.0201,2.1654,22.711,1.6432,-0.42713,-0.11946,1.1197,0.85018,-0.19876,0.12998,-1.823,-13.608,-9.1402,-3.0477,0.29863,2.408,0.83631,0.59833,-0.039017
9,14.263,1.1029,3.9499,0.28341,-0.32306,-0.11966,-0.89527,-0.38508,-0.084845,-6.4521,-2.2253,0.40676,3.1034,-3.1994,5.081,0.87705,-0.026726,-0.20113,-13.282,11.067,-6.6848,-0.71236,-0.42214,0.38087,0.19229,-0.85212,0.30694,-10.537,-8.1866,2.0792,-0.042499,-0.088829,-0.28009,0.99664,-0.141,-0.22193,-12.468,-0.67248,2.6438,-0.49605,-0.39848,-0.18549,0.95106,-0.10709,0.27074
0,13.027,-2.0189,2.5113,0.16097,0.19911,0.19146,-0.82549,0.1389,-0.57681,11.626,0.75276,4.0875,-0.28705,-0.71589,1.4925,-0.14461,0.13776,-0.55531,11.784,-2.6486,3.3329,-0.29743,-0.15343,0.21096,-0.97262,1.1519,0.13438,-15.982,6.6229,6.2742,-1.1833,-0.93825,-1.5211,0.52946,-0.56113,0.38157,-12.713,-12.605,1.7606,-1.5266,-1.147,-0.56737,1.0141,0.22718,-0.09891
6,9.883,-0.36228,1.5803,-0.29997,0.093858,0.27803,-0.90339,0.30326,0.27579,2.8969,1.0577,9.4632,-0.054027,-0.27456,-0.054396,-0.89378,-0.036308,-0.68721,1.4295,-1.159,9.699,-0.070524,0.17152,-0.070046,-0.60176,0.54426,-0.72867,-8.1852,7.981,-1.3913,-0.86483,-0.32804,1.7705,0.62636,-0.34479,0.26318,-7.3483,-6.9954,-4.2206,-0.70249,-0.57648,1.5917,0.6439,0.50564,-0.10405
9,9.1501,3.3267,1.4661,-0.99568,-0.043598,0.08723,-0.87571,-0.50099,0.054659,11.24,4.8221,-1.9193,-1.1979,0.76238,-2.3473,-0.89759,-0.31154,0.067843,9.61,-1.025,3.8416,-2.9595,2.7032,0.92861,-0.83167,-0.53181,-0.23025,-9.8726,-1.4423,-2.5683,1.8224,-0.9257,0.34454,0.93635,-0.13966,-0.5039,-9.3904,-1.4352,-2.8445,1.1281,-0.11299,0.11951,0.94414,-0.20546,0.27578
3,10.575,-1.9394,0.086678,-0.065553,-0.38759,-0.079879,-0.94808,0.12266,-0.46446,-0.4754,7.0159,6.3038,-0.3546,0.41249,-0.79207,0.66572,-0.030625,0.16976,-2.155,-6.1306,7.3089,-0.042575,0.36631,0.53568,0.68605,0.3091,-0.37813,-9.5785,0.31679,-1.4365,0.15365,-0.067455,-0.12204,0.67333,-0.42053,0.18513,-6.7045,-8.0781,0.039799,0.51834,0.56012,-1.1145,0.33129,0.80012,0.19657
6,10.087,-0.98929,2.4125,0.43251,0.32833,-0.55451,-0.81142,0.056661,0.27637,-3.4837,4.7338,6.6955,-6.0507,-0.89862,0.3954,-0.22983,-0.34434,-0.67541,-6.4582,-6.2578,6.9487,3.3635,-1.0666,0.4711,-0.015411,0.73062,-0.46935,-9.5363,2.0833,-3.4693,1.8384,0.50313,-2.4359,0.67743,-0.12124,0.24229,-7.6055,-10.688,-3.512,0.44165,0.17169,-1.9634,0.60275,0.40311,-0.20767
6,9.5844,-2.8757,1.675,-0.21979,0.051013,0.13021,-0.90651,0.61144,0.2445,-0.44243,8.2711,4.5546,-0.12468,-0.12118,-0.051736,-0.60593,-0.54561,-0.63626,-0.1213,-1.9366,9.6232,-0.25627,0.34985,0.058452,-0.42821,0.57011,-0.7103,0.76798,-0.49743,-0.36635,-0.1929,0.20082,0.44705,0.46931,-0.62106,0.20979,-9.9353,-10.983,-1.6194,0.083156,0.1719,0.03947,0.63404,0.29049,-0.37165
4,3.3898,-1.8706,0.31025,1.1339,1.5878,0.76009,-0.64734,-0.04761,-0.64972,3.6561,3.7212,4.4671,0.61251,0.77449,-1.2429,-0.09049,-0.82855,-0.73095,-5.9838,-5.2018,5.1093,0.94425,-0.51147,1.1921,0.21078,0.61082,-0.55887,-8.0391,5.2528,-1.7527,-0.414,0.46691,-2.5313,0.50418,-0.30638,-0.13514,-10.767,3.4948,1.6515,-0.84337,-0.68072,-2.6596,0.61379,0.25175,0.040519
1,8.1393,0.88481,0.69561,-0.21358,0.02719,0.12772,-0.74133,0.03323,-0.46981,3.6523,8.4331,2.9354,-0.13795,-0.20274,0.30146,-0.31221,-0.29593,-0.55201,3.9955,-5.3294,6.6638,0.15248,-0.058693,-0.12737,-0.12425,0.8422,-0.85654,-8.034,-2.8532,-1.0181,-0.90979,0.14345,2.0048,0.44938,-0.69599,0.29877,-8.8685,-1.173,-2.0318,-0.5053,-0.21454,1.4786,1.0309,0.67049,-0.078605
3,6.3693,0.91928,-0.94058,-0.45865,0.16963,0.027776,-0.89693,-0.1095,-0.36756,5.6825,6.1217,4.541,-0.60446,0.069377,-0.56549,0.56174,-0.52209,0.004133,1.2634,-1.0602,8.0627,-1.992,5.5331,3.3435,-0.13575,0.34542,-0.75963,-8.5923,0.25005,-0.91039,-1.6907,-1.049,1.4535,0.88683,-0.28518,-0.17302,-7.5499,-2.541,-0.34861,-0.41842,-0.098523,1.4496,0.61098,0.67649,0.569
5,9.4066,0.36369,2.8975,-0.1903,-0.15513,0.15558,-0.5888,-0.19439,0.1484,2.9057,0.45936,9.1711,0.051015,0.02326,0.039045,-0.28305,-0.16453,-0.23505,1.9234,-0.86639,9.4233,-0.031586,0.064171,0.048305,-0.64567,-0.14408,-0.495,1.0217,6.3397,-0.64456,-0.6146,-0.006258,1.6238,0.19407,-0.62055,-0.24724,-4.2202,-12.886,-6.1317,-0.98875,-0.22546,1.4502,0.41816,0.28296,0.28518
4,6.756,-1.1066,2.8001,0.99153,-0.18451,0.50006,-0.68812,0.077803,-0.54727,-0.66707,7.8124,5.1749,0.4932,0.74383,-1.3964,-0.025501,-0.94686,-0.56695,-7.2405,-4.3517,4.4817,0.32521,-0.059277,1.2467,0.35528,0.30565,-0.72782,-9.8402,3.1249,-2.611,0.41042,-0.57322,-1.0915,0.53979,-0.33406,0.15338,-10.909,-0.48205,-0.70004,-0.67648,-0.41918,-2.518,0.51709,0.34207,-0.0119
2,20.815,-4.5182,6.0998,1.5722,-0.049432,0.41167,-0.9051,0.12532,-0.83666,0.15007,21.568,6.4635,1.1786,1.1709,1.4054,0.28323,-1.095,-0.43188,3.066,-20.856,2.8956,1.5349,-1.4928,2.3611,0.71253,0.89742,-0.74831,-19.806,-11.223,-9.3854,1.6363,-0.24442,-3.1761,0.41476,-0.7053,0.21521,-23.098,9.1701,-3.3598,0.96548,1.7021,-2.9953,0.45444,0.51068,0.42923
9,7.8165,-3.2883,-4.3282,-0.53446,-1.2067,0.69859,-0.71266,0.55279,-0.031375,9.7711,3.4992,2.1645,-1.9382,-0.32699,1.4966,-0.61676,-0.46618,-0.4132,10.713,-2.7098,1.669,-1.6404,-0.27325,-0.44823,-0.66462,0.54711,0.23708,-10.215,3.9845,0.27512,-0.5538,-0.28139,0.64501,0.68151,-0.51862,0.25563,-9.1348,0.10509,-1.498,-0.12599,0.23425,-0.046048,0.79948,0.45182,0.060996
7,6.9038,-0.65226,4.8043,0.68178,1.1051,-0.1204,-0.38567,-0.070596,-0.88536,-3.1046,1.7194,8.6569,0.50757,0.93456,0.38676,0.47134,0.084195,-0.8454,-3.928,-1.0198,9.0915,-1.0224,0.72246,-0.40358,0.3449,-0.17791,-0.87093,-4.0186,12.378,2.8127,-0.46589,0.022819,-0.29668,-0.17116,-0.90168,-0.27542,-2.468,-11.84,3.8979,0.4907,0.006108,0.090425,-0.24315,0.9367,-0.075428
9,7.3764,-4.7264,2.2557,0.39859,0.09798,0.26938,-0.57892,0.25556,-0.74972,-3.1862,7.7117,4.7922,-0.17632,0.17079,-0.086674,0.82252,-0.4603,-0.31742,-2.0041,-5.3678,7.6269,-0.075662,0.087554,-0.060954,0.66904,0.35012,-0.58971,-9.5575,-1.8458,1.1509,-0.11037,0.10522,0.12275,0.84732,-0.469,-0.048376,-9.426,0.70679,-1.6219,-0.068729,0.002749,-0.03633,0.82706,0.562,0.25566
9,9.3383,1.8404,1.7232,-0.19522,-0.23557,0.22535,-0.79394,0.22082,-0.40433,1.4019,13.29,-4.5325,-0.46177,-1.1686,-3.3594,0.25834,-0.79126,0.25484,-0.81863,-10.505,7.397,-3.5008,1.0107,-0.080922,-0.085693,0.87486,-0.23585,-8.4508,-3.884,-2.8512,0.17549,0.18579,-0.21796,0.69946,-0.07828,0.59971,-8.8495,-0.25544,1.5458,-0.21819,0.84485,-0.40034,0.5722,0.56887,-0.42038
7,9.3226,-0.59215,2.8244,-0.10204,-1.7688,0.21058,-0.83415,-0.061319,-0.61123,-5.3526,1.0054,8.999,-0.63321,-0.1761,0.21873,0.67254,0.12532,-0.60905,-5.008,2.1802,7.9855,0.84497,0.11517,-0.12802,0.51077,-0.42984,-0.59783,2.3468,8.8438,-1.8604,-0.017672,0.39909,0.76615,-0.69398,-0.61648,-0.068121,3.3168,-8.7382,-1.3212,-0.39742,0.45314,-0.734,-0.71634,0.56121,0.16721
1,13.215,0.21342,1.8174,-0.60403,-0.42901,0.33307,-0.94731,0.13173,-0.4118,10.901,0.39635,2.7011,-0.19134,0.25319,0.23782,-0.26883,0.57449,-0.72039,10.8,-2.363,3.7366,0.001876,-0.31184,-0.24669,-0.94267,1.0635,0.3566,-6.4121,3.351,-2.9301,-2.129,-0.32391,-0.38405,0.32309,-0.72312,0.37295,-12.35,-3.0577,-2.1587,0.27703,-0.25828,1.0472,0.99324,0.19152,0.020546
3,7.119,0.069658,-3.5109,0.75051,0.3033,-0.097597,-0.9333,-0.14993,-0.13601,6.8749,6.2582,2.0273,-0.014983,-0.061931,0.90976,0.24938,-0.86596,-0.22044,7.7711,-5.1654,2.6053,-0.27328,-0.44999,-0.50179,-0.43032,0.40572,-0.45661,-9.7588,4.7492,-0.44586,-0.20844,0.1302,-1.2214,0.78603,-0.51932,-0.12612,-7.6282,0.57969,-0.72593,0.64341,0.067386,-0.32154,0.75238,0.075627,0.63023
7,10.811,-0.39007,-1.8208,0.052823,0.022995,0.15992,-0.82608,-0.22449,-0.44019,3.2663,5.0857,8.3409,-0.19108,-0.21802,0.37309,0.17023,-0.37598,-0.85436,5.0906,-2.2018,8.6514,0.33232,0.16204,-0.061602,-0.046112,-0.014208,-0.93973,-0.068371,9.1576,1.3923,0.022474,-0.085948,0.25492,-0.45896,-0.80171,-0.27276,0.98176,-9.2751,0.18569,-0.021343,-0.020231,-0.43499,-0.56728,0.7891,0.054378
7,6.1101,-0.14416,7.4389,0.14261,-0.15811,-0.096232,-0.36998,-0.048336,-0.89155,-9.8167,7.8801,-0.13854,-0.83135,-0.78917,-0.27449,0.76377,-0.58547,0.011819,-7.8284,-1.7133,9.4132,0.98133,-0.14889,0.7103,0.63719,-0.10233,-0.72194,0.40598,9.6067,5.592,0.20745,-0.47186,0.89805,-0.49544,-0.70413,-0.43299,-0.42415,-8.9251,0.80827,0.13334,0.001452,-0.85977,-0.29007,0.92964,0.016147
0,8.0026,1.2239,3.6871,-0.1837,0.015956,0.001527,-0.66645,0.096956,-0.58408,7.8265,0.47554,-1.226,0.29909,0.25044,-0.97374,0.29213,0.13128,-0.64478,7.9011,-3.6898,5.1008,-0.81289,-0.77151,-0.5165,-1.2597,0.42867,0.04393,-6.2388,-3.1431,2.2106,0.87489,-0.088907,-0.82516,0.45837,-0.63981,0.30388,-9.5774,-0.95738,-1.7935,-0.1638,-0.10377,1.1545,1.114,0.47265,-0.10723
1,14.205,1.0022,2.8511,0.10051,0.33184,0.011749,-0.67257,0.15265,-0.55251,-2.1483,9.0402,5.873,0.38878,-0.38244,0.1156,0.12177,-0.14321,-0.62948,-1.6169,-8.0276,8.0496,-0.02727,-0.15365,-0.45558,0.58469,0.7931,-0.59924,-11.056,8.5955,-3.4049,0.65842,0.35372,0.8596,0.88279,-0.074187,0.4019,-10.18,3.3393,-3.5216,0.21752,0.44544,1.0095,0.57742,0.85109,-0.2439
8,15.685,2.3806,6.0795,-0.071695,0.047763,-0.080965,-0.77907,-0.37978,0.14349,16.017,7.7059,5.6898,-0.73366,-0.8015,-0.65631,-0.64207,0.12303,0.43629,16.495,0.23808,3.8065,-5.0479,0.16216,0.27134,-0.59684,-0.37148,0.080441,-15.953,-3.4277,7.2445,1.4,-0.054436,0.4901,0.48547,0.062471,-0.44371,-13.106,-1.7299,5.4374,-0.66451,-0.46515,-0.027306,0.41581,-0.33744,0.50516
7,8.6332,-0.87076,1.9601,-0.13631,0.92337,0.12822,-0.74409,0.062784,-0.6891,4.5424,-1.3357,7.9041,-0.002464,0.035582,-0.078783,0.11628,0.08528,-0.94017,3.5278,0.076298,8.8241,0.65632,0.28869,0.062525,0.19392,0.044191,-0.93206,1.4949,9.6589,1.4305,0.005723,0.045842,-0.68216,-0.54838,-0.76287,-0.26872,2.2442,-9.9968,0.25744,-0.19201,-0.13173,0.66007,-0.62768,0.75581,0.019846
9,8.2147,-0.18237,0.32983,0.30764,-0.78212,0.21896,-0.94427,-0.009813,-0.40306,-0.094308,8.4467,-7.7791,-0.60809,1.952,0.29118,0.30157,-0.63789,0.54452,35.744,9.1164,-0.75517,-3.0252,-6.2809,-5.9236,-0.44554,0.09586,-0.78027,-10.177,0.45527,2.1543,1.3883,-1.1128,-0.78846,0.61489,-0.42802,-0.51255,-10.145,1.9634,-0.85383,0.9515,-0.43013,0.078136,0.69475,0.31124,0.49622
2,1.744,1.9312,-2.2888,0.34434,0.17313,-0.59667,-0.87451,0.16755,-0.41859,-4.8935,12.479,-1.7075,2.1094,-0.11964,-2.1755,0.083746,-0.60809,-0.50755,5.5452,2.6296,0.85253,-1.0841,0.249,-2.9344,-0.033554,1.0661,-0.49682,-3.2338,0.12098,-3.7446,0.53915,0.13178,0.74118,0.97858,-0.063401,0.19954,-4.9555,-14.056,-10.034,2.7339,1.7148,1.0452,0.85836,0.84012,-0.26406
1,11.036,1.1212,-4.9716,0.50847,0.61539,-0.55518,-0.81926,0.017125,-0.32431,7.3686,4.0444,4.6995,0.45209,-0.57031,-0.007493,0.90792,-0.056994,-0.24682,8.9828,-1.726,3.7354,1.1379,-1.2194,-2.6218,-1.5385,0.44863,-0.80331,-10.294,5.2342,-2.3092,-0.52651,-0.14708,1.3615,0.92739,-0.12876,0.22011,-7.622,1.1278,-2.8912,-1.7685,-0.084944,1.4539,0.6546,0.89648,-0.22495
1,6.2358,0.57529,2.7658,0.3536,-0.1085,0.29718,-0.63242,0.12631,-0.59648,-0.33722,7.314,4.0693,-0.009841,-0.06182,0.23287,0.002615,-0.18662,-0.61811,1.0581,-5.5172,6.6167,0.11517,0.18181,-0.1216,0.34981,0.85289,-0.65783,-10.188,-0.95123,-4.9179,-2.2255,1.1106,2.7879,0.50005,-0.65484,0.45749,-8.9643,-1.5857,-1.2402,-1.2383,-0.19337,1.7442,0.94499,0.63478,-0.14813
7,6.3729,0.37915,-8.1741,0.21649,-0.039345,0.071469,-0.98221,-0.11132,0.047723,3.5997,5.3849,8.1113,1.2137,-0.051544,-0.11219,0.45826,-0.29751,-0.70731,3.8071,-6.1026,14.136,-1.2793,-0.49698,0.28055,0.38665,0.18226,-0.78149,2.5558,8.968,-2.3671,-0.080894,-0.34323,0.019538,-0.80788,-0.48019,-0.18477,3.0146,-9.9931,-2.6924,-0.34908,-0.029397,-0.1077,-0.83057,0.3493,0.20056
8,1.0139,0.5087,1.0687,2.5119,0.36511,-0.29354,-0.90212,0.077089,-0.66619,-0.50057,0.29293,1.2994,0.069167,0.65544,-0.75447,-0.73832,-0.75025,-0.45309,-1.3749,-0.98375,-0.22927,-1.1301,0.48075,0.52235,-0.78247,0.68425,-0.40709,0.10046,5.5382,-3.3635,-0.027317,-0.64134,0.019304,0.97862,-0.60092,0.051162,-0.48365,-1.913,-4.0249,-3.2299,0.24989,0.40659,0.99721,0.57662,0.38937
4,-5.1433,2.438,5.0219,-0.35507,-0.23894,-0.30636,0.71411,-0.098594,-0.40397,-5.1243,9.8055,-5.8445,0.25773,-0.25882,0.22967,-0.2491,-0.54873,0.33915,4.1804,-6.2615,5.2573,-0.19324,0.42377,-0.53299,0.008622,0.81657,-0.76449,-7.763,2.2291,0.18133,-0.027149,-0.31404,0.76619,0.67666,-0.11615,-0.1927,-6.4395,-3.9168,-0.64698,-0.54701,-0.41052,1.1677,0.37324,0.47853,0.17609
8,2.1531,-0.21691,-0.51005,0.31087,0.034788,-0.22038,-0.73596,-0.33,-0.33656,0.60061,-1.362,0.20367,-0.050906,-0.009609,0.011074,-0.42284,-0.5935,0.37107,-0.68893,-0.74401,-0.34095,-0.87342,0.273,-0.2407,-0.4057,0.12333,-0.6976,-0.81598,4.6138,-3.0448,0.26348,-0.018353,0.13065,0.49381,-0.42337,-0.4524,-0.23936,-3.6373,-0.47109,0.22054,-0.26346,0.22167,0.48578,0.19254,0.57927
8,43.164,6.1789,12.404,-7.3254,-5.5522,0.21432,-0.78183,0.40652,-0.092217,34.705,3.799,-7.5671,2.4577,0.51961,-0.81613,-0.59816,0.024021,-0.29058,31.829,1.0698,-1.0941,-2.6865,0.14972,0.15666,-0.68188,0.26571,0.22963,-44.605,2.491,4.3863,-1.2917,-5.0767,2.901,0.50008,0.005821,0.5159,-34.388,-22.5,7.1924,3.9336,0.41427,0.44157,0.60848,-0.071757,-0.31089
4,5.9788,-3.1461,2.8214,0.68668,-0.036398,0.83973,-0.64169,0.25353,-0.57942,2.0762,5.363,5.2583,-0.29238,0.003071,0.036953,-0.21722,-0.92621,-0.59208,-7.0558,-6.0843,5.8689,0.31777,-0.44832,1.2396,0.38037,0.46924,-0.49939,-9.0219,-0.11227,-1.8834,-0.22222,-0.61645,-1.9626,0.47575,-0.36375,0.10028,-8.9614,0.25859,1.2744,-1.0705,-0.5169,-2.0399,0.58847,0.23766,0.036403
7,9.8872,-0.59078,1.6879,0.05347,0.40914,0.023195,-0.75591,0.09168,-0.67543,5.0508,0.36378,8.9017,-0.13657,-0.11713,-0.18574,0.097934,0.07791,-0.94144,3.7004,-1.6702,9.9623,0.27135,-0.13515,-0.013111,0.15685,0.025507,-0.93964,0.48452,8.476,1.5844,0.34917,0.15657,-0.88176,-0.53074,-0.77434,-0.26633,1.3312,-9.1561,0.12626,-0.074569,-0.04482,0.9303,-0.60835,0.77103,0.016416
4,0.82287,-1.7528,-0.10356,-0.232,-0.32753,-0.094109,-0.72396,0.49333,-0.59861,5.606,1.1036,4.5241,0.27626,0.45209,-0.85484,-0.236,-1.0698,-0.13257,-4.6703,-6.4289,4.4033,1.0091,-0.66863,2.0822,0.022744,0.60332,-0.53782,-3.4681,3.6711,-0.93557,0.38897,0.4693,-1.4708,0.50574,-0.23191,-0.22549,-5.4308,-4.3717,-1.283,-1.7071,-0.080938,-2.4442,0.61246,0.26015,0.028969
1,7.7526,-0.89673,4.2444,-0.14566,-1.1479,0.088187,-0.67481,0.15614,-0.56542,-0.25988,7.5672,5.9607,-0.046674,0.41253,-0.71514,0.046317,-0.17511,-0.6244,-0.12674,-6.6,6.8068,-0.004471,0.62531,0.64891,0.44008,0.82564,-0.6367,-8.9122,-0.80607,-2.9824,0.62827,-0.18346,-1.01,0.76561,-0.31831,0.45018,-7.1016,0.71779,-1.1783,-1.8234,-0.28236,-1.8246,0.59192,0.88344,-0.25119
4,13.567,-1.8388,1.9643,-0.22176,-0.35355,0.19712,-0.96424,0.12598,-0.30428,-0.62819,7.9469,4.9528,-0.37514,-0.45851,2.3111,0.053096,-0.93093,-0.85264,-9.1137,-6.2542,1.3267,0.33395,1.4753,-0.53472,0.56102,0.49123,-0.37646,-7.6564,6.4903,-1.9367,-1.0093,0.88466,0.14356,0.30997,-0.46894,-0.087246,-14.309,-2.4363,-1.7558,-1.5337,-0.40267,0.61771,0.5953,0.21225,0.20616
8,6.1076,0.057922,2.0544,0.68286,-0.8428,0.34205,-0.95024,0.063914,0.36045,4.3798,1.3332,3.2761,1.7858,1.2294,0.23794,-0.79893,0.54255,0.22873,4.5176,-2.7642,2.0414,-0.24468,0.10021,-0.96686,-0.79617,-0.45731,0.33901,-5.4241,5.366,-3.8181,-1.7187,-0.97425,-0.2482,0.80855,0.48821,0.27359,-10.784,4.1468,1.8877,-0.20934,0.54549,-0.44952,0.84098,-0.38232,-0.30468
5,8.2865,-0.039283,6.3275,-0.36007,0.24159,0.030978,-0.6567,-0.083287,0.015642,-0.095175,5.4494,8.3047,-0.034269,-0.14043,0.083985,-0.21686,-0.40694,-0.28828,-0.045471,-2.2916,10.091,-0.083833,-0.11949,-0.023451,-0.52398,-0.12741,-0.58654,6.012,0.74143,2.7152,-0.16121,0.29282,0.058397,0.13345,-0.64914,-0.15852,-1.0124,-14.143,-1.4176,-0.072875,-0.022877,-0.37188,0.42966,0.35825,0.16954
6,9.6164,-2.1484,0.88877,0.29431,0.063882,-0.19494,-0.86338,0.35898,0.33541,4.195,0.51243,8.7313,0.06211,0.12786,0.092546,-0.97856,0.038017,-0.58187,0.85351,-1.2564,9.9317,0.029087,-0.15347,0.17649,-0.53955,0.58222,-0.74561,-4.7493,5.8681,-0.61801,1.3006,0.082181,-1.5036,0.57741,-0.47826,0.25089,-8.3623,-7.6399,-3.8423,0.69224,0.29756,-0.9093,0.70714,0.38987,-0.12241
9,8.6412,-3.7049,2.1844,0.065801,-0.11087,-0.10812,-0.88815,-0.17437,-0.6243,0.60966,10.934,-6.0176,-2.0159,-1.9576,0.071589,0.014696,-0.67561,0.77652,-2.0086,-5.6317,8.9655,-0.15758,0.34797,-0.85563,0.082662,0.006492,-0.97852,-10.408,-2.7722,3.5578,-0.090806,-0.90751,-1.3465,0.71854,0.31081,-0.71481,-16.881,3.0737,-2.9275,-0.50004,1.3151,0.73323,1.0277,0.33044,0.18653
1,14.104,-0.74356,2.2941,-0.38575,-0.20664,0.37545,-0.90488,0.19236,-0.41251,12.824,-0.052564,3.2933,0.031959,-0.025702,0.69137,1.0866,1.226,-1.2992,11.186,-3.2164,4.1675,-0.41855,-0.39463,-0.5794,-0.8881,0.87336,0.30949,-3.4926,-3.0138,-2.4074,-0.29002,-0.20567,-1.1832,0.37752,-0.71663,0.37273,-13.884,-3.3058,-1.2111,-0.45313,-0.38393,0.67702,0.98988,0.16985,0.043142
7,9.1464,-0.12242,2.7913,-0.001557,-0.67508,0.040369,-0.72555,-0.025712,-0.65641,4.4349,2.3222,7.1935,0.22129,-0.32099,0.09069,0.087433,-0.35972,-0.87126,4.6094,-1.6461,8.9339,-0.26033,-0.14665,-0.19111,0.056894,0.022157,-0.94649,-2.2291,9.7984,-1.6412,0.16182,0.027963,0.65167,-0.24463,-0.93024,0.021368,-1.1684,-9.0961,-4.2927,-0.47539,0.25689,-0.26897,-0.33334,0.77444,0.48396
7,9.5317,-1.0653,1.2755,0.080969,0.21522,-0.06489,-0.73599,-0.009314,-0.62745,3.1626,2.0777,8.3071,0.27165,-0.041591,0.024932,0.27305,-0.28947,-0.85094,2.458,1.302,8.6358,0.39142,0.01044,0.043815,0.34386,-0.26514,-0.82855,2.0726,9.2345,-0.15269,0.041802,0.039333,-0.24456,-0.64666,-0.67024,-0.22508,3.3443,-8.882,1.5664,-0.13607,0.029515,0.1678,-0.77013,0.57441,-0.084923
4,5.7016,-1.3088,-0.4184,0.58407,0.18968,0.17825,-0.8528,-0.061964,-0.33397,5.7652,2.7605,7.4508,-0.007331,0.42071,-0.14001,-0.37524,-0.69499,-1.0788,-5.5409,-7.457,4.8567,0.071749,-0.22734,1.3594,-0.060604,0.5585,-0.61596,-7.3724,0.12493,-1.4046,-0.007631,-0.17578,-1.7995,0.56834,-0.25673,-0.026633,-8.53,5.6981,-0.48549,-0.74115,0.56369,-1.7801,0.59484,0.16223,0.21187
4,21.617,0.91859,6.8854,0.58373,-0.17303,-0.053042,-0.81687,0.095685,-0.55182,0.32771,12.385,-1.5667,-1.4366,-0.24968,-1.8203,-0.077176,-1.2821,-0.31233,-2.6924,-9.2899,4.2275,-1.0595,-0.22404,-0.58436,0.37242,0.45514,-0.73619,-17.332,-2.4105,-2.7135,0.02156,0.78601,-1.9664,0.56052,-0.25083,-0.18899,-16.895,-1.5224,1.104,1.1095,0.33524,-2.274,0.38853,0.39923,0.072738
7,6.1259,0.24768,8.0691,-0.24552,0.34697,0.24902,-0.37882,-0.098005,-0.88447,-4.1652,7.603,1.2992,0.031986,-1.0742,-0.8774,0.59344,-0.70723,-0.24841,-2.0822,-2.7251,8.0302,-0.90283,0.2697,1.1768,0.44868,0.01481,-0.85108,0.17383,8.5243,5.2522,-0.16738,0.42307,-1.0164,-0.37379,-0.73201,-0.50406,-1.7059,-10.246,0.2909,-0.26502,0.24215,1.1707,-0.16314,0.96035,0.002613
6,7.5278,-4.3214,3.5704,0.032702,-0.49534,0.61932,-0.92167,0.35201,0.092263,0.60338,3.7797,8.8639,-0.12063,-0.2515,0.12431,-0.38778,-0.12232,-0.66301,1.134,-1.0745,9.5643,-0.029064,0.15877,0.14815,-0.48073,0.43907,-0.59288,-12.125,6.5373,-1.8307,-0.83111,-0.28492,2.1725,0.69974,-0.043968,0.1871,-10.492,-10.166,-2.2176,-0.69945,-0.1157,2.4146,0.59713,0.4583,-0.12917
2,-4.8496,1.857,-0.32961,-0.17956,0.40587,-0.42312,-0.64754,-0.47197,-0.69434,-8.3875,-4.7261,-2.7129,1.105,-0.60672,-0.44558,0.53934,-0.74235,-0.42526,8.0577,0.48136,-3.5891,1.1801,-1.7099,-0.46583,0.43213,0.46323,-0.95151,-0.1763,13.439,4.74,-0.2351,-0.32767,0.38781,0.60628,-0.24806,0.057923,2.9429,-14.72,-0.651,1.5395,1.6941,-0.24586,0.3859,0.60688,0.059379
3,8.6835,-0.52703,1.6619,0.013071,-0.14914,0.1389,-0.66742,-0.020654,-0.68243,2.9691,8.387,4.8894,0.06984,0.4805,-1.0396,0.74577,-0.33121,-0.011237,3.1028,-4.615,8.4955,0.24212,0.82903,0.4141,0.10523,0.2373,-0.71273,-9.6306,1.7078,-3.1709,-0.98663,0.53818,1.3211,0.81276,-0.41382,-0.17242,-8.8793,-2.7943,-0.75605,0.25534,0.090549,0.5903,0.72576,0.5167,0.44276
3,9.7425,0.11349,2.7658,0.22841,1.3192,0.6806,-0.7372,0.087597,-0.74473,1.1754,10.066,0.87693,0.19872,0.50316,3.1678,1.0721,0.32238,0.47592,1.8908,-4.979,7.6251,-0.53505,-2.0982,-1.5388,0.24441,0.47131,-0.54773,-14.37,7.7124,-1.7227,1.1857,1.8338,-3.0822,0.75126,-0.51161,-0.35745,-12.485,0.20361,0.51956,-1.6514,0.039621,-0.3842,0.79793,0.27217,0.45981
7,6.0517,0.9379,6.3895,-0.28308,1.0591,0.19602,-0.31153,-0.053072,-0.92054,-3.4351,6.6673,5.4061,0.38325,-0.45872,-1.4847,0.58167,-0.52011,-0.56167,-2.7383,-6.2761,9.1776,-0.48012,-0.073799,1.4834,0.43512,0.12866,-0.84628,-2.4603,11.364,5.1175,0.83135,0.57062,-0.81826,-0.30599,-0.77218,-0.49329,-3.9012,-9.4214,0.72931,-0.24785,-0.059862,0.8202,-0.10118,0.97051,0.020499
3,5.8598,-0.43205,-1.5531,-0.23616,0.39653,0.32371,-0.76333,0.016112,-0.58482,4.0042,4.6232,4.9358,0.24843,-0.14879,-0.32377,0.78026,-0.15473,-0.48372,2.3116,-3.7151,7.1812,-0.058095,0.35791,-0.04125,0.13441,0.28158,-0.68471,-5.9317,4.365,-1.3674,0.20837,0.88961,1.9105,0.8038,-0.4363,-0.19342,-5.6251,-2.3491,0.60301,0.32886,0.084645,1.8385,0.72802,0.6441,0.31433
5,9.2642,-1.2123,1.9065,0.088831,0.11792,-0.16089,-0.6072,-0.22641,0.16915,1.1244,6.5478,6.6058,-0.11027,-0.015859,0.048593,-0.20164,-0.53852,-0.10473,1.1186,-2.8094,9.2754,0.05615,-0.085355,-0.17321,-0.45006,-0.1274,-0.57932,-5.2668,13.374,-0.2287,0.21579,-0.064054,-0.12565,0.32754,-0.50919,-0.17037,5.3762,-4.1437,1.5789,-0.025705,-0.049198,-0.31494,0.013846,0.62716,0.092311
6,9.8033,-0.26868,1.1986,-0.2472,0.060724,0.24325,-0.87902,0.32703,0.32773,3.8252,1.1306,8.8835,0.017328,-0.14547,-0.023097,-0.95939,-0.03126,-0.60878,1.7215,-1.0571,9.542,-0.043774,0.1217,0.003242,-0.59939,0.56998,-0.71945,-8.0595,7.7367,-1.6481,-1.0726,-0.59027,1.9046,0.62343,-0.37433,0.25158,-9.215,-8.1032,-3.8356,-0.81794,-0.59399,1.8773,0.67048,0.45167,-0.11623
1,10.667,0.59496,3.88,0.001777,-0.70149,0.039017,-0.67094,0.15025,-0.53809,-0.60296,9.0724,5.4555,-0.00344,0.58154,-0.75084,0.036008,-0.16845,-0.62683,-0.41173,-6.8083,7.4183,-0.002717,0.67628,0.73806,0.46721,0.81858,-0.61975,-6.0082,1.6334,-1.6566,0.76641,0.64186,0.68679,0.14662,-0.80042,0.41021,-9.9894,-5.2635,-2.8033,-0.094188,0.21565,1.1025,1.0884,0.36258,-0.12854
7,8.9839,-0.3534,-4.7442,-1.9196,-0.65655,0.6695,-0.99447,0.45254,-0.28746,5.3877,5.974,4.2742,1.3503,0.86318,0.91189,0.3623,-0.61955,-0.59335,6.475,0.53065,6.996,-0.11841,-0.12076,-0.47179,0.11384,-0.18294,-0.89868,0.31796,9.96,1.9316,0.12822,0.21367,-0.34646,-0.69016,-0.61896,-0.25174,1.053,-9.4375,-1.4495,0.16166,-0.08794,0.23712,-0.69063,0.64949,0.18248
6,9.7231,-1.3883,1.1961,0.18397,0.10606,-0.21642,-0.87553,0.34132,0.32263,3.6295,0.66242,9.1289,0.1108,0.19733,-0.038975,-0.94137,0.039596,-0.62675,1.0283,-1.2457,9.7081,0.022731,-0.16841,-0.003649,-0.54887,0.57394,-0.74516,-9.4276,7.0417,-3.2025,1.2902,-0.062584,-1.8505,0.62229,-0.24868,0.31664,-7.3158,-7.8399,-2.8135,0.93918,-0.043502,-1.684,0.64576,0.4976,-0.15202
9,8.5334,-3.2498,10.105,0.1204,-2.0023,0.090374,-0.24854,-0.043298,-0.97402,-7.3325,-6.1535,5.6526,-1.4316,0.003543,-0.72913,0.68286,0.71477,-0.17877,-7.6282,2.6752,-3.5142,0.098879,0.53336,-0.007486,0.53639,-0.29598,0.7716,-11.414,-1.9028,-3.8782,0.59351,-0.62684,0.99464,0.74564,-0.74442,-0.052791,-15.657,5.1117,-0.96981,0.70706,-1.0359,-1.3595,0.54541,0.80833,0.48437
9,9.0167,-3.1737,-4.711,1.4407,0.8718,-0.63977,-0.92562,0.25348,-0.075104,-0.087791,9.2303,1.7397,-0.85639,0.16105,2.2073,-0.10934,-0.91597,-0.34861,5.7535,-7.4226,7.4129,-3.9964,0.15477,-2.4514,-0.37202,0.60746,-0.60684,-8.5115,2.3477,-3.3275,-0.23351,-0.53657,-1.1105,0.82892,-0.33226,0.43896,-10.899,-1.1696,0.99293,0.9056,0.26969,-1.7961,0.92967,0.46086,-0.17511
7,8.4986,-0.48061,5.2615,0.18355,-0.38055,-0.15438,-0.47121,-0.052271,-0.83974,-5.3113,6.363,-1.3234,-0.37393,0.42801,0.40619,0.75286,-0.56301,-0.1764,-4.6182,-3.3356,8.6342,1.1778,-0.37173,-0.28539,0.54836,-0.23109,-0.77038,2.0244,8.0014,3.7352,-0.12666,-0.04727,0.56686,-0.56916,-0.65992,-0.41227,-0.22947,-9.4702,0.88922,0.13836,0.005799,-0.68349,-0.39902,0.88765,0.003662
3,8.5225,-0.15358,1.0241,0.038524,-0.31182,-0.097702,-0.73913,-0.12606,-0.58967,6.7879,4.5486,2.9386,-0.29542,-0.07559,1.5088,-0.23941,-0.86877,-0.58743,6.8404,0.83157,4.9519,-2.7805,-0.43383,-0.65281,-0.26483,0.42544,-0.59153,-10.46,5.284,-0.37679,-0.50814,0.15757,-1.5754,0.8926,-0.27684,-0.35322,-13.007,-4.4412,1.0445,0.59623,-0.19657,-2.7413,0.7827,0.34208,0.42969
9,9.5555,0.70215,1.9196,-0.7405,-0.34974,0.047607,-0.6477,-0.41353,-0.38082,8.3746,1.884,8.232,-0.083365,0.25951,-0.60812,-0.82073,-0.2251,0.15906,6.8345,-7.8284,6.5203,-3.1086,0.87041,1.1422,-0.67866,-0.21731,-0.45652,-8.1421,2.2033,1.2159,1.6843,-0.23194,-0.23305,0.62608,-0.33122,-0.332,-9.2136,1.1434,-2.2344,0.20125,-0.12969,0.13645,0.6059,0.30929,0.53293
6,9.1562,-2.4617,0.67005,0.33194,-0.005148,-0.44908,-0.94554,0.53196,0.28032,-1.4553,8.5107,4.5221,0.069572,0.20309,-0.12715,-0.51126,-0.58741,-0.63283,0.54608,-2.4587,9.9664,-0.10465,-0.033935,-0.14515,-0.47051,0.55131,-0.6997,0.1948,1.4722,0.64212,0.74674,0.81102,-1.1517,0.45299,-0.60453,0.23994,-8.7817,-9.4403,-1.3311,-0.72391,0.15905,-0.92775,0.60715,0.36061,-0.37761
4,6.8145,0.9092,1.29,-1.3343,-0.16498,-0.27229,-0.80254,-0.3929,-0.42946,-0.82875,8.163,6.4357,-0.30343,0.36041,-2.777,-0.37207,-0.46345,-0.61957,2.0838,-6.0709,6.9302,-0.020236,0.69556,0.98357,0.27714,0.53641,-0.90075,-11.128,-1.1543,1.5456,-0.11108,-0.40212,2.3419,0.56455,-0.13339,-0.17737,-10.789,-1.4233,-0.75038,-0.60095,0.18175,1.8602,0.51784,0.39078,0.055502
6,7.9868,-1.6998,4.517,0.022939,-0.34745,-0.31538,-0.8221,0.54896,-0.17309,-0.93927,5.1447,8.701,0.15295,0.3493,-0.034583,-0.45219,-0.1813,-0.8821,1.4201,-3.1992,8.2118,-0.49372,0.24744,0.2863,-0.40778,0.70995,-0.5843,-0.061107,2.5496,1.2688,0.79837,0.27794,-0.72533,0.40689,-0.67027,0.25902,-8.3451,-9.6826,-1.8926,0.39304,-0.10719,-0.423,0.58522,0.50133,-0.3997
4,4.0424,0.055566,-0.70592,-0.85957,0.54327,0.17672,-1.0088,-0.08566,-0.28665,-7.6265,7.9131,1.6535,-0.70835,-1.0566,-2.2717,-0.08642,-0.70421,-0.3523,4.858,-0.8824,4.697,-1.5829,1.3702,1.5136,0.23844,0.62218,-0.90954,-5.8645,0.33907,0.056766,1.1415,0.32788,2.4611,0.56005,-0.33008,-0.089866,-7.6499,-1.5659,-3.4175,-0.2345,-0.34765,2.4597,0.4046,0.41662,0.15962
7,8.3165,-1.6411,3.7178,0.35665,1.6809,0.33091,-0.8224,0.25918,-0.73891,-0.20221,5.0418,6.1361,-1.0906,-0.72522,-0.4042,0.52341,-0.43331,-0.66965,1.1439,1.5281,7.3746,0.40338,0.618,0.20012,0.33993,-0.20215,-0.8666,-1.6893,7.7989,4.0466,0.77419,-0.34368,-1.1192,-0.26592,-0.82187,-0.40799,-0.85016,-11.003,0.46992,0.54713,0.001124,1.352,-0.2767,0.90738,0.21172
3,9.9207,-1.1127,2.0703,0.12207,-0.18513,-0.26268,-0.69574,-0.004306,-0.59175,4.7038,5.4183,6.8307,0.11714,-0.52973,0.66853,0.30841,-0.3369,-0.13511,3.5322,-6.382,7.0311,-0.21737,-0.75959,-1.19,0.14242,0.41068,-0.69186,-11.116,2.7301,-1.9072,-0.19495,-0.004106,-0.40054,0.69477,-0.34776,0.26843,-7.7483,-0.16263,-1.7857,-0.56066,-0.3162,1.0364,0.54238,0.73656,0.1937
9,6.4539,-4.3854,2.2356,1.1365,-0.86938,-1.637,-0.93264,-0.056809,0.34739,-1.2907,9.0733,-6.4039,1.6902,-0.48135,-2.363,-0.40955,-0.7122,0.35382,0.94679,-12.606,1.0964,-1.3265,1.3826,4.7087,-0.81393,0.34092,-0.24765,-10.888,-2.2126,1.0623,0.87804,-1.0525,-0.38902,0.71447,0.5718,-0.201,-14.086,6.2836,-0.71702,-1.5417,1.1643,-0.88883,0.94436,-0.093376,0.073557
2,26.642,2.7733,2.1094,-1.6883,0.27416,-0.45302,-0.92193,0.0904,-0.43227,9.5852,31.261,0.3479,-1.0395,-1.7711,-1.6103,0.2128,-0.65334,-0.46259,7.1354,-33.348,1.5887,-3.9289,3.4919,-1.9121,0.13453,1.204,-0.11444,-25.74,-10.669,-10.767,-1.8199,-0.20324,2.7631,0.65929,-0.35965,0.35769,-19.684,6.1826,-9.179,-0.60783,-0.40956,2.7965,0.82718,0.58374,-0.010046
9,15.969,0.81718,-0.29584,-1.5085,-0.89577,-1.2268,-0.75306,-0.36509,0.22575,4.9638,5.9666,-6.1695,-0.075206,-2.9893,-2.791,-0.1862,-0.75793,-0.34411,15.256,-5.0146,4.4533,-0.82738,-0.061612,-2.9346,-0.73559,-0.12048,-0.36722,-16.192,-4.7199,-2.7981,3.763,-1.3944,1.0059,0.83774,0.22047,-0.04489,-6.2407,7.5572,-4.8672,-1.188,0.21665,-1.2885,0.68773,0.06293,0.50669
7,7.2045,0.25039,6.1497,-0.076336,0.62528,0.27016,-0.32414,-0.068362,-0.98645,2.2412,1.4185,10.928,-0.20907,0.83265,-0.61874,0.35035,0.12606,-0.89935,2.9685,-1.9907,11.751,0.52228,0.74735,1.0415,0.30115,-0.16092,-0.92052,-2.9297,9.7184,-0.41523,0.15919,0.074737,-0.181,-0.27419,-0.92609,-0.13203,-2.3565,-10.368,-2.1435,-0.13916,-0.03171,0.22119,-0.35995,0.89695,0.17195
3,8.2742,-1.4612,2.7705,-0.67319,0.81439,0.39108,-0.7017,0.030767,-0.65297,-0.39135,5.7724,7.0355,0.59552,-1.7264,1.4854,0.9802,-0.000519,-0.22595,0.40786,-5.309,8.6442,-0.72113,-1.2612,-0.61305,0.29318,0.1497,-0.64954,-7.8297,5.8433,-1.5422,0.93599,-0.20608,-2.1574,0.69077,-0.6224,-0.056507,-11.143,-4.5325,0.040696,-0.18957,-0.099852,-0.60096,0.76406,0.35171,0.46413
9,8.6096,0.81581,4.789,-0.16292,-0.54071,0.21865,-0.69429,0.38154,-0.67538,-0.86454,9.4588,-1.1626,-0.47439,-0.21993,0.30151,0.4007,-0.89422,-0.33023,-3.5733,-4.0555,9.7173,0.43141,0.42003,-0.3427,0.48681,0.74232,-0.51897,-10.673,4.295,0.060891,1.6378,-1.2383,0.53988,0.6655,-0.72615,0.50648,-9.4183,-3.8299,-2.5052,-0.15935,-0.34564,-0.049192,0.85782,0.65981,-0.22164
7,6.463,-0.7525,7.4636,-0.030692,0.41963,-0.083771,-0.21628,0.021657,-0.93787,-7.1984,-1.2958,4.4358,-0.45044,0.38826,-0.008923,0.90801,0.31166,-0.13471,-6.3072,1.7001,5.9573,-0.3521,-0.021159,0.12882,0.75272,-0.41262,-0.41932,-0.80628,9.7103,1.1407,0.28688,0.008754,0.38683,-0.36889,-0.83135,-0.2944,0.45933,-9.6895,1.5438,-0.097167,0.008839,-0.31955,-0.5229,0.81426,-0.054693
0,13.269,-2.4354,1.5476,-0.5221,0.21277,-0.84298,-0.82919,0.15846,-0.53191,10.541,4.3035,2.3757,-1.187,-1.0836,0.46689,-0.34698,-0.77088,-1.0094,12.771,-3.2976,2.3828,-0.14826,-0.18361,-2.0117,-1.0938,1.0263,-0.19701,-13.239,4.1444,-1.9414,0.90206,-0.3649,0.27574,1.0711,-0.045461,0.25099,-13.181,2.4548,-1.2677,3.2632,1.6413,0.84078,0.82721,0.92155,-0.33423
8,30.146,-9.3923,9.8119,0.19126,0.098084,0.20801,-0.71883,-0.33816,-0.27307,27.642,8.5204,1.0698,-0.34937,-0.085476,-0.030103,-0.36839,-0.58744,0.34646,24.093,-9.3695,8.6614,-0.44934,-0.15576,-0.1962,-0.36096,-0.021985,-0.66059,-18.837,-13.532,-3.0087,0.88602,-0.5656,0.015524,0.52449,-0.23898,-0.44713,-19.587,29.923,0.77347,-0.48307,-1.1673,0.56419,0.37227,0.17406,0.66313
9,12.604,-0.271,-4.6788,1.1043,0.44029,-0.19141,-0.79046,-0.40111,0.26982,9.9019,6.2397,2.3352,-0.092181,-0.12718,-1.2599,-0.76785,-0.45662,0.20379,1.2803,6.5573,-3.6173,3.2072,-4.2102,-2.2735,0.17827,0.29905,-0.8432,-11.003,3.2105,-3.9192,-1.1793,-0.004931,0.50716,0.82016,0.031595,-0.53714,-9.1567,0.82145,-1.5953,-1.3904,0.30571,0.24289,0.74293,0.20599,0.59961
0,9.4475,-1.0955,2.8395,-0.11345,0.58229,0.17161,-0.71792,0.16145,-0.68152,3.2627,9.9327,0.59285,-0.016176,-0.13602,0.46724,-0.49174,-0.55704,-0.43969,5.221,-5.0467,7.7304,0.079611,-0.034705,-0.80532,-0.16533,0.74633,-0.8921,-8.9159,4.3316,-3.7517,1.9412,-0.8428,1.028,0.88023,-0.32521,0.1019,-8.9871,8.263,-5.0608,1.6805,0.38973,0.57768,1.0149,0.45801,-0.14961
3,2.4946,-2.0437,-0.67629,0.37805,-0.63747,-0.23344,-0.80872,0.64189,-0.12469,7.1851,3.5469,3.4334,-0.25478,0.14435,0.53319,0.3206,-0.55813,-0.12311,6.0195,-4.8447,4.4068,0.019683,-0.77181,-0.18202,-0.29085,0.50051,-0.57036,-6.3039,1.5462,-0.17549,-0.78548,-0.47785,-2.3074,0.91788,-0.13012,-0.16101,-5.7665,-1.6129,0.28033,1.1496,-0.77537,-2.3041,0.59502,0.81671,0.41341
5,8.1996,0.80119,3.803,0.56595,-0.97952,-0.20703,-0.6415,-0.1203,0.080531,0.62171,6.1997,8.0911,0.11509,-0.034347,0.083388,-0.20794,-0.37816,-0.28926,0.23461,-0.55653,9.7422,0.14563,-0.21894,0.001584,-0.53705,-0.16183,-0.56953,-3.0854,11.428,-1.9961,0.37072,0.17897,0.70581,0.44528,-0.4855,-0.029309,5.9798,-1.4185,3.4415,-0.28094,-0.096755,0.24502,-0.013635,0.63336,0.034706
9,9.6575,-2.8159,-0.92929,0.15229,-0.10396,-0.001379,-0.64137,0.60132,0.14575,7.0848,7.7744,-1.3344,-0.41159,-1.7531,-0.88247,-0.46621,-0.67914,-0.16055,8.6288,-4.9248,2.0067,0.63121,-0.55193,1.5049,-0.72205,0.46357,0.20314,-9.5008,-1.6479,-2.3239,0.037409,-0.001063,0.01714,0.62227,0.16411,0.59505,-9.5758,-0.42732,1.9031,-0.087017,-0.037305,0.025183,0.64387,0.30535,-0.47075
1,6.1369,0.3912,1.3745,-0.65493,0.16576,0.082731,-0.71644,0.058393,-0.49923,6.5205,2.3738,-0.73114,0.6196,0.32579,-1.5491,0.41374,0.34379,-1.2471,5.6443,-2.8681,3.2555,-0.63021,-0.50392,-0.058612,-1.1852,0.3923,-0.056155,-5.3006,-4.3291,-0.42561,-0.12003,0.005873,1.5061,0.48308,-0.72134,0.27114,-9.5336,-1.7975,-2.1311,-0.85734,-0.47377,1.6222,1.074,0.58769,-0.011875
3,9.1298,-0.41415,2.2176,-0.13471,0.91037,-0.096478,-0.72522,-0.11265,-0.60957,0.14804,7.6861,5.9604,0.70087,-1.1384,0.98776,0.97677,-0.068473,-0.12079,0.49994,-4.7113,8.842,-0.70829,-1.4242,-1.4082,0.27742,0.22982,-0.61951,-11.435,1.8848,-2.0899,-0.60952,-0.29826,-0.12567,0.87089,-0.32562,-0.3255,-5.304,-2.2386,0.23822,-0.73713,0.045664,1.8336,0.45037,0.89666,0.23992
7,8.6331,-1.4272,4.016,-0.039379,-0.49926,-0.14999,-0.56225,0.13534,-0.85253,-2.605,-3.2882,7.7253,0.29459,-0.82593,0.48102,0.59116,0.53218,-0.58163,-3.6621,0.011809,8.0804,-0.12271,-0.87622,-0.55747,0.67895,-0.41919,-0.5843,-0.25227,9.6471,1.0947,-0.14907,-0.067534,0.47103,-0.50256,-0.807,-0.22381,0.7769,-9.4326,-0.65049,0.10837,0.13832,-0.4517,-0.59092,0.78129,0.085899
2,2.8788,-0.50296,-1.2494,-0.3579,3.7006,0.59513,-0.65188,0.2091,-0.62968,5.4826,4.004,2.6466,0.22715,0.041813,0.18331,-0.1775,-0.17172,-0.65421,3.7787,-4.0172,3.9521,0.23877,-0.37387,0.24848,0.14128,0.70585,-0.90224,2.3403,10.164,2.1697,1.3223,0.13096,-0.40514,0.38052,-0.69499,0.33014,-0.78563,-15.122,-0.99463,-2.3257,-0.14952,1.0734,1.082,0.24328,-0.094843
1,13.78,0.57134,0.13714,-0.42827,-0.030685,-0.28854,-0.76137,-0.011548,-0.44236,12.306,6.5548,-0.19974,-0.21428,-0.12851,-0.035522,-0.84003,-0.68033,-0.97381,12.251,-2.2264,3.4671,0.082085,-1.6111,-2.766,-0.70243,1.1511,-0.42378,-12.371,10.416,-0.44805,0.48322,-0.86519,0.5638,0.87991,-0.18952,0.24629,-5.8398,11.471,0.42191,-0.21406,0.18491,0.98886,0.74084,0.93431,-0.28136
1,11.284,-1.3405,1.3052,0.069626,0.47154,0.037614,-0.65744,0.15305,-0.55312,-2.3117,10.12,5.3766,0.38594,-0.15004,0.78006,0.083765,-0.14909,-0.62672,-1.9717,-7.9838,7.7865,-0.14793,-0.49798,-0.24982,0.5332,0.78922,-0.59759,-7.9846,-3.0387,-1.5865,1.6025,0.12987,-1.6155,0.34288,-0.82703,0.27281,-10.512,-7.4589,2.1554,-0.6923,-0.4702,-2.4404,1.1001,0.29796,-0.057108
3,21.964,-7.6032,6.8642,1.5402,0.82853,-0.28409,-0.8198,-0.060793,-0.67449,0.37567,12.292,1.8292,0.31864,0.024114,-0.035342,0.69437,-0.9493,0.16916,1.7594,-10.217,6.9316,0.25708,-1.0124,-1.5565,0.16126,0.40253,-0.59135,-15.428,-0.68602,-1.5059,-1.0383,-0.56732,-0.12487,0.85123,0.012858,-0.57631,-10.294,-4.7342,-0.8941,-0.41383,-0.17612,0.51688,0.49781,0.8578,0.31172
8,11.168,-0.96633,2.3846,-0.52424,0.094691,-0.25331,-0.70848,-0.36139,-0.32583,14.017,11.269,6.009,2.9375,0.56505,4.8228,-0.43723,-0.5307,0.42628,12.745,-3.9448,5.555,-0.89614,-0.50926,-0.038497,-0.32208,0.075656,-0.73136,-13.907,4.6578,-1.487,-0.48566,-1.164,0.26169,0.50807,-0.40282,-0.41203,-15.004,-3.3932,2.4489,0.73343,-1.0115,0.62528,0.44101,0.27152,0.57747
5,7.3551,1.0692,5.3479,0.38248,-0.27612,-0.1153,-0.78781,-0.10669,0.005796,3.9593,9.0091,-0.32032,-0.027644,0.080178,-0.018055,-0.79554,-0.32321,-0.20535,6.8038,-4.0095,6.1262,0.098132,-0.14769,-0.15571,-0.97853,-0.11425,-0.6563,-2.0566,15.463,0.62401,1.1835,0.35428,0.48133,0.29835,-0.39136,-0.19919,7.5604,1.3,1.6642,0.23182,-0.35746,0.81795,0.042373,0.5649,0.21181
8,23.514,-4.2096,6.8299,-0.009791,0.86886,0.040851,-0.71207,-0.36401,-0.31272,29.402,5.1991,-0.4904,0.18981,-0.29821,-0.42499,-0.43093,-0.59489,0.32441,25.076,-10.204,8.3741,0.61489,-0.30691,0.39306,-0.31041,0.10139,-0.72817,-18.454,3.0724,-0.00797,0.95536,0.27363,-1.094,0.50938,-0.40692,-0.39686,-26.708,4.1323,-6.7051,0.25023,-1.3101,-1.0702,0.38516,0.23521,0.62983
8,-6.3469,0.046937,-2.3417,-0.063736,-0.42249,0.072805,-0.64258,0.45388,-0.29789,0.84541,-3.5597,-2.7917,0.24202,0.21771,-0.4153,-0.33668,-0.45506,-0.56664,0.6016,1.3522,1.2001,-0.50004,-0.227,0.60896,-0.03182,0.38646,0.68366,1.8514,6.2392,-0.32918,-0.24866,-0.003251,-0.20672,0.49458,-0.029327,0.50697,2.5512,-7.2768,3.7233,0.73888,-0.15282,-0.047126,0.49669,0.038181,-0.45504
2,3.5533,-1.0819,0.50446,-0.040807,0.28156,0.48657,-0.86492,0.15219,-0.86138,3.7695,7.138,0.62592,-0.16182,1.2739,0.1525,0.36713,-1.0098,-0.62981,-3.3742,-10.315,2.3426,0.3833,-0.8741,3.2434,0.60965,1.1609,-0.58762,-9.9358,-4.2056,-3.9066,-0.57635,0.60529,0.56122,0.21956,-0.82589,0.13753,-5.0512,-3.4982,-3.9138,0.72559,0.71912,-2.3007,0.74966,0.25562,0.31091
1,10.285,-1.8439,3.7275,0.044861,-0.22404,-0.099432,-0.67624,0.22814,-0.54681,-1.0176,8.4138,6.0396,-0.018519,0.24397,-0.79006,0.10144,-0.1468,-0.62765,-0.8576,-6.2455,8.4063,-0.057684,0.70878,0.31489,0.52492,0.79902,-0.64203,-10.516,2.1001,-4.2876,-0.22677,-0.26286,-1.2022,0.84556,-0.21403,0.39033,-4.2742,-11.351,-5.807,0.95988,0.86522,-0.17833,0.52262,0.98254,-0.17148
6,9.9325,-0.39552,0.71718,-0.25914,0.18946,0.36254,-0.76523,0.31516,0.28272,1.3922,4.2181,9.0478,-0.26706,-0.38359,-0.038503,-0.48053,-0.099695,-0.63365,1.0825,-2.2924,9.5921,-0.046385,0.12977,0.041869,-0.40572,0.57827,-0.53043,-3.1376,4.8983,-2.905,-1.1379,-0.1999,1.6909,0.51187,-0.4804,0.3232,-7.3961,-7.1859,-8.7402,-1.6561,-0.016574,0.52227,0.62159,0.39013,-0.001764
0,6.1258,0.4334,2.3116,0.014146,0.049485,0.094388,-0.61706,0.16231,-0.6301,8.5281,1.3981,0.86843,-0.22386,0.9442,-2.3082,-0.40864,0.18562,-1.1138,6.7806,-3.3089,3.4999,-1.198,-0.78312,-1.32,-0.61588,0.86,0.17107,-7.385,-3.1748,-0.59894,-2.9211,0.43034,1.4773,0.37887,-0.66692,0.46312,-8.2941,-1.8534,-1.2362,-0.62875,-0.29394,1.5312,1.0396,0.48144,-0.21122
3,5.9015,-1.5325,2.0819,0.25884,-0.28934,-0.12931,-0.6203,0.13717,-0.67925,5.6368,5.5549,5.1528,-0.075047,0.004344,1.2226,0.18896,-0.41203,-0.13863,3.6159,-5.3573,6.7896,-0.48793,-0.70057,-0.51089,0.086822,0.43435,-0.71088,-6.4613,3.682,-2.7076,0.89164,0.002245,-1.3137,0.57255,-0.72433,0.11687,-7.3389,-5.4867,-3.0334,1.6867,0.32217,-1.4666,0.88264,0.3414,0.13341
9,9.5754,2.1873,2.3097,-0.041276,0.44042,0.045646,-0.67945,-0.18401,-0.67559,3.7246,13.295,-4.4547,0.10112,-1.2163,-2.6338,0.13251,-0.52556,0.8518,4.7426,-4.1479,3.7901,-0.025021,0.41691,0.35077,-0.078197,0.74477,-0.58823,-11.082,-0.89049,1.2906,-0.044003,0.15015,-0.21593,0.76499,-0.6084,0.13163,-9.8182,0.19437,-0.96344,0.92415,0.039255,0.58682,0.73155,0.65672,0.32461
2,20.675,5.9991,3.6734,-1.7555,0.735,-0.32188,-0.73627,-0.050217,-0.48865,8.5307,25.874,-24.533,-2.3068,-5.3969,-0.87968,0.099139,-0.50994,-0.26274,9.9959,-25.372,1.6523,-1.3015,1.6978,-1.2815,0.12099,1.043,-0.31611,-28.769,-7.4416,-0.57622,1.243,-0.2658,3.5807,0.70786,-0.51579,0.17211,-23.508,6.824,4.2407,0.78968,-0.59441,1.6317,0.94606,0.7335,-0.013053
1,12.234,-1.2212,5.3593,0.27385,-0.64793,-0.1497,-0.85294,-0.12848,-0.65852,-0.71589,6.5104,9.0969,-0.42344,-0.13283,-0.88877,0.29203,-0.61147,-0.75224,-0.78092,-6.5846,9.1251,-0.014178,0.72564,0.043091,0.30886,0.40755,-1.1464,-13.065,2.0177,-0.83638,1.3322,0.15,-0.88439,0.59342,-0.34656,0.088927,-9.867,-0.10011,-0.88951,-0.10838,0.77694,-0.41667,0.1064,0.73761,0.14136
9,4.9539,-2.3024,-13.262,0.30816,-0.82156,0.61957,-0.35647,-0.43741,0.71046,7.3446,7.1748,-15.081,0.2413,-1.0666,-5.1695,-0.85859,-0.11643,0.23287,5.7532,-5.6293,-6.3006,-0.1243,0.62511,0.76564,-0.79907,-0.18009,-0.30745,-8.5822,4.0511,-1.7405,0.016489,-0.1643,-1.112,0.74672,-0.24311,-0.43464,-7.7809,-1.5911,0.5447,0.15339,0.063444,-0.82215,0.59749,-0.44436,0.51316
3,7.4127,-0.071116,-1.5638,0.33575,-0.064748,-0.34389,-0.93701,0.061082,-0.44074,2.8087,7.7139,4.5919,0.096967,-0.46011,0.39486,0.51987,-0.33759,0.14556,1.1438,-7.6149,6.5284,-0.098308,-0.2778,-1.3416,0.3907,0.55745,-0.49314,-8.5996,2.4922,2.2663,0.44749,0.45263,1.614,0.70063,-0.47207,0.071123,-8.2579,-3.3802,-0.93587,-0.13634,-0.2173,1.3157,0.69477,0.60207,0.12631
0,8.0421,-1.6551,-0.24589,0.48008,-0.64771,-0.12296,-1.0722,0.10925,-0.59264,2.8072,4.8275,4.6795,-0.003385,-0.18082,0.65073,-0.43128,-0.6439,-0.76689,1.5296,-6.5932,6.8862,-0.31911,-0.71777,-0.24309,0.054184,0.98707,-0.97932,-5.8316,-5.1958,0.10906,-0.58413,0.029716,-1.6699,0.18722,-0.74974,0.21687,-14.416,3.9926,-3.1217,-0.82483,0.051809,-3.3946,0.69381,0.42901,0.1043
2,23.445,-2.9017,0.40038,1.7988,-1.3692,0.63011,-0.74016,0.1658,-0.51838,11.498,26.663,-15.436,0.51782,3.5456,1.3752,-0.061388,-0.67727,-0.16692,-2.6768,-32.462,1.8619,1.4967,-2.3265,1.4029,0.02127,1.1251,-0.19208,-9.0789,-28.137,-1.2154,-0.015036,0.25428,-1.481,0.46083,-0.61837,0.34756,-23.369,-2.6732,-4.3094,-0.03357,-0.58529,-2.2878,1.0777,0.52673,-0.088665
8,6.2879,-1.0146,-0.49666,0.31863,-0.54335,-0.066529,-0.74854,-0.3808,0.16687,4.1408,1.6082,1.1298,-0.19084,-0.020532,-0.74144,-0.66229,-0.040844,0.41621,5.6307,-1.7916,2.1127,0.41939,-0.17631,0.00345,-0.43876,-0.42658,-0.32446,-4.8374,2.575,-1.009,-0.17641,0.4966,0.87558,0.47034,-0.005184,-0.47813,-10.825,4.2276,-1.0655,-1.6213,1.3402,-2.1018,0.40354,-0.27418,0.55357
5,8.3303,0.74074,2.1743,-0.15466,-0.18334,-0.10917,-0.82939,-0.27823,0.038454,-1.4155,4.0439,6.6289,-0.13983,-0.007272,0.13728,0.33474,-0.66345,0.00492,-0.075146,-0.97088,9.7706,0.1861,-0.27516,0.063229,-0.59822,-0.16946,-0.61837,0.15347,14.811,-5.1034,0.45095,-0.089491,0.77764,0.061076,-0.68196,-0.15265,6.8643,-0.041668,1.6074,-0.16858,-0.35352,1.3949,-0.20127,0.50359,0.42565
9,7.7747,0.12355,3.6508,-2.8423,-0.24478,-0.13111,-0.73072,-0.16205,-0.69544,-3.2535,-28.623,1.9566,-0.15725,-6.6695,3.3369,0.19326,0.034611,-1.0217,1.0835,-9.048,5.1085,-0.6948,0.83677,-1.13,0.1041,0.70651,-0.75041,-8.4788,-3.333,0.77293,-2.4618,0.8105,1.6145,0.99449,-0.54036,-0.27953,-10.116,-2.1861,-0.28596,0.10154,0.037976,1.7108,1.0021,0.42305,0.37379
8,21.922,1.4835,10.018,-0.006055,0.48882,0.22408,-0.60406,0.44128,-0.31073,-6.3501,20.651,-2.1916,-0.85204,0.15837,-0.060118,-0.16549,-0.70548,-0.26587,-4.276,-19.446,-7.579,1.3869,0.061388,0.090999,0.3292,0.39498,0.5801,-19.403,-2.1597,-2.1821,1.2971,-0.61988,-0.88679,0.41341,-0.092783,0.54524,-20.329,-3.7445,-0.48829,-1.5497,-0.44466,0.73082,0.4186,0.17714,-0.46646
3,9.0314,-1.8583,-2.3264,0.26153,-0.34475,0.019487,-0.98742,0.088844,-0.36114,0.24547,7.8058,5.3619,0.68718,-1.1366,0.84003,0.68637,-0.05097,0.17128,-1.3168,-7.0509,6.4085,-0.10298,-0.5324,-1.0531,0.58253,0.43372,-0.41649,-9.5828,1.4071,-0.46958,0.34508,-0.20575,0.19152,0.68331,-0.41892,0.14338,-7.4382,-6.71,-1.6109,-0.0047,-0.42411,1.0594,0.46986,0.7625,0.14229
2,20.728,4.4148,3.3782,2.6448,0.76985,0.48294,-0.77936,-0.12788,-0.46799,3.8497,19.962,-11.68,2.4039,3.5816,-0.15746,0.03644,-0.72233,-0.098225,4.9641,-23.514,0.76642,-0.05979,-2.6282,1.9378,0.17962,1.1078,-0.29833,-18.683,-1.5205,-9.7139,-0.085246,-0.43508,-2.9314,0.58435,-0.49673,0.33545,-25.914,3.4329,1.1414,-0.13384,1.3188,-2.681,0.92722,0.68106,0.021562
8,21.91,-0.74697,13.383,0.0894,-1.3317,-0.25713,-0.4534,-0.053735,-0.64854,15.767,4.0763,-1.1466,-0.50003,-0.19171,0.01988,-0.46794,-0.48978,-0.30944,16.626,-4.1003,3.4355,2.4801,-1.1352,-0.074469,-0.51346,0.30827,-0.43071,-22.476,-1.7854,0.6221,-1.3358,0.27373,-0.06335,0.61041,-0.39168,-0.040733,-23.226,9.0806,1.6306,-0.91692,-0.23791,-0.51362,0.62122,0.30762,0.29206
9,9.5577,2.0271,0.53748,-0.41362,-0.036422,-0.17927,-0.77867,0.25492,-0.11328,8.7093,4.6168,-1.5904,-0.52395,-0.027261,-0.1488,-0.68022,-0.33583,-0.30558,7.2382,-0.80751,6.4436,-0.14197,-0.21367,-0.071045,-0.69421,0.40298,-0.37618,-9.2381,2.4675,-1.0445,1.026,-0.046478,0.13266,0.75922,-0.05269,0.30217,-9.7334,0.54169,-1.6564,0.25782,0.043289,-0.040781,0.79466,-0.19232,-0.15975
8,-0.98608,-0.10732,-0.38533,0.088081,-0.068104,0.04664,-0.40438,0.02569,-0.69932,-2.3489,1.965,-1.2001,0.38751,0.31424,0.000711,-0.5073,-0.43113,-0.32942,-1.2938,-0.10005,-1.4137,-0.16509,0.32345,-0.072019,-0.47301,0.32258,-0.47006,-1.0572,4.3662,-0.32463,-0.59936,-0.076304,0.28336,0.63815,-0.30597,0.068731,-2.1383,-5.5923,0.65559,0.69589,-0.055127,-0.22931,0.6161,0.23773,0.30351
4,-7.3623,2.2233,3.6564,0.42081,-1.6468,-0.86246,0.70813,-0.075795,-0.3767,-4.4821,9.0332,-6.4385,-0.91746,-2.4074,-0.79293,-0.25899,-0.68984,0.31449,4.0086,-7.652,4.6642,-0.50937,0.37124,1.5604,0.088113,0.83007,-0.71505,-13.259,2.2629,0.78844,0.8561,0.27487,2.4912,0.62357,-0.18188,-0.21979,-9.3925,-2.061,-2.1115,-0.31077,-0.15501,1.2422,0.45474,0.44369,0.20171
8,28.593,1.3825,12.355,0.11174,1.6745,-0.27828,-0.63202,0.46777,-0.17238,4.1772,29.934,13.768,-1.0428,0.2076,-0.75306,-0.48647,-0.38359,-0.45714,6.1352,-26.014,-7.9809,-0.24957,-0.062078,0.55576,-0.13603,0.35974,0.65948,-16.062,-15.091,3.7012,1.9208,-0.033302,-1.1695,0.42073,-0.062432,0.55176,-16.517,8.1975,-3.5953,-2.6512,-0.4824,1.045,0.46883,0.048013,-0.45128
3,6.1889,0.84456,-2.5825,0.55514,0.62385,-0.21949,-0.86355,-0.27136,-0.29437,6.469,5.6171,3.8745,0.071984,-0.16888,-0.22199,0.44189,-0.49731,-0.19116,8.8876,0.32862,3.1514,0.14692,0.30154,-0.16247,-0.50241,0.15872,-0.56466,-5.2836,-2.238,-1.5879,-0.36761,-0.36726,1.2295,0.84799,-0.29574,-0.33501,-7.4831,-3.6774,-0.23452,0.14198,-0.31976,0.9271,0.81964,0.30398,0.49754
0,13.154,0.60667,4.3659,-0.061021,0.19846,0.000778,-0.65143,0.14079,-0.59722,10.814,2.3496,-1.1977,0.68089,0.32917,0.47599,0.3441,0.3147,-0.8335,11.572,-4.6794,5.8956,0.99855,-0.37856,0.21686,-1.1537,0.60939,0.27377,-5.965,-0.14,-1.2249,0.32238,1.1706,0.004898,0.45969,-0.66804,0.2953,-11.344,-4.2462,-2.4159,-1.302,-0.40003,-0.014636,1.1785,0.34606,-0.099606
9,11.182,2.964,-3.6073,0.12283,0.44057,0.45964,-0.72633,-0.22807,-0.5514,14.882,4.6708,-2.6676,-0.73169,-2.013,-2.9229,-0.71307,-0.39979,0.362,5.1224,-1.8315,9.4583,0.98567,0.47812,0.02002,-0.018088,-0.093078,-0.85561,-14.66,-6.0595,-2.5388,-1.2823,-0.020101,3.2796,0.70041,-0.41126,-0.27737,-12.147,-11.475,1.903,-1.5808,-0.34605,1.7093,0.56774,0.6044,0.30352
8,27.547,-4.6116,5.3304,-0.044914,-0.1914,0.14119,-0.73793,-0.35122,-0.23085,30.006,5.6099,-6.6183,-0.87936,-0.023521,0.71421,-0.34951,-0.59776,0.37667,27.244,-7.882,4.698,1.3965,0.46428,-0.25265,-0.41292,-0.071436,-0.63816,-35.027,-2.7833,-2.5429,0.47289,-0.31342,-0.35853,0.53647,-0.27942,-0.42231,-37.546,-7.2046,-0.70587,0.064828,3.2173,0.54382,0.37922,0.17953,0.66445
6,8.6697,0.686,5.0766,0.28734,-0.001978,-0.17762,-0.91355,0.29953,-0.093119,1.5492,8.1658,4.6801,0.083725,0.15008,-0.12052,-0.75222,-0.51505,-0.5223,0.4596,-4.4535,8.7948,0.067687,-0.19628,-0.078469,-0.61744,0.68564,-0.57235,-7.7315,5.5426,-0.048818,0.69952,0.7604,-2.3624,0.65249,-0.39596,0.18314,-8.423,-7.7971,-6.2826,0.90399,0.39904,-1.8481,0.67447,0.50268,-0.063552
1,7.6455,-3.7665,2.8874,-1.3551,-0.18535,-0.15891,-0.58677,0.34641,-0.74371,1.8826,9.9653,1.2913,-0.11476,0.2058,0.20524,-0.19666,-0.57522,-0.48365,3.5594,-10.121,7.677,0.37554,-0.16866,0.30315,0.2502,0.74984,-0.79256,-7.5746,2.0763,-0.21326,-1.25,0.044469,-0.24653,0.60565,-0.67773,-0.043827,-15.231,-0.032318,-0.39226,0.42615,1.7224,-2.9304,0.90406,0.53298,0.095718
9,9.4329,-2.6499,3.2528,-0.55369,-0.14894,0.012411,-0.7051,0.048862,-0.72122,20.228,14.811,9.9977,-4.625,-8.33,1.6076,-0.099139,-0.44857,-0.93304,3.1983,-9.3333,4.9939,0.23037,0.53576,-0.1822,0.020559,0.6921,-0.7132,-9.6571,-1.2936,-0.9618,-0.042811,-0.020249,-0.054341,0.89696,-0.51421,-0.18581,-9.6273,-1.4183,0.81014,1.3813,0.12141,1.0111,0.78934,0.76213,0.016089
6,9.264,-4.0702,2.1062,-0.37971,-0.13986,0.19401,-0.94159,0.56378,0.24429,-0.34948,8.9734,3.6801,-0.32928,-0.004741,0.20507,-0.55841,-0.60495,-0.64188,-0.73128,2.7987,8.7221,1.63,0.2217,0.27796,-0.43162,0.43395,-0.79287,-4.0087,0.95505,-0.41229,-0.29486,-0.22773,1.8375,0.4788,-0.59264,0.22962,-9.9577,-14.514,-0.54554,-0.572,-0.01055,0.9053,0.6039,0.31297,-0.42412
8,-10.207,-2.6576,0.16564,0.54702,-1.2456,0.48548,-0.67107,-0.089835,0.13606,10.622,9.5259,-0.50629,1.8562,0.53422,-0.75421,-0.33022,0.4084,0.0919,1.6363,-1.5811,5.9386,1.2433,-2.5448,-0.86271,-0.31959,-0.29342,0.28641,-1.1031,6.1468,2.5275,-1.8431,-0.92631,1.6443,0.42927,0.22806,-0.012715,-0.37006,-6.8509,-0.46071,3.1522,0.18982,-0.84386,0.4486,-0.18525,0.047508
3,7.3852,1.6062,-0.6589,-0.38819,0.026074,0.090579,-0.87878,-0.15454,-0.37677,5.4265,1.8275,5.2592,-0.2906,-0.16451,-0.10506,0.17239,-0.47528,-0.29231,6.6159,-4.3738,5.5403,0.38318,0.2085,-0.52916,-0.35904,0.41962,-0.64009,-9.2337,-0.9947,-1.1629,0.008656,0.004612,1.178,0.90219,-0.009073,-0.27525,-6.9062,-4.8208,-1.0688,0.023271,0.2955,1.2554,0.67779,0.79877,0.44629
5,8.4203,-0.39348,5.9718,0.047369,-0.06873,-0.07816,-0.79322,-0.07335,0.000174,4.1241,8.678,-0.46739,-0.029069,-0.071289,0.24921,-0.79579,-0.28998,-0.21404,7.0972,-4.1201,5.6846,-0.004398,0.053989,-0.22069,-0.99181,-0.076854,-0.64742,10.256,-4.8857,0.36772,0.26497,0.1816,-0.32948,0.068648,-0.61252,-0.33638,-1.3621,-14.571,-4.0233,-0.86221,0.71493,0.029157,0.33964,0.27177,0.18081
1,7.8272,-0.50633,2.8349,0.54614,0.090795,0.25454,-0.85887,-0.035601,-0.71088,8.9134,1.6043,3.1371,0.82449,-0.33901,0.36967,-1.0614,-0.4367,-0.081778,10.181,-2.2901,0.51502,0.75639,0.67474,2.5293,-0.9885,1.5615,0.54947,-9.7254,1.4248,-2.3616,0.82831,0.38504,-1.9127,0.29639,-0.51284,0.098173,-12.737,3.3546,0.65295,0.018503,0.49508,-2.4614,0.53435,0.416,0.14495
6,10.121,1.8859,4.0398,-0.06386,-0.39766,0.024413,-0.93405,0.33547,-0.13059,-2.6507,6.1651,8.4316,0.18954,0.22173,0.18063,-0.32881,-0.31579,-0.89684,1.0314,-4.1298,9.1995,-0.15429,0.063587,0.01054,-0.45845,0.68793,-0.58176,-9.5211,8.1859,-1.1489,-0.56569,0.32144,0.74077,0.60442,-0.3196,0.29932,-3.0934,-6.3918,-0.71035,-1.0191,0.07595,1.8277,0.37466,0.72621,-0.37383
2,17.121,-6.6874,-0.87874,2.735,0.34591,-0.42771,-0.83476,0.33001,-0.43282,11.379,12.029,2.1738,1.948,1.4998,0.14913,-0.043241,-0.31422,-0.69502,15.711,-14.497,-0.98868,1.1843,-0.7572,2.5096,0.035969,1.2615,-0.23076,-16.639,-9.9055,-8.0841,0.67622,0.098157,-3.2746,0.85393,-0.50641,0.33638,-18.171,7.687,-2.5992,-0.12238,0.086799,-3.9372,1.0739,0.7023,-0.15078
5,6.6696,1.3986,5.9702,0.45805,-0.031478,-0.13989,-0.77898,-0.11361,-0.025162,4.6674,8.6486,-0.45422,-0.006086,-0.015727,0.12151,-0.7964,-0.32029,-0.19222,7.0485,-2.7597,5.5992,-0.024861,-0.060467,-0.18021,-0.98673,-0.15028,-0.63099,-6.9239,17.384,-0.69163,-0.000271,-0.1178,-0.68465,0.28373,-0.4237,-0.17683,3.7333,5.2963,2.7593,0.030723,0.65055,-1.6154,0.055001,0.5595,0.22726
8,4.7193,0.23928,0.09961,0.31515,-0.71668,0.10354,-0.77389,-0.38641,0.18438,4.3767,2.4329,1.4663,0.046419,0.19347,-0.096074,-0.65328,-0.014485,0.43791,5.2657,-0.51098,1.523,0.57042,-0.049418,0.1991,-0.55136,-0.48581,-0.001248,-6.962,0.99636,0.25789,0.50077,0.71642,1.5414,0.50881,0.06144,-0.52214,-5.4797,-6.0963,-0.32463,0.092663,0.22684,-1.7535,0.45256,-0.37896,0.48231
7,5.7602,-1.7062,6.7331,-0.3842,-1.7379,0.050927,-0.46488,0.11434,-0.95062,-5.4914,-3.0229,7.9526,0.75829,0.14608,2.7399,0.5542,0.22579,-0.75664,-9.6115,3.7957,0.26748,-1.8326,-2.6925,-2.6346,0.79772,-0.4305,-0.30164,0.65779,9.3663,1.5285,0.3524,-0.24468,0.6251,-0.48848,-0.77543,-0.28319,0.82668,-9.3929,-0.27715,-0.43809,0.32705,-0.6339,-0.55077,0.79199,0.1107
9,11.861,1.2437,-1.1909,0.70456,-0.26441,0.29359,-0.73875,-0.38974,-0.19585,4.0242,4.1465,10.087,6.7669,4.11,-0.78981,-0.32652,-0.77465,0.053147,3.4666,-5.94,5.8894,-0.63018,1.116,-1.0261,-0.33148,0.094675,-0.76199,-9.4919,7.1217,4.9883,-1.8247,-0.24302,-0.55291,0.66068,-0.28725,-0.32555,-10.967,2.0346,-3.4656,-0.54621,0.42423,0.064131,0.66252,0.295,0.45977
8,5.2175,-1.1884,-0.26677,-0.43024,-0.83535,-0.44139,-0.64143,0.3762,0.31187,10.919,0.66945,0.27726,-1.3698,-1.7761,1.4199,-0.64683,0.16726,-0.19953,9.3894,-2.4636,3.981,1.783,-0.12956,-0.40303,-0.74578,0.28913,0.18576,-10.472,4.3144,-1.2393,-2.005,0.061459,0.62226,0.58807,0.079875,0.60187,-11.436,-3.3255,0.49261,0.075442,-0.23822,-0.66956,0.61507,-0.29339,-0.23071
6,8.4108,-0.3264,1.546,-1.517,-0.3156,0.87017,-0.94709,0.55597,0.20352,-0.73537,8.5518,4.3585,-0.33386,-0.3564,0.26741,-0.55266,-0.57768,-0.60871,0.034189,-2.6238,9.5667,-0.21911,0.33114,0.042571,-0.44591,0.65036,-0.66683,-9.2457,7.326,0.40318,-0.44729,-0.1284,2.5791,0.57603,-0.40904,0.27835,-10.721,-7.5433,-0.1813,0.15792,-0.96768,2.2817,0.57012,0.4348,-0.32525
9,8.8119,-0.014664,-6.0323,-1.0573,-1.7583,-0.15674,-0.61119,-0.018237,0.4412,18.185,-2.3026,-9.0488,2.1502,2.784,0.61793,-0.36187,-0.50332,-0.37996,8.735,-2.7783,4.3217,-0.40172,-0.35124,-0.49528,-0.78948,0.044429,-0.22721,-8.7364,7.9917,-4.9873,1.0142,0.071311,0.023889,0.68566,0.069085,0.1979,-10.646,0.86881,-1.7486,1.6862,-0.37473,0.76911,0.5478,-0.49169,0.02
1,5.4879,0.014235,3.3503,-0.46063,-0.11665,-0.083568,-0.84342,-0.038416,-0.71532,5.4533,2.302,1.3692,-0.16671,0.83425,-1.5869,-0.72773,-0.73692,-0.43515,5.4063,-3.7643,1.8302,-1.159,0.32477,0.39203,-2.0672,0.33207,0.79298,-7.9138,-3.0808,-1.1798,-1.3574,-0.34273,2.5602,0.18809,-0.52183,0.15348,-9.9353,0.24026,-1.2283,-1.3866,-0.23283,1.902,0.57563,0.368,0.14114
8,0,0,0,0,0,0,0,0,0,0,0,0,0,0,0,0,0,0,0,0,0,0,0,0,0,0,0,0,0,0,0,0,0,0,0,0,0,0,0,0,0,0,0,0,0
0,7.5369,0.29334,2.9078,0.2595,-0.13883,0.12121,-1.0212,0.052665,-0.64149,3.6933,7.0092,5.0195,0.19694,0.7964,-0.047032,-0.43659,-0.60132,-0.84428,2.6272,-6.1477,6.7751,-0.007798,0.6806,-0.005505,-0.015331,0.92106,-1.0262,-6.6532,-2.2368,-0.19875,-2.2975,0.000467,0.67295,0.017122,-0.76654,0.26919,-9.9113,-1.4937,-1.9849,-0.11425,-0.093081,1.238,0.6916,0.42681,0.08995
2,-3.6044,-4.4745,-2.3677,1.167,-0.33976,-0.22392,-0.6524,0.22991,-0.7817,8.1587,5.5005,-2.5087,0.3561,1.0449,-3.071,-0.64953,-0.59745,-0.25461,4.481,2.5152,7.4521,1.7594,0.66701,2.7216,-0.046303,0.36051,-1.0252,-2.4027,7.7357,0.8094,-2.1336,-0.65368,-0.056458,0.47409,-0.73458,-0.038349,-2.1473,-7.282,0.63937,-2.1212,0.81038,-2.779,1.0706,0.21115,-0.10274
8,37.176,-2.6896,12.019,-0.20467,-1.4733,0.033811,-0.4806,0.008131,-0.62743,42.193,-0.61286,1.7009,-0.19224,-0.087286,-0.066196,-0.52551,-0.37618,-0.36906,37.476,-0.88474,-1.274,-0.82288,0.56475,0.14528,-0.54588,0.24205,-0.42038,-33.415,-11.239,-6.9196,0.44222,-0.33158,-0.15803,0.60676,-0.38159,0.019068,-34.985,10.496,-4.9547,0.52605,0.11945,0.1132,0.59986,0.31197,0.31178
8,21.069,-11.501,0.48727,-2.4733,2.1987,0.33491,-0.81261,0.44227,-0.097411,16.529,12.833,5.8965,0.168,-3.2961,0.88487,-0.63272,-0.065031,-0.28509,19.712,6.4853,7.3953,-0.89574,1.1341,-0.16912,-0.76173,0.28894,0.20469,-19.869,-6.4314,-16.432,-0.77986,2.3368,-1.7143,0.49205,-0.25108,0.71789,-24.258,13,1.2356,-2.9608,-0.32822,-0.64741,0.56257,0.27821,-0.34616
4,10.91,0.85806,5.2906,-1.1358,-0.19412,0.13854,-0.69901,-0.004699,-0.51617,-2.971,6.0203,4.3409,-0.42036,-0.92868,1.6132,0.073589,-0.88315,-0.68754,-6.4985,-5.7413,5.5589,0.027771,0.402,0.13459,0.49169,0.30173,-0.66053,-6.7706,3.413,0.000405,-0.27038,0.52473,1.1801,0.35682,-0.42083,0.050037,-10.73,-1.3752,-1.2867,-0.3626,-0.069103,0.88881,0.63238,0.24708,0.098313
9,15.955,-0.20921,6.4112,-0.10955,2.0225,0.090805,-0.65441,-0.11047,-0.53348,19.132,1.7326,-3.3488,-1.0242,-1.4989,-4.9945,0.85666,0.032828,-0.099328,-28.711,11.605,9.4971,-2.4745,5.2825,-2.7793,0.45261,-0.62962,-0.33187,-15.624,-7.3244,0.3966,0.30026,0.9714,0.43383,0.67543,-0.22381,-0.26105,-23.499,0.21119,-8.4743,-0.74129,1.5979,2.4397,0.55627,0.49784,0.38988
7,9.9834,-0.12583,1.6896,0.20228,1.0608,0.17523,-0.78278,-0.059964,-0.68408,-1.5249,3.704,9.4374,-1.1269,-0.25297,-1.479,0.5486,0.10469,-0.73372,-1.8707,-0.67577,9.7837,-0.39568,0.6961,0.44197,0.40716,-0.40344,-0.70477,-2.2069,9.1639,-1.4357,0.21422,-0.059457,-0.12843,-0.37451,-0.83499,-0.000418,-1.6268,-9.4887,-1.4651,0.020297,-0.047178,0.30395,-0.39579,0.79226,0.283
1,6.0802,-1.0276,0.66213,0.99307,0.2003,-0.000891,-0.90651,0.15518,-0.49506,5.6562,1.1427,3.0645,1.8563,-0.14172,0.60661,0.13589,-0.13429,-0.80153,7.5724,-3.0489,1.9332,0.29232,0.45189,0.91564,-0.89029,1.2439,0.16327,-8.3586,-0.71706,-3.2217,0.89315,-0.15839,-2.2486,0.64907,-0.35096,0.44706,-8.0541,1.046,-0.86786,1.1412,0.34472,-2.6362,0.86457,0.71698,-0.20633
8,10.47,-0.61006,2.7121,-0.57435,0.81404,0.13834,-0.79266,-0.38531,0.12517,11.023,3.2586,1.0296,0.007996,0.76931,-0.74055,-0.65641,0.062956,0.43436,10.417,-2.6123,-0.032242,0.26293,-0.18942,-0.32928,-0.59239,-0.44009,-0.038365,-10.009,2.2713,-2.7756,-0.33968,0.027625,-0.16,0.48898,0.17799,-0.51456,-8.5604,-5.3993,-3.4661,0.15999,0.050893,0.010222,0.4386,-0.32802,0.53807
8,8.79,-1.258,-0.056266,-0.50398,0.25915,0.098947,-0.7931,-0.32481,0.20349,8.6542,2.5633,1.1198,-0.66535,-0.12653,-1.2285,-0.66448,-0.005385,0.42365,5.9457,-4.4514,1.503,0.16562,0.72537,0.15058,-0.61701,-0.3217,-0.016132,-7.9449,2.8195,-0.27884,-0.32226,0.53959,0.76668,0.51359,0.064157,-0.35566,-9.7746,-0.61463,-1.0385,-1.0823,0.40211,-1.4187,0.45903,-0.22362,0.50347
0,7.6053,-1.4451,2.2541,0.32626,-0.25066,-0.14633,-0.85319,0.13047,-0.57199,7.2478,2.1571,3.263,0.74168,-0.45704,0.68215,-0.57892,-0.34474,-0.60264,7.5356,-2.0115,1.7585,-0.18664,0.88922,1.3231,-1.2317,1.2592,-0.3155,-9.3415,0.38394,-1.6142,0.73093,-0.001413,-1.4769,0.72505,-0.17071,0.47799,-4.9303,6.2167,-2.8329,0.55552,0.44913,-0.55862,0.66941,0.79453,-0.37734
6,7.7533,-2.8584,0.5187,0.20686,-0.17051,0.2934,-0.91424,0.59785,0.26358,-1.2468,7.4743,5.0122,-0.38182,-0.52263,0.075089,-0.56269,-0.51638,-0.65037,0.19664,-3.9525,9.8619,-0.34558,0.36362,0.13427,-0.41868,0.69504,-0.62165,-0.11315,0.20458,0.71534,0.02057,0.32235,0.058059,0.44349,-0.61124,0.23989,-8.6488,-8.0894,-1.1741,-0.33718,0.54088,-0.40502,0.61212,0.30888,-0.40669
4,3.2302,1.3849,-0.68797,-0.89777,-1.9665,0.55504,-0.88641,-0.20074,-0.56388,-8.1207,12.352,3.1805,-0.27469,-2.328,2.6264,-0.36677,-0.6636,-0.077117,8.1031,-6.6416,7.3438,2.3372,-2.1336,-1.2382,0.12329,0.68117,-0.89398,-5.603,8.4033,5.8256,2.454,-1.0108,0.79579,0.66558,-0.10968,-0.17813,-1.9113,6.4273,0.45695,2.1808,-0.28849,1.3637,0.43279,0.41625,-0.002052
4,3.7887,-1.9386,1.5093,1.0322,1.6297,0.56816,-0.64226,-0.026487,-0.64885,5.0349,4.8281,5.0457,0.027014,0.38886,-1.0078,-0.16333,-0.82779,-0.69516,-5.5601,-4.9444,4.393,0.31097,-0.32326,0.6814,0.26145,0.61427,-0.52713,-8.6043,3.6856,-1.5952,-0.26501,0.42135,-2.5206,0.50202,-0.30896,-0.13633,-10.082,2.2899,2.1784,-0.53926,-0.89258,-2.2133,0.61787,0.25776,0.034324
4,-5.0326,3.1165,3.5228,-0.055126,-1.5401,-0.38905,0.74397,-0.091086,-0.33487,-5.551,9.2883,-5.1458,-0.67798,-2.4764,-0.96619,-0.34439,-0.73426,0.31773,4.3861,-7.7678,4.9179,-0.29871,0.37823,1.1474,0.083,0.8337,-0.74598,-10.401,0.5972,-0.10459,1.3587,-0.55421,2.1304,0.628,-0.19099,-0.20654,-8.1039,-3.6036,-2.0586,-0.19425,-0.17358,1.1864,0.46121,0.43761,0.18028
7,9.1242,-0.71223,-3.4973,-0.048479,0.13412,-0.036291,-0.9402,-0.056337,-0.33154,7.4902,0.53434,8.1786,-0.17211,-0.01405,0.096517,-0.10366,0.04967,-0.93069,6.5082,-2.8431,8.8319,0.20343,0.021706,-0.003334,-0.038705,0.094168,-0.93516,1.0789,9.2316,1.1372,-0.14806,-0.000932,-0.22385,-0.69512,-0.62602,-0.27305,1.6309,-9.3036,-0.425,0.055245,-0.036843,0.16285,-0.7533,0.62512,0.012046
3,-5.6982,7.5377,3.8898,0.68917,0.89529,0.4776,0.42711,-0.14685,-0.87628,5.605,8.4319,-1.9877,0.46273,0.30972,1.4512,0.70477,-0.58784,0.4214,5.752,-6.3317,4.9517,0.3124,-0.56551,-1.6035,-0.2294,0.5679,-0.53072,-10.942,3.6547,-0.53836,-0.25767,-0.32255,0.22505,0.86193,0.14483,-0.38442,-7.8231,-2.038,-0.002845,-0.27901,-0.47171,1.2057,0.64252,0.83419,0.43042
3,9.8374,-1.9969,0.9231,0.34173,-0.024118,-0.1465,-0.73456,0.1231,-0.53931,5.9553,5.6135,5.4599,-0.01144,0.004901,-0.54318,0.20835,-0.38598,-0.15423,3.6865,-6.8561,6.2995,-0.095808,-0.1063,0.22813,0.12744,0.44697,-0.67687,-9.7015,1.0774,-1.6071,0.14122,0.069404,-0.87344,0.63562,-0.54353,0.21171,-9.3736,-4.27,-2.1754,0.31281,0.2148,-1.1013,0.58438,0.67078,0.24739
4,10.751,1.2063,-0.075911,-1.0808,-0.47646,-0.19972,-0.84754,-0.14796,-0.2928,-2.9949,8.751,4.4217,0.3146,0.28202,-1.6761,-0.11741,-0.68177,-0.8308,2.118,-8.8473,5.0645,0.087074,0.30876,0.91471,0.037955,0.74537,-0.73203,-14.086,-2.8731,-3.6468,-1.1687,0.40968,2.6858,0.60086,-0.30845,-0.040134,-13.636,-3.2379,-0.61991,-0.37901,-0.2199,1.3296,0.57934,0.24649,0.2166
2,18.544,-10.154,11.284,1.3456,-1.6113,-0.005478,-0.82965,0.34624,-0.44816,25.856,31.877,1.6237,-0.30106,0.29086,4.7419,0.000711,-0.34833,-0.66829,35.546,-25.474,-2.6636,3.0138,-0.42555,3.3012,-0.67538,1.6075,-0.080755,-6.3956,-18.48,-3.3668,0.78608,-0.32685,-1.7819,0.74048,-0.59017,0.31368,-23.58,6.2542,-0.22758,-0.66487,-0.084286,-3.5093,1.1648,0.48282,-0.11583
1,10.558,1.2811,3.3442,-0.15905,-0.21164,-0.013946,-0.86748,-0.11547,-0.60857,1.1544,8.1263,6.7643,-0.063388,0.41614,-0.43334,-0.065092,-0.85612,-0.63612,-0.24176,-7.5971,6.9512,-0.008174,0.12987,0.64962,0.42661,0.86032,-0.97547,-7.0382,3.3421,-0.22067,-0.44814,0.9685,0.45225,-0.048618,-0.81381,-0.014494,-11.23,-7.4999,-2.5863,-1.0723,-0.003446,0.83144,0.71362,0.31464,0.094591
4,8.2741,-1.1592,3.5587,1.3829,-0.41171,0.13504,-0.69557,0.081114,-0.54229,-1.2325,7.6289,5.0345,0.33867,1.2936,-1.6938,-0.046019,-0.86393,-0.62084,-5.153,-5.6697,5.0791,0.79356,0.021809,1.8379,0.41762,0.39588,-0.62115,-10,1.4681,-3.3693,-0.5992,-0.41207,-1.1488,0.55487,-0.32162,0.1282,-11.363,-2.2009,-0.64651,-2.5641,-0.75071,-2.4519,0.4848,0.39334,0.035103
9,9.6662,-0.87547,1.2318,-0.60065,1.0297,-0.30139,-0.71512,0.48894,-0.42219,9.8635,10.173,2.1904,0.47049,2.8146,-1.8341,-0.17244,-0.6319,-0.64534,5.7823,-9.345,1.4119,-0.36889,0.31671,-1.8076,-0.41442,0.84052,-0.006555,-10.391,-4.8673,-1.4034,0.48261,-0.20748,-0.78535,0.67036,-0.51247,0.4688,-9.8986,1.7252,-1.9942,1.6173,-0.37875,-0.53252,0.64478,0.74477,0.01323
2,11.876,-1.2212,4.5934,-2.997,-1.5137,0.18646,-0.8661,0.04392,-0.51766,-1.9098,13.698,-1.2331,-1.1983,-1.8038,-1.9105,0.12636,-0.74284,-0.27183,10.606,-8.7552,-3.1339,-0.87945,1.7446,-4.0452,0.2491,1.0808,-0.36469,-10.991,-4.8436,-2.2483,1.166,0.10133,2.9123,0.72544,-0.21288,0.36804,-11.133,1.895,-6.9244,0.14943,0.21817,0.092509,0.85026,0.63779,-0.091003
2,6.8619,-0.044906,4.5738,-0.79535,-0.51096,0.10037,-0.65519,0.15701,-0.61581,-0.7932,7.5508,3.651,0.92563,-0.92089,1.1567,-0.10095,-0.20039,-0.65411,1.7016,-4.4106,8.5938,0.41863,-0.9529,-0.77863,0.27327,0.63291,-0.91691,-5.4562,-7.8941,-1.408,-2.3289,-0.1637,0.16971,0.25407,-0.74379,0.38374,-17.843,-8.0126,1.9616,-0.61569,0.054815,3.6979,1.0311,0.43303,-0.097614
9,7.6607,-2.5215,1.0013,-0.92825,-1.5459,0.2207,-0.75784,-0.099496,-0.51479,8.1129,5.5313,3.0252,-1.1196,-2.1925,2.2074,-0.25982,-0.68498,-0.4948,-2.1547,0.64602,-9.0529,4.2123,-1.3449,4.9124,0.52902,0.41129,-0.61189,-8.2414,-1.9776,-3.5955,0.8769,-1.1608,1.1608,0.63411,-0.60527,-0.23744,-13.471,-7.2332,-1.9648,0.39011,0.67251,-2.4187,0.75029,0.016788,0.50787
7,9.1054,-0.50681,0.296,0.063239,-0.99404,0.23,-0.86219,-0.076408,-0.45623,2.6532,1.6855,8.1221,0.09708,-0.23755,-0.060492,0.29708,-0.22228,-0.87459,3.0385,-0.63416,9.1501,0.31693,-0.10854,-0.26929,0.25747,-0.18023,-0.89382,-1.9149,9.8287,-1.9377,0.10813,0.089457,0.47025,-0.25521,-0.92432,0.032452,-1.7404,-8.5869,-5.2391,0.22364,0.33177,-0.31321,-0.30517,0.75192,0.53491
5,8.7658,0.97563,5.0994,0.82936,0.43184,-0.10714,-0.62371,-0.22325,0.10139,4.0736,7.0278,5.6402,0.26393,0.31979,-0.33211,-0.83446,-0.46162,-0.25907,5.5404,-5.2621,6.3683,0.014578,-0.081957,-0.21535,-0.81584,0.16802,-0.60355,-5.5095,10.295,0.50505,0.77346,0.23411,-2.4474,0.36952,-0.39297,-0.26259,-1.9756,-9.8281,-0.26591,0.41552,-0.089077,-2.47,0.28841,0.48051,0.13278
6,9.5109,0.40536,2.4855,-0.3918,-0.072737,0.30458,-0.92838,0.29905,0.16516,2.3831,1.3291,9.6836,0.00427,-0.21555,0.012287,-0.84759,-0.03022,-0.72992,1.3226,-0.85907,9.6433,-0.032009,0.15038,0.096024,-0.5901,0.53648,-0.73827,-7.2203,7.14,-1.833,-0.84831,-0.31917,1.7344,0.59986,-0.38359,0.27635,-8.793,-7.9441,-3.0445,-0.7785,-0.47322,1.5168,0.67669,0.43756,-0.1021
1,6.347,0.64438,2.1627,-0.15926,0.47302,0.053497,-0.76948,-0.18632,-0.68499,1.4858,6.4759,6.0381,-0.3227,0.038454,0.48219,-0.17509,-0.82707,-0.72082,2.7946,-5.0168,6.3519,0.16332,-0.049706,-0.28031,0.049124,0.69078,-0.99719,-8.0417,-3.1981,-1.643,-0.53946,0.080738,2.5425,0.28218,-0.72308,0.072856,-8.4764,-0.81876,0.63672,0.26848,0.35647,1.5329,0.52297,0.56867,0.054545
5,9.5326,0.2572,2.5356,-0.065592,0.088726,0.010761,-0.58311,-0.19528,0.16157,2.345,0.46914,9.5774,0.023466,0.031332,0.007171,-0.25975,-0.17784,-0.25291,1.2536,-1.4595,9.4821,-0.036552,0.047509,-0.04377,-0.60282,-0.10879,-0.53745,-3.7971,11.467,-0.62783,-1.1569,-0.15713,1.1604,0.39802,-0.51604,-0.13846,2.0589,-5.0937,-0.051303,-0.59303,-0.28954,1.4453,0.13424,0.5372,0.27896
7,8.9335,-0.26854,3.8652,-0.072353,-0.60392,0.079465,-0.53505,-0.048776,-0.79113,-4.5667,1.8185,8.5756,-0.30351,-0.10836,-0.19156,0.8015,0.02899,-0.51628,-4.4075,1.2625,8.4039,-0.052542,0.020158,-0.071675,0.62702,-0.37486,-0.5993,2.6819,9.0984,-0.041259,-0.002788,-0.11968,0.062767,-0.68222,-0.63488,-0.21634,3.6072,-8.9331,-0.09702,0.021062,0.003042,-0.046507,-0.77321,0.56953,0.067989
8,1.1121,-0.26993,0.60316,-0.016513,-0.087863,-0.17047,-0.63136,0.45665,-0.27582,-0.091551,3.0839,0.13261,0.71018,-0.34936,-0.28426,-0.41998,-0.35031,-0.56631,-0.90027,-2.5985,-1.1305,-0.09982,0.081762,0.49802,-0.64618,0.070271,0.3846,-0.88001,2.2964,-0.4164,0.52493,-0.031002,0.56218,0.5323,-0.057581,0.44687,-0.17239,-2.9515,0.43594,0.28412,-0.25724,-0.525,0.51904,0.14155,-0.38863
1,7.6407,-0.22221,2.4065,1.4077,0.10617,0.058292,-0.55026,0.21649,-0.77459,1.9286,10.096,1.5674,0.26644,-0.16389,0.14841,-0.24858,-0.43592,-0.51931,2.9816,-4.8595,7.2377,0.25104,-0.533,-0.35539,0.12354,0.68054,-0.87302,-16.283,-0.43722,-1.7831,0.091969,0.63176,2.1505,0.80907,-0.45625,0.15236,-8.0187,-0.58916,-3.2707,-0.5739,0.38782,1.9204,0.94622,0.55816,-0.19454
4,-8.7182,6.5611,5.3685,-0.29309,0.83208,0.014246,0.65141,-0.12271,-0.44744,-6.1064,8.0443,-5.8756,0.45201,1.6734,1.588,-0.23638,-0.7933,0.27378,2.1255,-8.5908,3.7689,0.35665,-0.12192,-1.9023,0.11877,0.78117,-0.75922,-12.662,0.97156,2.4209,0.68825,-0.44138,-0.81207,0.68322,-0.14518,-0.14981,-7.2696,-2.4156,-0.66629,1.0008,0.25449,-0.13601,0.36323,0.51151,0.15037
6,9.2842,0.47194,2.8454,-0.95515,0.11867,0.19145,-0.82493,0.2245,0.16814,10.373,6.8237,0.35803,-2.1986,-1.4894,4.0517,-0.70709,-0.061548,-0.40865,-7.4093,5.1055,3.5554,1.3469,-0.03103,-0.09366,0.84074,-0.068867,-0.17723,-6.5062,8.146,-4.4614,-0.24356,0.27348,2.2695,0.55032,-0.35674,0.36045,-8.1459,-7.4254,-7.46,-1.8207,-0.51327,1.6767,0.59707,0.45958,-0.044622
1,13.149,-0.1892,5.0121,0.056396,-0.093906,-0.32536,-0.86903,-0.19712,-0.61981,-3.1298,7.6695,6.3201,-0.3352,-0.60103,-0.84434,0.54839,-0.78837,-0.70157,-2.3005,-8.183,6.5494,0.60026,0.44365,-0.23994,0.57205,0.64705,-1.1595,-12.657,3.52,-0.28362,1.4714,-0.062684,-0.65665,0.63289,-0.36516,0.09312,-8.2308,0.23609,-0.002011,1.5389,-0.79754,0.77268,0.1501,0.67576,0.24917
1,7.5333,-1.2454,0.3285,1.2261,-0.030035,-0.38159,-0.76639,0.1058,-0.43706,8.2047,4.2652,0.64846,1.3985,-0.19253,1.1196,-0.37579,-0.25761,-1.3916,10.455,-1.0111,1.9803,0.16086,1.2084,1.6051,-1.1028,1.0656,0.020792,-8.5261,-0.92504,0.60069,-1.5594,0.58527,-1.3985,0.66386,-0.59972,0.20676,-14.845,0.51691,1.2501,0.4688,0.64814,-3.1207,0.91977,0.79677,0.037024
7,7.6646,0.17111,5.0767,-0.029027,1.2837,-0.3251,-0.48016,-0.14119,-0.82462,0.81189,1.8108,9.8329,-0.45551,0.54563,-0.75121,0.37471,-0.15771,-0.85774,-0.63383,-1.1319,9.8885,-0.4198,0.55128,0.42088,0.44411,-0.14044,-0.8256,-0.46438,10.238,-0.26508,-0.2531,-0.28483,-0.57933,-0.35356,-0.87465,-0.15946,0.9391,-9.6931,1.9404,-0.22485,-0.048184,0.43089,-0.51748,0.80818,-0.1471
6,8.9241,1.0384,2.814,-0.24057,0.031517,0.19667,-0.94622,0.26177,0.11733,1.9877,1.432,9.4486,0.002087,-0.044285,0.19648,-0.8292,-0.056845,-0.74705,1.7667,-1.1957,9.4287,-0.059145,0.19693,0.076759,-0.60557,0.55579,-0.71724,-7.8441,7.6548,-1.9358,-0.81154,-0.33483,1.7928,0.60923,-0.32701,0.30346,-8.118,-7.3213,-2.7759,-0.89867,-0.53179,1.7063,0.65306,0.47778,-0.11561
0,8.5776,0.27921,3.3915,-0.48037,-0.09003,-0.16989,-0.74942,-0.024388,-0.96084,10.056,2.8745,2.1905,-1.5433,0.42112,-1.2088,-0.85427,-0.80535,-0.37429,9.3822,-2.9565,2.4174,-0.028288,-0.46884,-0.80228,-1.7104,1.5126,-0.17967,-14.546,-3.9606,-2.5805,-0.18558,0.47153,2.5719,0.38524,-0.59146,0.38842,-9.7468,3.8714,-2.6066,-0.026695,-0.22581,1.6894,0.46824,0.63852,0.2615
3,8.3377,1.2432,-0.72119,-0.45196,0.36824,0.16206,-0.87418,-0.099208,-0.40738,5.9367,3.9972,5.7924,-0.16106,-0.018788,-0.42062,0.20716,-0.48867,-0.24807,6.7683,-4.0283,6.0329,0.17599,0.23036,-0.10537,-0.34622,0.4055,-0.65712,-9.8006,1.7458,-0.69678,-0.30303,0.024601,1.1621,0.89587,-0.13187,-0.26589,-8.2519,-3.4712,-0.66206,0.096933,0.12341,1.0918,0.6444,0.78034,0.5034
5,7.9644,0.57574,5.083,-0.31042,-0.20752,0.22442,-0.6417,-0.12996,0.013873,6.4952,4.6547,5.5999,0.050961,0.19247,-0.05641,-0.89425,-0.030998,-0.14439,6.478,-4.3727,5.5952,0.01381,-0.035874,0.30357,-0.81888,0.013429,-0.62534,-3.8148,12.377,-1.9368,-0.99008,0.45288,1.8549,0.38737,-0.52085,-0.021555,2.4711,-6.3087,0.92603,-0.83765,-0.075371,2.2164,0.09196,0.61211,0.11671
0,9.5481,-1.4583,0.46907,0.95328,-0.18358,0.18328,-0.68298,0.1004,-0.58947,7.8232,2.355,1.9549,-0.29047,-0.80727,1.2211,-0.11028,-0.2414,-1.0269,10.589,-3.3199,3.2928,1.2467,0.8686,1.6733,-1.7301,0.98676,0.18587,-13.147,1.2071,-1.8697,-0.76436,0.3382,-1.0069,0.44639,-0.61023,0.29325,-18.701,5.2571,-3.5277,-0.99292,0.53084,-2.1285,1.033,0.62303,-0.12803
6,8.3122,-0.638,3.5257,0.058455,0.16116,-0.067257,-0.87351,0.19452,0.12486,0.54826,2.8739,9.1559,-0.011351,0.064223,-0.020863,-0.3839,-0.065744,-0.67775,0.6643,-1.6096,9.9772,0.04541,0.040778,0.093931,-0.47294,0.45759,-0.59453,-1.2557,1.6601,-0.061266,1.0599,0.50659,-0.84267,0.69041,-0.29695,0.17054,-7.3735,-8.3086,-3.3569,1.0248,0.40343,-0.87643,0.63994,0.3179,-0.20641
8,35.596,-2.8749,11.609,-0.18544,-0.23948,-0.012596,-0.47611,0.008314,-0.6344,39.504,-0.94906,3.5929,2.3972,-0.23027,0.95591,-0.49079,-0.34292,-0.45026,40.08,-2.8329,7.0728,-4.6855,0.32427,0.1796,-0.48007,0.26793,-0.48255,-32.873,-18.952,8.9466,0.17867,-0.30479,-0.91422,0.62453,-0.36654,0.018569,-28.402,19.151,0.52482,-0.005008,-0.1902,0.74407,0.61316,0.30488,0.30462
7,6.6263,1.2501,6.4163,0.060984,-0.66568,0.030322,-0.30302,-0.20658,-0.89529,-2.5504,2.616,8.6717,0.67908,-0.57001,0.8932,0.53538,0.12758,-0.80778,-2.1632,-2.3186,8.301,-0.87637,-0.82167,-1.1039,0.31131,-0.086412,-0.90144,-3.6645,9.0574,1.6739,-0.075554,-0.025738,-0.085624,-0.16935,-0.90982,-0.26252,-3.129,-9.3801,1.2943,0.077885,-0.048182,0.11046,-0.21865,0.94896,-0.009007
4,10.988,-2.0091,1.4526,1.2617,0.33711,0.1812,-0.98554,0.10345,-0.27634,-2.7391,9.0285,2.9669,0.008339,0.53214,-2.7003,0.19259,-1.17,-0.72188,-8.4135,-6.2227,3.1752,0.42833,-0.44345,2.4547,0.52006,0.38924,-0.62485,-11.023,0.35831,-2.1255,-0.10285,0.15758,-0.64803,0.49426,-0.34136,-0.041603,-14.37,-4.121,1.2001,0.62435,0.96945,-2.6235,0.37416,0.31165,0.12223
2,3.1424,-3.371,0.2,-1.6308,0.96809,-0.003135,-0.88106,0.14851,-0.51695,4.2843,3.5259,0.87251,-0.11211,-1.7599,-0.60979,0.24837,-0.75153,-0.38991,-8.2381,-4.8531,1.7346,-0.16554,2.0572,-0.11866,0.00128,1.2378,-0.065984,-3.6924,-8.7897,-1.9554,-0.1334,-0.25231,0.29484,0.51134,-0.49575,0.46029,-16.39,-11.386,2.3164,-0.077988,-0.37807,4.0754,0.99482,0.23275,-0.088999
5,10.209,-1.5414,3.3323,0.63003,0.31801,-0.13081,-0.61818,-0.10379,0.091406,6.2852,5.9494,5.1,0.025698,0.023277,-0.28481,-0.88772,0.01995,-0.23882,5.7152,-6.4578,5.1311,0.13429,-0.31516,0.013088,-0.80999,0.20335,-0.62763,-7.5672,16.539,-1.7352,0.62852,-0.072668,-0.073368,0.56622,-0.35466,-0.092946,5.381,-0.48329,-0.31123,0.19366,-0.10097,-1.0758,0.036083,0.56456,0.2548
3,8.922,-1.2044,0.74088,0.092392,0.27884,-0.055651,-0.8953,0.068452,-0.53639,2.261,7.267,6.0565,-0.27367,0.96083,-0.85874,0.64222,-0.32973,-0.024782,-0.080286,-6.5082,6.3388,0.063342,0.23251,1.0263,0.52723,0.46114,-0.52477,-9.8914,0.15198,-1.3199,-0.56253,-0.045743,-0.81544,0.71305,-0.43759,0.12026,-9.2345,-4.0202,-1.09,-0.59758,0.095764,-1.2457,0.57699,0.6771,0.17136
9,9.159,-0.54552,2.9458,0.341,-0.40179,-0.13548,-0.59893,0.17307,-0.77288,-2.4531,8.7392,3.5696,0.25029,-0.075117,0.12003,0.726,-0.65355,-0.22411,-3.2339,-6.5737,7.2566,0.28963,-0.4379,0.29031,0.76246,0.44471,-0.39448,-9.4251,0.30263,-2.8338,0.067548,0.058503,0.16561,0.76633,-0.60007,0.35234,-9.3671,-3.2632,-0.11046,-0.41691,-0.000765,0.01459,0.64031,0.85498,-0.018132
6,8.6486,0.66036,5.1147,0.60531,-0.22133,-0.16254,-0.91828,0.29249,-0.073384,3.0646,7.0528,5.53,0.11503,0.17833,-0.1331,-0.82113,-0.39486,-0.54232,2.6527,-2.6469,8.0064,0.66593,-0.49398,0.098945,-0.74132,0.57597,-0.59842,-7.8178,6.1228,-0.056274,0.6438,0.85127,-2.2214,0.65903,-0.38857,0.17425,-8.6603,-8.4051,-5.1745,0.64047,0.1798,-1.8028,0.67427,0.50574,-0.086682
7,9.7015,-1.2478,-1.2951,-0.056672,-0.081921,0.11694,-0.87509,-0.047123,-0.41738,3.6317,3.0421,7.9977,-0.084286,-0.056446,0.27829,0.19999,-0.40977,-0.81949,2.7176,0.43181,9.2949,-0.19935,-0.010622,0.041298,0.32158,-0.24975,-0.84049,1.4917,9.771,-0.2916,-0.10812,0.006102,-0.15171,-0.61625,-0.69954,-0.21901,2.2416,-9.0664,0.23233,-0.09025,0.10553,0.22023,-0.7187,0.64508,-0.008303
3,7.3091,1.5477,0.70856,-0.88222,-0.19224,0.25276,-0.77027,-0.30826,-0.47723,4.8498,7.2762,-4.2795,-1.1632,-1.0914,-0.96167,0.53716,-0.47881,0.88644,7.8742,-4.9108,6.5247,1.1347,0.26485,1.439,-0.11075,0.55765,-0.56149,-6.7839,5.7534,-3.1103,-0.47336,0.66117,1.4279,0.69056,-0.62826,-0.15885,-7.6077,-2.9797,-4.2301,-1.2002,-0.57675,0.58148,0.70996,0.15513,0.68288
8,15.206,-1.0481,-2.7921,-4.0132,0.045462,0.020491,-0.7998,0.43341,-0.1059,11.63,11.518,-1.0589,-0.76088,-1.4501,0.12886,-0.61877,-0.10539,-0.31685,9.9829,2.6527,0.66434,0.51014,1.3958,1.0824,-0.71444,0.2203,0.26119,-11.411,-0.89945,-3.3464,1.3217,-0.35645,-1.6036,0.55871,0.070063,0.50272,-9.1416,-12.963,0.1574,3.7978,-1.4099,2.178,0.64171,-0.029961,-0.30215
9,11.38,-0.50471,0.45663,-1.7267,-0.37658,-0.85413,-0.78216,0.36224,-0.2377,-2.6205,7.851,-15.468,4.2323,-3.5614,5.7928,0.62897,-0.55909,-0.094525,-0.74712,-10.376,-5.2821,-1.9995,-4.1836,0.79538,0.5671,0.66267,0.007054,-10.512,-1.5949,-0.13354,2.6749,-0.31584,0.75023,0.84712,-0.31781,0.053819,-14.272,-1.2301,-3.386,-0.67951,0.55274,-0.80571,0.60238,0.57184,-0.31385
7,7.136,-3.2663,4.9959,-0.28855,1.1871,0.48255,-0.54019,0.26269,-0.88261,0.76634,4.3801,5.5609,0.76953,0.10269,-1.2997,0.59191,-0.25549,-0.71073,3.8727,1.1616,13.918,0.49539,0.65116,0.96574,0.3691,-0.32167,-0.81589,-1.0008,7.3518,2.9677,-0.5922,-0.42396,-1.0002,-0.40415,-0.82157,-0.29006,0.60131,-9.9962,-0.29905,0.23006,-0.37062,0.9337,-0.49728,0.81001,0.20635
3,13.825,-0.98102,0.85095,-0.11444,-0.24414,1.086,-0.78169,0.047262,-0.55737,0.24773,3.677,8.9973,-0.78755,-1.874,1.4148,0.25782,-0.25428,-0.74098,1.2738,-3.3871,12.748,-0.37829,-0.71922,0.44684,0.204,0.17475,-1.0061,-9.7706,3.2416,-0.48557,0.75668,0.53392,-1.7354,0.70357,-0.59342,-0.363,-14.602,1.8809,1.3649,-0.58438,-0.037578,-0.47731,0.68793,0.39372,0.48334
0,8.637,-0.47724,2.7154,-0.36433,-0.19792,-0.21297,-1.0437,0.094648,-0.59321,3.2102,7.1979,5.2394,0.043124,0.57196,-0.33692,-0.43414,-0.62559,-0.80515,1.9802,-6.408,6.8348,-0.002808,0.29476,0.10477,0.086789,0.93189,-1.0075,-9.091,-0.13147,-1.4441,0.80373,-0.24855,-1.0898,0.51816,-0.46716,0.36259,-5.7414,4.4197,-1.3996,0.030556,0.18042,0.63754,0.27434,0.72631,0.18301
8,25.151,-5.9478,4.6672,0.3906,-0.4108,-0.18475,-0.72747,-0.34083,-0.30378,18.248,6.7661,-0.38884,-1.0161,-0.78482,0.83797,-0.40699,-0.59548,0.35574,18.643,-8.953,3.6683,2.0211,0.6617,-0.22317,-0.3397,0.071526,-0.71602,-26.482,4.8616,-5.063,2.1107,3.4656,-1.4048,0.50857,-0.40099,-0.39756,-30.535,-15.228,-2.1678,0.001466,1.6024,-1.109,0.42506,0.19764,0.61565
0,9.8644,-3.9349,0.94097,1.0963,-0.40038,-0.034027,-0.76019,0.31513,-0.60603,11.711,4.3895,4.2051,1.1369,-0.026075,1.6458,-0.39276,-0.22775,-1.0083,12.686,-2.5778,1.5702,2.0977,-0.046172,1.4975,-1.2633,0.55608,0.13056,-10.421,-2.4943,-1.8116,0.056872,0.16154,-1.3436,0.82743,-0.56812,0.24871,-15.797,1.5614,-0.49066,-2.0345,-0.15268,-2.4054,1.0719,0.73609,-0.14372
3,9.4808,-0.40101,2.0325,0.19229,-0.21387,0.072166,-0.68033,-0.087576,-0.6597,1.7257,6.074,7.7981,-0.24096,0.73687,-0.969,0.90814,-0.13986,-0.24695,0.74749,-4.5566,9.0346,0.041913,1.2091,0.76551,0.25484,0.17033,-0.6546,-9.7379,-0.71932,-1.6034,0.005993,-0.099118,-0.33943,0.89443,-0.11905,-0.39159,-7.4454,-6.7178,0.50071,-0.60329,-0.31178,-1.6811,0.52008,0.84008,0.21537
4,9.1223,-0.97757,4.2942,-1.2873,-0.30564,-1.0803,-0.69635,-0.11909,-0.54749,-1.9615,10.858,2.6584,-0.43159,-0.47689,-1.1549,-0.036457,-0.7456,-0.58027,1.8375,-7.613,4.097,-0.33071,1.0912,1.4237,0.34912,0.72446,-0.61881,-12.795,-2.7448,0.38365,0.7207,-0.43501,2.4209,0.50661,-0.22612,-0.1877,-14.299,-1.2134,1.158,2.1059,0.018634,1.7573,0.5753,0.36857,0.1448
1,12.043,1.5642,2.2577,-0.12453,-0.13005,0.41314,-0.77521,0.1051,-0.38602,9.4216,1.2463,-2.1195,-1.2962,-0.62789,0.80957,-0.30758,0.75247,-1.6581,7.8654,-2.7144,5.0895,0.22555,-0.26217,0.080346,-1.1155,0.47321,0.014484,-13.434,15.475,0.52835,-2.0521,-0.084406,0.2456,0.43417,-0.76883,0.21867,-12.108,-2.0841,-1.2417,-0.23578,-0.29393,0.94727,1.1007,0.32429,0.065744
4,11.207,-1.5758,2.5878,1.212,-0.56242,0.054569,-0.77246,-0.010797,-0.46213,0.26582,6.8029,6.6227,0.098966,0.31497,-0.4385,-0.20148,-0.64255,-0.76179,-2.0901,-8.4342,7.3618,0.21356,-0.056179,0.032465,-0.011686,0.41852,-0.93518,-11.57,0.3289,-2.4083,0.31976,0.077334,-1.3867,0.56059,-0.25765,-0.073606,-10.63,-3.1792,-1.0908,0.39109,0.50338,-1.5313,0.43629,0.32899,0.19442
1,7.2548,-2.9252,2.71,0.094362,-0.26954,0.090616,-0.6787,0.24627,-0.67565,0.3838,9.8452,2.1219,1.5228,2.063,-0.44447,-0.14708,-0.52172,-0.52079,2.4743,-6.1021,6.5194,0.22773,0.77846,0.030344,0.17004,0.78596,-0.75378,-7.3095,-5.3324,0.11463,-1.932,-0.25772,2.2882,0.37361,-0.82619,0.012075,-8.9029,-0.2285,-1.6918,-0.73021,0.17735,0.74591,1.0799,0.42523,-0.10689
4,13.079,-1.5036,3.7318,1.0625,-0.18198,0.76487,-0.74158,-0.12582,-0.48774,-0.13183,8.1754,6.811,-0.2906,0.50672,-0.97186,-0.041193,-0.78324,-0.61951,-2.3205,-10.162,4.8705,-0.12233,-0.066311,0.22347,0.36222,0.57595,-0.67257,-13.463,0.49579,-0.39859,0.095583,0.19051,-1.4813,0.59735,-0.25412,-0.13649,-13.18,-2.9623,-0.09784,-0.21601,0.12591,-2.5665,0.45282,0.41152,-0.006648
9,11.963,-0.99004,1.7017,0.009331,0.23788,0.82338,-0.95712,-0.30248,-0.14891,8.8347,5.7933,1.5425,0.72838,1.4241,0.60932,-0.66955,-0.64698,-0.10142,8.3815,-7.1825,7.8288,2.2071,1.8216,3.4302,-0.1575,0.32677,-0.90478,-11.812,3.9243,0.19955,-0.59228,0.61127,0.45763,0.9467,-0.22043,-0.29563,-9.7607,0.035346,3.273,-0.89023,-0.7607,-0.16253,0.80322,0.52547,0.25983
7,9.3838,0.86156,-0.89613,0.46012,0.23417,-0.011186,-0.85465,-0.17888,-0.40809,3.035,4.1854,8.364,-0.009487,-0.57506,0.89878,0.22254,-0.28458,-0.87301,5.4013,-1.7493,8.1263,0.32993,-0.17406,-0.070969,-0.035417,-0.073821,-0.93178,-0.33702,9.2604,1.1515,0.049431,-0.018859,0.28888,-0.45564,-0.80616,-0.26117,0.52663,-9.2687,0.32033,-0.15329,-0.052429,-0.45241,-0.54734,0.80024,0.060861
4,12.14,2.1857,0.47823,-2.1232,-0.55357,-0.321,-0.82381,-0.18676,-0.28493,-3.0878,8.0451,4.5222,-0.40154,0.22948,-1.3062,-0.010841,-0.68162,-0.83043,2.1586,-7.0564,5.3418,-0.30251,0.64721,1.5766,0.10466,0.51017,-0.93483,-14.309,-2.8967,-3.4639,-0.97607,0.43243,2.4971,0.58791,-0.3145,-0.057985,-13.113,-2.8747,-2.4569,-0.39282,-0.47494,1.2661,0.57149,0.26511,0.2452
6,9.587,-1.2491,2.7804,-0.30524,-0.013566,0.1765,-0.84606,0.3666,0.17093,0.91785,4.569,8.9417,0.23805,-0.05861,0.044647,-0.50512,-0.033185,-0.77686,0.39396,-0.57733,10.253,-0.096129,0.12776,-0.13226,-0.41,0.48276,-0.68042,-7.1579,7.3487,-4.096,-0.99494,0.15566,1.8945,0.43287,-0.3021,0.49861,-8.6035,-7.0525,-0.95639,-0.53785,-0.12642,1.8744,0.57873,0.26151,-0.41524
1,13.893,-3.492,-5.4438,1.7081,-0.68429,0.43628,-0.83051,0.19315,-0.13584,9.0203,3.2113,4.5446,-0.20614,0.075823,1.5021,0.69242,-0.36192,-0.19707,9.495,-0.22043,3.257,0.015114,-0.81457,-0.31155,-1.6758,0.31198,-0.66002,-7.4035,-2.1055,2.392,0.65242,0.62729,-0.87875,0.37409,-0.85838,0.073333,-11.51,-5.5361,-1.1195,-1.2141,-0.64454,-0.59878,1.0993,0.23197,0.039669
8,11.69,-3.6623,-2.6093,0.4704,0.44539,0.32668,-0.62395,0.35023,0.38684,13.212,6.0182,1.1819,-1.2773,0.4854,-0.53008,-0.65571,0.18941,-0.19451,8.5711,-0.26462,7.0732,-1.3168,-0.29675,0.22255,-0.75156,0.32467,0.17761,-15.37,5.9003,-5.2545,1.6424,-0.41143,-2.4112,0.68045,-0.00231,0.70716,-16.94,-4.6101,-0.27277,0.66749,0.028186,2.5286,0.652,-0.1512,-0.33468
4,11.145,-0.17222,4.9868,0.91934,0.12644,0.26218,-0.72863,-0.27437,-0.49012,-4.2288,5.4567,6.8771,-0.2331,-0.63333,0.81931,-0.075497,-0.58896,-0.70772,-0.063281,-7.9555,6.6246,0.11859,-0.29486,-1.0724,0.29594,0.36108,-0.92339,-11.843,0.43808,-0.47609,-0.13029,-0.22737,-1.7544,0.65475,-0.12986,-0.13831,-9.75,-2.9714,-0.75452,0.52367,0.2618,-1.5709,0.38359,0.36906,-0.068549
2,29.193,-7.1816,-10.347,2.7353,3.6949,0.31693,-0.93095,-0.009802,-0.47927,4.7064,12.788,-5.7852,1.0762,-0.27032,0.57088,-0.74625,-0.73984,-0.16696,5.4477,-4.6212,6.0051,-4.7918,0.22018,0.7345,-0.57383,0.34108,-0.99404,-26.72,-15.314,-1.2191,-1.6785,0.35298,3.7605,0.66056,-0.63721,0.053962,-18.795,1.2271,1.4794,-2.8385,-1.7717,4.6858,0.9731,0.49794,0.097308
8,13.99,-3.3787,5.2708,-0.17435,0.42487,-0.004059,-0.71729,-0.34181,-0.33437,17.008,5.6205,0.87901,0.75138,-0.22912,-0.57712,-0.41948,-0.5993,0.34168,15.638,-7.5984,6.5917,-0.35699,-0.32877,-0.045002,-0.31888,0.11603,-0.72651,-19.51,-1.2606,-1.465,-1.2388,-0.51651,-0.015254,0.52395,-0.39284,-0.3949,-16.65,-6.6611,3.1176,1.1447,-0.65485,0.69994,0.43174,0.22643,0.60329
6,9.5231,0.72284,1.406,0.32242,0.46174,-0.47148,-0.78793,-0.040916,0.34009,1.2198,1.7036,9.3648,0.22423,0.16986,-0.048345,-0.42861,0.021779,-0.64955,0.54809,-1.1437,10.008,0.1684,-0.4237,-0.10469,-0.4618,0.46682,-0.60628,-13.923,3.7115,-4.0248,0.93368,-0.21007,-2.5606,0.65581,-0.001427,0.2497,-7.8114,-9.1799,-1.2221,0.49018,-0.11356,-2.3379,0.57193,0.48605,-0.19567
8,4.9485,0.39648,1.2565,0.40655,0.12438,0.023682,-0.79899,-0.32434,0.17711,4.9457,2.4229,3.5349,0.19426,-0.47061,0.62283,-0.68512,0.093328,0.3666,7.1187,-0.92327,3.8366,-0.55509,-1.7725,0.34927,-0.59714,-0.39833,0.007987,-5.174,0.22159,-2.1528,-0.086076,-0.3534,-0.95091,0.47368,0.18789,-0.47303,-6.7801,-0.003791,-1.4254,-0.63833,-0.56485,0.897,0.45696,-0.38664,0.45272
2,9.8391,4.6836,8.1266,-3.9978,-4.5581,-0.023801,-0.68006,-0.33711,-0.75053,-12.172,16.93,0.26424,2.3155,-3.049,-1.9655,0.53794,-0.82565,-0.20201,6.5396,-24.107,3.6786,-1.7095,2.33,-3.6114,0.23915,0.94551,-0.68526,-19.973,-5.3229,-3.718,0.83715,1.3574,2.8463,0.60147,-0.35675,0.063953,-26.891,13.696,5.1653,-4.1845,0.2798,-0.91266,0.3334,0.63526,0.10434
8,6.5142,0.1074,-2.9931,0.074995,-0.036283,0.13198,-0.59699,0.36809,0.43941,9.1057,-0.84845,5.8727,-0.004827,0.23026,-0.93784,-0.66143,0.14831,-0.28833,4.8847,-1.7362,3.3552,2.545,-0.90081,-0.1578,-0.76552,0.28496,0.23517,-7.3235,1.7473,3.2664,-1.6881,0.45508,1.5709,0.68957,-0.043368,0.76496,-7.2409,-2.0409,7.5792,0.35475,-0.93737,-0.85805,0.66787,-0.24017,-0.36185
7,8.4822,0.54126,-5.16,-0.009445,-0.86761,-0.33933,-1.1444,0.23269,-0.1759,3.599,7.4366,6.6369,-0.084534,0.45979,0.33553,0.27885,-0.61182,-0.64616,6.3207,-0.030758,8.9178,0.17403,-0.11004,-0.56519,0.058099,-0.22639,-0.90019,1.8745,9.3909,1.543,-0.014228,0.055717,-0.17139,-0.71228,-0.60351,-0.23166,1.9219,-8.8927,-2.4643,-0.10677,-0.026495,0.10028,-0.70584,0.64818,0.13069
5,6.8134,0.37679,7.2098,-0.14777,0.014322,0.03397,-0.6553,-0.19835,-0.10541,4.7026,7.2741,-4.4988,-0.066878,0.012269,0.15647,-0.75524,-0.33362,-0.11821,5.479,-8.2047,1.6352,-0.079017,0.076054,0.075181,-0.87609,0.3932,-0.66353,2.0958,4.5671,0.31835,-0.11235,-0.35648,1.6966,0.18051,-0.56142,-0.38151,-3.012,-10.786,-6.6692,-0.13173,-0.62946,1.229,0.31968,0.28717,0.31697
3,10.707,1.309,3.2591,0.052613,0.15541,0.041101,-0.6803,-0.16614,-0.64431,-0.49482,6.3877,7.1951,-2.1652,1.0089,-1.8245,0.28738,-0.31685,-0.50206,1.3563,-2.7879,7.9054,2.7564,0.91971,1.1305,-0.012092,0.11666,-0.93625,-9.5897,1.16,-0.25637,-0.66018,0.002983,1.446,0.83881,-0.35675,-0.39108,-10.088,5.0566,-1.8226,-0.59815,-0.19827,1.8185,0.76793,0.38022,0.46689
7,8.6533,0.050073,4.1271,0.53993,-0.16247,-0.16272,-0.50929,-0.086081,-0.81276,0.074942,10.934,-0.87989,-0.50898,1.4526,1.3135,0.5351,-0.7679,-0.15193,1.0899,-4.4529,8.4976,0.77316,-0.59596,-1.5284,0.4348,-0.005254,-0.85301,1.4662,8.7346,4.0187,0.030523,-0.16356,0.55053,-0.62409,-0.61782,-0.39949,-0.52159,-9.2556,1.0368,-0.12951,0.15061,-0.56549,-0.47203,0.85294,-0.008952
1,7.3593,-1.3161,1.0959,0.36318,0.14389,-0.21839,-0.76692,0.094828,-0.43585,8.4909,-0.42003,2.7318,0.14902,0.57332,-0.85646,0.55721,-0.3881,-0.28984,8.7221,-2.2395,3.5817,0.034484,0.060643,0.21621,-1.5276,0.60367,-0.73831,-8.8404,0.96834,-2.5724,0.25056,0.074631,-1.3978,0.78794,-0.47585,0.30517,-9.697,2.2885,-2.771,1.1837,0.95757,-2.1402,0.84569,0.91637,0.073466
8,2.6943,0.25112,0.96337,-0.11374,-0.19783,0.01378,-0.65387,0.46589,-0.20837,-0.97213,4.6479,-0.73944,0.52361,0.06695,0.008649,-0.18923,-0.72935,-0.23588,0.17191,-7.7907,-1.4548,-0.90631,0.56296,-0.85514,0.19974,0.31356,0.71079,-0.74024,0.55378,1.4843,0.55389,-0.14981,0.74907,0.46466,-0.059961,0.52442,-0.13788,-1.8938,0.48851,0.28399,-0.30938,-0.69019,0.45967,0.10271,-0.46894
8,24.68,-5.365,3.1758,0.42666,-0.21154,0.057691,-0.72965,-0.35887,-0.22059,33.539,6.4099,-5.67,-0.93418,0.49964,0.42801,-0.3751,-0.58259,0.36785,29.804,-8.3793,1.2855,3.6243,0.21398,-0.24899,-0.40631,-0.041693,-0.63681,-18.228,-15.507,3.7731,-1.115,0.15214,0.62109,0.51235,-0.26169,-0.44609,-23.655,6.7824,1.4925,-0.19314,1.5265,0.63035,0.33436,0.17995,0.68199
5,9.4186,-1.2265,2.0657,0.11518,0.065046,-0.13528,-0.60184,-0.23745,0.16781,0.86769,6.9816,6.4731,0.10065,0.0247,-0.11388,-0.18259,-0.54036,-0.12227,1.1056,-3.3871,9.3062,0.056546,-0.035478,-0.074166,-0.43444,-0.081399,-0.60601,-2.9001,9.7812,-0.58063,-0.32587,-0.24551,1.5591,0.28502,-0.52274,-0.27959,-0.62245,-8.9934,0.038417,-0.40923,0.032383,1.7433,0.1747,0.51503,0.18149
5,7.4061,0.31853,5.0601,-0.18656,0.16216,0.18032,-0.6563,-0.14248,0.0685,4.4451,6.5566,5.6038,-0.048262,-0.10813,0.17639,-0.82271,-0.44755,-0.28625,4.473,-7.7092,4.8191,-0.45387,0.39469,0.16261,-0.72418,0.37018,-0.65213,-0.65029,3.5101,0.59566,-0.37631,-0.81051,2.8408,0.26034,-0.52438,-0.37127,-5.6611,-18.123,-1.0737,1.0781,-0.33988,1.7509,0.40264,0.26221,0.12592
1,7.129,-0.59184,4.4284,-0.2408,-1.1139,0.008614,-0.64877,0.14088,-0.60532,-0.15481,8.0023,4.8866,0.022716,0.36479,-0.75931,0.076467,-0.17816,-0.62117,0.7014,-6.6357,6.623,-0.10559,0.85266,0.48691,0.44537,0.80469,-0.71001,-9.1502,-1.3502,-2.831,0.63795,-0.25929,-1.1269,0.77779,-0.32468,0.41814,-6.4813,1.4868,-2.0449,-1.8376,-0.085015,-1.5892,0.59112,0.891,-0.25345
6,9.5925,-0.062399,3.0924,0.4191,-0.36957,0.26543,-1.0444,0.42425,0.046807,-1.7301,8.8248,2.6867,0.067304,-0.23222,0.11098,-0.4825,-0.68323,-0.5835,2.1442,-1.1125,9.5222,-0.10739,0.35056,0.039989,-0.59182,0.4266,-0.72459,-10.466,8.1366,0.35257,0.075703,-0.018222,1.335,0.60229,-0.2692,0.2856,-3.8151,-3.6483,-0.73802,-0.65918,-0.5833,1.7317,0.45239,0.62978,-0.3215
0,7.1385,0.028676,4.6441,-0.15085,-0.22289,-0.10742,-0.61123,0.19531,-0.64186,8.5827,1.2515,0.81503,0.10603,0.68784,-1.7957,-0.38324,-0.023958,-0.95565,7.632,-3.1288,2.7373,-0.50329,-0.43451,-1.2713,-0.57825,0.81164,0.40145,-5.2827,-7.5914,0.53353,-0.46327,-0.45872,-0.35967,0.31476,-0.72207,0.36218,-8.5135,-3.6868,-1.107,-0.56873,0.025063,1.4723,1.0577,0.38812,-0.18316
2,15.55,1.9371,2.5076,0.24175,0.67637,0.13373,-0.66583,0.13858,-0.57395,0.77028,9.735,7.9007,0.15062,-0.84366,1.6019,-0.08458,-0.14884,-0.67952,-0.68322,-7.4345,10.025,-0.25384,-1.2359,-0.72973,0.36776,0.73002,-0.79271,-17.417,-7.7646,-2.0509,0.034312,0.49661,3.2324,0.47582,-0.66882,0.42688,-14.997,-0.14863,-9.3191,1.9356,0.57547,3.6574,0.88774,0.65249,-0.075718
8,11.687,0.45619,-5.5045,1.7149,-1.6231,0.027371,-0.64659,-0.069641,-0.023538,-0.59025,-0.55797,0.40903,-2.1389,0.23753,0.9187,-0.47052,0.065316,0.10323,0.46647,0.70088,1.6858,2.8377,-0.84168,-1.1215,-0.45372,-0.1575,-0.004257,-0.007935,0.44703,-1.8484,-1.8137,1.2445,0.405,0.39025,0.18816,-0.020463,-1.7285,-4.568,0.283,1.4814,0.55886,-0.69206,0.40932,-0.15553,0.081598
6,8.3582,2.347,3.469,1.5792,0.40118,-0.836,-0.94968,0.27507,-0.16559,-3.3656,5.5651,7.238,-0.28076,0.077918,-0.56729,-0.22488,-0.40179,-0.85267,0.92272,-3.5583,10.019,0.86221,-0.81837,-0.43522,-0.37893,0.68182,-0.57161,-10.378,10.462,1.0667,-0.088316,0.20572,-1.6597,0.57572,-0.36966,0.26331,-3.9163,-6.1493,-0.41882,0.19068,0.15878,-2.2048,0.4261,0.66109,-0.43912
6,10.014,-1.2939,-0.32391,0.39813,0.040448,-0.62598,-0.96831,0.44754,0.38398,-0.5772,4.8614,8.6571,0.13503,-0.043605,-0.24793,-0.574,-0.25463,-0.88692,-0.41367,-1.0077,9.92,0.17946,-0.16842,-0.10809,-0.48536,0.45743,-0.81904,-7.1952,10.022,-3.3786,-0.034385,-0.66155,-2.2796,0.44494,-0.46734,0.36956,-6.1079,-8.1318,-1.5284,0.008665,-0.18449,-1.9835,0.50883,0.6922,-0.236
6,10.354,-0.47728,2.339,-0.56546,0.10103,0.30293,-0.98869,0.50922,0.1538,-1.0836,8.7679,5.0348,-0.075655,-0.07343,0.074809,-0.53973,-0.57977,-0.62986,0.87236,-1.8659,9.6815,-0.1184,0.055824,-0.024721,-0.51178,0.54996,-0.68304,-9.2669,8.6402,-0.26219,-0.85425,0.21458,2.2125,0.55384,-0.37821,0.31925,-10.19,-6.2883,-0.72501,0.10327,-0.98057,2.6629,0.52366,0.52352,-0.34388
1,13.008,1.0178,4.6973,-0.48165,0.089613,0.044458,-0.66807,0.16834,-0.54749,-1.2878,8.7824,5.8428,-0.008954,0.39987,-0.26509,0.10051,-0.15071,-0.6248,-1.2923,-7.4946,7.6657,-0.10199,0.26504,0.55749,0.56536,0.79682,-0.58749,-7.0598,4.5335,-5.2829,-2.2303,-0.43532,-2.095,0.1694,-0.83345,0.37269,-12.229,-2.0739,-1.4029,-0.18962,0.28148,1.2098,1.0979,0.27645,-0.062754
0,6.9137,-0.15117,3.6312,0.3391,-0.2467,-0.055681,-0.76487,-0.085597,-0.93647,7.9804,3.035,3.2753,1.5122,-0.25907,0.37595,-0.77144,-0.61747,-0.40138,8.3542,-2.0474,1.2651,0.34159,1.1304,1.5505,-0.79936,1.1613,-1.0164,-9.1274,0.66984,-2.6735,1.5767,0.10059,-1.3271,0.50769,-0.56533,0.26246,-9.008,3.6866,-0.50015,1.8737,0.84017,-1.7168,0.38703,0.59928,0.39591
2,-2.7089,0.31412,-1.8784,0.58321,0.19163,-0.15703,-0.86194,-0.026534,-0.51687,-7.9868,0.2584,1.9809,0.062358,0.4288,-0.74852,0.023726,-0.80966,-0.23974,7.8155,7.9342,-2.7869,-0.25711,-2.2259,-2.1725,0.40129,0.86081,-0.5524,-1.1604,18.171,-1.3324,-1.7248,-0.21793,0.4032,0.73324,-0.006891,0.46547,1.4341,-16.776,8.9429,1.9177,-0.55109,1.6377,0.89542,0.5597,-0.30128
1,9.0416,-2.9034,6.4345,-0.45341,-0.25352,-0.068709,-0.60385,0.35962,-0.71284,0.94316,8.8826,2.0299,0.2066,-0.1689,-0.21449,-0.11692,-0.57897,-0.4892,1.3497,-5.98,7.0927,-0.1081,0.044304,0.27544,0.29111,0.62534,-0.85983,-11.271,1.671,-0.19675,1.1969,0.061186,-0.79229,0.79899,-0.48607,0.20115,-7.7589,-0.013719,5.2951,-0.10176,-0.37754,1.6629,0.57283,0.78388,-0.16856
3,7.3337,-1.0474,-1.2203,-0.24597,-0.003742,0.10061,-0.94473,0.035913,-0.45122,3.1838,8.1577,3.5314,-0.063856,0.36033,0.83686,0.54206,-0.38263,0.15968,1.5142,-6.1367,6.8927,-0.31329,-0.43864,0.13641,0.44248,0.60438,-0.60442,-7.7449,4.2765,-1.5948,0.34399,-0.063826,-1.5369,0.52397,-0.70194,0.13035,-7.3077,-4.4168,0.56066,1.4875,0.22214,-1.671,0.69775,0.62855,0.081088
5,9.2027,-0.96667,4.8138,-0.19367,0.60095,0.13361,-0.65015,-0.072093,0.090879,0.29179,5.3597,8.3067,0.068833,0.15667,-0.093956,-0.23179,-0.38468,-0.29823,0.012236,-1.6331,9.6649,-0.17598,0.25799,0.005566,-0.5263,-0.12154,-0.57988,-3.1432,12.403,-2.1859,-1.1055,0.6006,1.9071,0.36687,-0.53719,-0.021825,1.4134,-6.9446,0.45073,-0.59137,-0.2237,2.3962,0.1379,0.59795,0.13003
3,5.2687,-2.0168,-0.38343,-2.0013,-0.061268,0.43825,-0.76262,0.26795,-0.68911,3.1829,7.9538,-0.50106,0.45397,1.3754,1.8231,0.52438,-0.44536,0.24981,3.7907,-6.1598,5.4444,-0.6682,-1.4852,-0.35465,-0.061708,0.5302,-0.60716,-9.0834,3.1009,2.1644,-1.0533,-0.11783,-1.5221,0.81462,-0.21936,-0.4115,-7.1053,-5.278,-3.2713,0.80849,0.36206,-1.9279,0.8332,0.43354,0.36894
4,8.9841,-0.086627,0.64189,-0.6921,-0.31442,0.43461,-0.85152,-0.11042,-0.27414,3.2595,7.6763,5.8577,0.47047,0.6566,-2.2025,-0.24516,-0.70212,-1.0288,-2.7113,-13.992,3.8634,-0.62182,0.66046,1.5778,0.1666,0.53909,-0.94011,-12.932,0.80142,-2.7041,0.23276,-0.062845,-1.7425,0.63841,-0.1707,-0.005347,-14.911,-3.5988,-0.76639,-0.72037,1.5128,-2.5611,0.50733,0.26067,0.24749
7,1.6996,-0.16947,12.182,0.49708,0.86174,0.22321,-0.2236,0.047729,-1.0133,-2.8979,6.3093,11.171,0.20994,-0.62561,-2.4097,0.57395,-0.058254,-0.7716,0.011447,5.4275,12.857,-0.87367,1.5469,2.5639,0.35927,-0.52499,-0.71445,-0.023213,12.985,5.5472,0.54934,-0.14697,-0.059847,-0.29157,-0.80873,-0.4211,2.3437,-16.543,0.37017,0.43422,0.41792,0.43506,-0.35745,0.89873,0.097234
2,4.1895,-1.4308,2.6303,-0.69333,1.8042,-0.15784,-0.68617,-0.022395,-0.8469,3.5908,5.7475,4.0472,0.43863,-1.0829,0.7906,-0.11467,-0.87651,-0.73664,1.3614,-5.6544,6.8148,-0.027544,-1.2608,-0.085627,-0.022818,0.65487,-1.1253,2.0542,1.3327,5.7914,-0.8836,0.12098,-0.55294,0.13424,-0.72582,0.15091,-10.82,-11.732,3.1722,-0.24469,0.05889,2.793,0.70588,0.28363,0.022261
0,9.8733,1.7141,1.6058,0.007828,0.66132,-0.15121,-0.79397,-0.25205,-0.69864,5.1317,6.7235,5.8824,0.064849,-0.38045,0.048499,-0.47429,-0.80314,-0.74123,5.3987,-3.2845,7.3697,0.01422,-0.16781,-0.75687,-0.31991,0.8022,-1.1358,-12.346,-3.9845,-1.3213,0.85058,-0.39199,1.775,0.55775,-0.43349,0.12537,-10.126,7.6858,-2.9742,-1.2764,0.93733,0.80274,0.33973,0.62443,0.14949
5,9.3587,0.94494,2.3092,-0.12193,0.14793,0.22838,-0.56485,-0.21813,0.19433,2.6425,1.0831,9.6522,-0.073708,-0.098512,0.068058,-0.28949,-0.1859,-0.23408,1.8267,-0.81586,9.2537,-0.095977,0.055554,0.038466,-0.63721,-0.1468,-0.5007,-2.8945,10.721,-0.28712,-0.39912,-0.14367,1.963,0.29856,-0.57107,-0.22594,-2.7732,-9.951,-4.4424,-0.72737,-0.81235,2.019,0.32998,0.39621,0.31296
7,7.4831,0.23555,6.7075,-0.17178,0.10445,-0.058675,-0.32888,-0.040088,-0.90513,-7.6467,2.9311,7.2396,0.062562,0.20424,-0.12041,0.90537,-0.1467,-0.29619,-4.7656,-1.1379,10.174,0.029288,0.14595,-0.40199,0.70878,-0.14651,-0.62477,0.22088,10.076,0.71859,0.22228,0.047874,0.45782,-0.45,-0.80829,-0.24458,1.3211,-10.15,0.653,0.077021,0.01675,-0.46876,-0.57591,0.78075,0.023709
8,13.432,-1.3659,8.0804,-1.2777,-0.092859,0.41199,-0.61598,0.48335,-0.25213,-1.7371,12.675,-1.4041,-2.6112,-0.73037,-0.10668,-0.18854,-0.6618,-0.35168,-0.32076,-11.097,-4.1985,1.2894,-0.29966,0.9619,0.19578,0.48771,0.58091,-14.278,9.1048,-2.7769,-0.27059,-1.1211,-1.1416,0.48092,-0.04913,0.49678,-13.528,-10.12,-0.71649,0.80718,-1.1011,1.1825,0.44539,0.095874,-0.47585
3,-3.751,3.2388,4.1979,1.162,-0.027483,-0.72887,0.57768,-0.1371,-0.77411,3.2646,7.0965,-2.2755,-0.34471,-0.34108,0.97925,0.78228,-0.43988,0.37459,5.3166,-4.613,4.9963,0.21525,0.039662,-0.8534,-0.2367,0.5868,-0.53818,-6.1755,-0.79831,0.6412,1.7776,-0.7837,1.8564,0.83957,-0.10194,-0.46718,-5.0139,-8.0475,0.49744,0.65245,-0.26171,1.6324,0.60719,0.68227,0.58571
8,8.1117,0.88257,2.4145,0.13312,1.1195,-0.1708,-0.63641,0.47946,-0.20557,2.0129,5.2581,2.7047,-0.93451,-0.011601,-0.72182,-0.44022,-0.36837,-0.54376,4.0841,-8.6735,-4.2843,0.74808,-0.31737,0.5026,-0.046778,0.32477,0.70101,-11.098,1.4345,-2.6777,-1.0986,-0.43963,-1.5447,0.47333,-0.020167,0.51726,-12.992,-3.6113,-2.5515,-0.23834,-0.41402,1.9855,0.46728,0.059439,-0.46285
7,2.8976,-3.1208,10.53,0.045522,-0.28421,0.11167,-0.026403,0.24992,-1.0036,-0.35684,2.696,5.4966,0.56573,0.72371,-4.0407,0.38482,0.05749,-0.88443,-7.9981,-1.7839,5.7772,-0.99311,4.0872,0.66909,0.72756,-0.50037,-0.35061,-1.4218,9.9153,1.6611,-0.39594,-0.032523,0.26225,-0.2583,-0.84564,-0.36324,-2.3292,-10.777,1.1804,-0.13642,0.23979,-0.3519,-0.23846,0.93563,0.09087
6,7.7097,-2.1397,4.6809,-0.096601,-0.25285,-0.12378,-0.79234,0.60339,-0.14994,1.19,3.5495,9.1145,0.11805,0.17394,0.038352,-0.64593,-0.033912,-0.8076,-0.11784,-3.1956,9.0449,-0.22795,0.10815,0.13038,-0.34742,0.72394,-0.55686,0.97697,0.75523,1.3321,0.45793,0.34932,-0.12683,0.41465,-0.68832,0.22053,-8.78,-9.9212,-2.0489,0.011675,-0.36309,-0.33537,0.60436,0.48702,-0.37689
4,7.3169,0.94797,2.5392,-2.5142,-0.2952,-0.37634,-0.73858,-0.30689,-0.46003,-4.9358,4.5667,6.2031,-0.17806,0.071894,-2.0269,-0.06275,-0.5595,-0.73519,2.0515,-5.7958,6.6943,-0.021508,1.2342,1.595,0.38691,0.62238,-0.76582,-11.709,-1.8504,-0.54147,-0.54445,-0.23926,2.3286,0.52638,-0.152,-0.1761,-11.621,-2.0358,-1.8426,-0.82674,0.023208,2.4615,0.54281,0.37947,0.1484
0,10.878,-0.62118,1.5629,-0.4637,0.84844,-0.069152,-0.85204,-0.25237,-0.68502,3.7048,6.6235,7.0041,0.50973,0.079035,1.0997,-0.38341,-0.85188,-0.7326,6.1409,-5.8886,5.9462,-0.1622,-0.31046,-0.075667,-0.54007,0.76791,-1.2251,-8.1904,-6.0266,-1.0834,-0.11712,0.68661,-0.92274,0.065917,-0.78779,-0.30403,-10.619,-4.7822,2.1905,-0.9699,-1.2907,-1.2519,0.65717,0.29585,0.15087
4,27.497,-7.6876,0.093975,0.59992,-1.0957,-0.080196,-0.88115,0.065658,-0.43002,-5.0881,5.2472,-2.9767,-0.042208,0.47712,0.6033,0.07421,-1.2361,0.002827,2.5817,-4.4354,5.8649,0.027723,1.3336,1.6618,0.39627,0.62247,-0.70089,-17.5,2.8364,0.38568,-1.1351,0.21123,2.1681,0.40206,-0.4133,-0.12843,-24.737,1.1582,-0.31644,0.89924,0.25338,2.9331,0.50526,0.41839,0.049849
8,18.934,-3.5197,-1.7713,-2.3944,-5.0904,0.40617,-0.91995,0.39221,0.23782,20.045,1.4604,-1.3121,-0.60357,-2.0228,-0.13648,-0.86234,0.43896,0.11534,13.92,-4.2159,0.19983,-0.6151,-1.2553,-1.6476,-0.85963,0.071307,0.4751,-17.57,0.28299,-1.7002,0.34346,2.3313,-0.53414,0.75079,0.32481,0.54225,-26.575,-6.2622,5.8288,0.90001,-0.18094,0.54916,0.82105,-0.15034,-0.5017
1,7.2663,-1.4266,3.6276,0.28483,-0.82009,-0.30463,-0.81129,-0.033204,-0.71348,0.15014,5.4196,7.0366,0.21876,0.801,-0.17674,0.19271,-0.61519,-0.80754,0.51408,-5.1359,7.5647,-0.028788,0.44272,0.2965,0.22448,0.48644,-1.1285,-9.9702,-1.9121,-1.6324,1.1453,0.11372,-1.6832,0.46981,-0.52735,0.077872,-8.5934,0.19157,-0.74617,2.1399,0.57965,-1.8731,0.28635,0.69344,0.056147
1,8.0344,1.3484,-2.2739,-0.008678,0.2618,0.08271,-0.78487,-0.079178,-0.3268,7.934,4.302,3.3843,0.16738,-0.14926,-0.070944,0.89787,-0.12416,-0.35235,9.3185,2.2881,3.55,0.096577,0.32102,-0.08812,-1.6959,0.13851,-0.58174,-11.721,-0.37941,-2.1866,-0.20486,0.088709,2.4166,0.70069,-0.48023,0.25929,-9.4851,-1.1326,-0.80868,-0.70183,-0.13503,1.3526,0.84712,0.73133,-0.097037
8,10.65,-0.93226,1.7075,0.15434,-0.28669,0.023007,-0.78332,-0.32663,0.22068,9.9819,2.8275,2.9914,-0.17626,-0.45278,-0.37095,-0.62482,-0.15902,0.44244,11.289,-1.357,1.0538,-0.29751,-0.30785,-0.052511,-0.57343,-0.41133,0.059097,-10.073,-0.18981,-1.0815,-0.18145,0.039217,0.038917,0.4525,0.19761,-0.43641,-10.773,-1.2862,-0.67762,-0.22796,0.14255,-0.6152,0.46719,-0.32196,0.46577
0,9.3135,2.1924,1.8521,-0.74523,0.10509,-0.21534,-0.62498,-0.009359,-0.62068,9.7642,4.3027,-0.4182,-1.4797,-0.15227,-0.95192,-0.58535,-0.57469,-0.93322,9.1316,-3.1287,4.6052,0.16791,-1.426,-2.3568,-0.72647,1.025,-0.72237,-15.724,-6.1382,-1.6627,0.57287,-0.34737,2.0298,0.72858,-0.40339,0.21776,-12.605,-4.2191,4.2161,-0.43589,0.45081,1.1533,0.92155,0.82336,-0.1742
7,10.459,1.4902,-0.56102,0.057868,-0.54696,-0.041601,-0.69809,-0.24698,-0.60317,2.2904,9.9621,0.32253,0.20217,0.29695,0.1776,0.49224,-0.79766,-0.10736,5.4338,-2.1292,8.4224,-0.046903,-0.1648,-0.052041,0.2734,-0.017843,-0.91786,2.2947,8.3502,3.664,-0.1036,-0.11596,0.078941,-0.70739,-0.57505,-0.31866,0.39627,-8.9591,2.2383,0.28123,0.010237,-0.026658,-0.57444,0.78349,-0.00975
3,10.043,-0.010219,1.4634,-1.4735,-0.24824,0.83077,-0.79086,0.083313,-0.70333,-0.23349,10.58,1.4293,-0.29172,0.11315,3.6176,1.1334,0.69079,0.2094,3.1776,-5.3122,8.1929,-0.5473,-2.0909,-1.0518,0.098812,0.41994,-0.65636,-14.07,2.9657,3.002,1.7112,1.2427,-1.8917,0.82338,-0.39234,-0.38011,-10.876,-0.086051,-0.16975,-0.60128,-0.17252,-0.8538,0.83594,0.21809,0.42779
8,1.6036,-1.075,-0.13386,0.26051,-0.29602,-0.077199,-0.72132,-0.30635,-0.33198,1.0019,2.8792,0.34394,-0.25803,0.2067,-0.40761,-0.37409,-0.60073,0.37038,1.0437,-3.2273,0.60252,-0.13137,0.30386,0.22325,-0.39498,0.14149,-0.65692,-0.52787,4.2289,-3.0893,0.46246,0.63444,-0.18454,0.46563,-0.28697,-0.4954,-0.004753,-3.7693,-2.8475,-0.096832,0.35022,-0.059239,0.47315,0.17891,0.59264
8,8.563,-2.2704,-0.77177,-0.22275,0.038984,0.17132,-0.6155,0.38158,0.36224,9.4778,1.8607,0.64887,0.11694,0.18979,-0.5774,-0.61845,0.18993,-0.24513,10.077,-1.4887,2.0563,-1.2286,1.3963,0.87118,-0.77988,0.17327,0.20379,-9.4039,0.60441,-2.1964,0.33458,0.028237,-0.22047,0.59722,0.1831,0.59081,-9.1948,-1.7464,-1.4943,-0.56353,0.046604,0.14685,0.62155,-0.29395,-0.22233
4,10.769,-2.2655,3.6172,1.3691,0.064384,0.2901,-0.75691,-0.011223,-0.49159,-0.29104,6.401,6.022,0.75191,-0.27605,-0.01238,-0.24818,-0.60282,-0.62963,-1.7416,-6.37,6.1525,0.069745,-0.36323,-0.92185,0.088612,0.35563,-0.98411,-11.714,-0.69972,-2.305,0.53987,-0.14974,-0.96936,0.61867,-0.21649,-0.037091,-8.8174,-3.1459,-0.41602,0.68373,0.41136,-0.97534,0.41708,0.38418,0.15848
7,10.676,1.3158,1.8864,0.015521,-0.10709,-0.067123,-0.53556,-0.21624,-0.75626,4.223,9.5804,0.47845,-0.64316,-0.021738,0.3521,0.44357,-0.81682,-0.1416,5.5691,-1.358,8.3962,0.34709,-0.28863,-0.038487,0.2449,-0.022661,-0.93246,1.8267,8.1377,3.9696,-0.051484,-0.16492,0.1729,-0.70946,-0.53906,-0.36259,0.27641,-9.2269,2.2938,0.21429,0.079569,-0.1291,-0.5858,0.77269,-0.056406
6,10.107,-0.91577,-1.7528,0.49673,0.12093,-0.32635,-0.92375,0.44136,0.43847,-3.1358,6.5524,6.4346,0.1409,0.25828,0.055938,-0.32222,-0.43188,-0.80977,-1.1924,-3.0985,9.6358,0.17301,-0.030663,0.11968,-0.39057,0.56027,-0.72225,-6.8959,9.2781,-3.8536,0.79872,-0.66831,-2.1189,0.44035,-0.51103,0.37106,-6.2457,-9.2851,-2.2506,-0.25162,0.035311,-1.6724,0.55554,0.62396,-0.24634
2,4.9695,-6.4269,-7.4706,0.49712,-2.1202,-0.6617,-0.90678,0.25632,-0.5356,7.1963,6.8244,-5.4684,0.21185,0.46139,-2.3599,-0.72812,-0.50301,-0.2708,9.0617,-3.697,8.7738,0.35984,0.042116,2.6576,-0.34137,0.68027,-0.99452,-41.567,-2.0513,-0.40192,-2.8293,-0.035701,2.4522,0.47562,-0.73977,-0.073329,-18.824,2.3124,-3.6131,0.066124,0.13064,-2.3884,1.0508,0.25225,-0.050513
4,-3.2742,2.1311,1.976,0.050049,-0.19968,-0.49754,0.72409,-0.12416,-0.32023,-8.3763,8.4908,-6.0751,-0.61364,-2.048,-0.76697,-0.26688,-0.62304,0.32332,11.94,-3.6505,4.5005,-0.92336,0.68189,1.005,0.007752,0.82287,-0.74871,-6.5986,0.52846,1.3011,0.7394,-0.023428,1.5318,0.62106,-0.19831,-0.23873,-7.7863,-3.2028,-1.6435,-0.49599,-0.61418,2.319,0.44404,0.45743,0.20285
3,15.774,-5.2645,6.5904,0.35625,0.39787,-0.039362,-0.6817,-0.075405,-0.65514,-0.98726,2.5567,14.01,0.71547,-0.14168,-0.01517,0.3121,-0.25034,-0.90167,-14.152,-3.6476,6.5521,4.9092,-0.12015,-0.3026,0.52357,-0.19174,-0.74911,-13.558,5.3811,-6.0718,0.13123,-0.023895,0.14022,0.80817,0.050001,-0.5618,-9.0344,-1.3996,0.81363,-0.84096,-0.060379,0.85759,0.55745,0.98061,-0.010495
0,6.5385,-0.44764,3.7475,0.17495,-0.12195,-0.12551,-0.77148,-0.069509,-0.93896,6.5273,3.8441,3.1876,0.28062,-0.12494,-0.026178,-0.83458,-0.60043,-0.33863,6.4973,-2.5309,1.1934,0.43331,0.50738,1.1337,-0.74276,1.3022,-1.0237,-9.0019,1.2358,-2.632,1.4536,0.076994,-1.4605,0.50451,-0.53736,0.3016,-6.2965,6.0731,-0.62696,0.72325,0.62032,-1.0264,0.28837,0.65002,0.41852
3,6.829,-0.57038,-1.4455,0.14543,0.000209,0.023092,-0.97553,0.057794,-0.42848,3.1112,7.4841,4.0402,0.033625,0.46311,0.24335,0.52037,-0.34835,0.13384,1.4437,-6.0997,6.5475,-0.22481,-0.19944,0.44086,0.39812,0.52786,-0.53236,-7.71,2.5843,-0.86,-0.13392,-0.1332,-1.0976,0.64988,-0.57217,0.084727,-6.5282,-4.5092,-0.4346,0.2743,0.21426,-1.252,0.66089,0.63774,0.11921
7,8.9152,-0.92628,4.7246,0.31711,-0.44905,-0.10557,-0.47729,-0.12581,-0.81705,2.1085,8.3629,-1.9614,-1.8527,0.6791,0.38123,0.63702,-0.70027,-0.047779,3.8012,-4.9307,7.9632,0.13315,-0.61138,-1.6626,0.42636,-0.028229,-0.86056,2.5359,7.4451,4.3991,0.14056,-0.22766,0.3168,-0.715,-0.53846,-0.36171,0.67061,-9.0828,1.9305,0.28682,-0.23975,-0.25806,-0.59268,0.77094,-0.014796
6,8.1411,2.1148,4.4776,1.027,-0.020399,-0.35714,-0.92369,0.24166,-0.13312,1.2501,8.2173,4.5691,0.10464,0.035765,-0.25029,-0.7137,-0.5495,-0.53158,1.0834,-4.417,8.5006,0.079665,-0.22109,-0.088917,-0.64509,0.67401,-0.56517,-12.285,10.863,0.18402,-0.040628,-0.11773,-1.3367,0.68706,-0.17989,0.21908,-4.3161,-3.9895,-2.6398,0.39109,0.45816,-1.5987,0.57193,0.64674,-0.1046
3,10.764,-0.59405,0.84922,0.79376,0.32818,0.0092031,-0.85954,-0.27382,-0.53311,2.9082,5.6867,3.3229,-0.6095,0.0062381,-1.3913,0.32252,-0.74773,-0.29501,6.7946,-7.2213,4.1847,0.0020446,-0.37477,-0.55001,-0.16676,0.35558,-0.53637,-6.2921,3.4584,-2.498,-1.1226,0.010141,0.46672,0.81922,-0.18803,-0.347,-9.8547,-4.1405,-2.0525,0.34872,-0.026077,0.7317,0.7001,0.061552,0.68975
6,9.6984,-0.68622,1.1306,0.17728,0.11863,-0.22619,-0.765,0.32398,0.26154,1.501,4.0178,8.5456,0.064614,0.035758,0.014534,-0.4434,-0.09634,-0.65735,1.1059,-2.75,9.4566,0.12344,-0.27004,-0.099179,-0.37779,0.60217,-0.51536,-7.8262,7.5971,-4.0589,0.70975,-0.086166,-1.541,0.57258,-0.19512,0.33137,-5.6078,-7.3786,-5.3157,0.4041,0.94492,-1.5662,0.56142,0.57351,-0.013047
6,9.0234,-4.7333,1.8296,0.61983,0.15509,-0.49164,-0.92178,0.58956,0.20957,-0.6201,8.2012,5.0393,0.15349,0.43982,0.033639,-0.5971,-0.57048,-0.66216,-0.055902,-3.1273,9.6876,0.29316,-0.59228,0.15955,-0.43176,0.63618,-0.64029,-8.2102,5.0225,-0.87745,-0.080851,0.28057,-2.6498,0.52466,-0.45275,0.31623,-8.3285,-8.1335,-2.1967,-0.17136,0.53189,-1.4512,0.58579,0.45022,-0.32414
2,-1.6062,-0.96644,-3.5166,0.84892,0.98729,0.2128,-1.1322,0.14309,-0.46182,7.8544,1.6141,-0.41183,0.013244,1.1082,0.8181,0.82169,-0.52022,-0.58432,-11.73,-3.7307,8.2222,0.58049,0.96794,2.7122,-0.24547,1.2536,-0.06022,-6.4934,10.981,0.51483,0.61446,1.2174,-0.38435,0.17237,-0.73659,0.21624,-0.8121,-2.5526,1.9875,-0.1925,0.80591,-2.0185,0.86513,0.31998,-0.006382
5,10.072,-0.29818,1.6345,0.11776,0.044044,0.067882,-0.57811,-0.27454,0.19781,-0.02056,8.0262,5.8481,-0.014898,-0.027821,0.002103,-0.1341,-0.56402,-0.06658,1.0063,-4.2321,8.5393,0.010424,-0.009598,-0.03007,-0.4012,-0.021106,-0.63922,3.2334,4.2166,0.21914,-0.36637,-0.13338,1.3381,0.14435,-0.60789,-0.34102,-3.7869,-17.809,0.43208,-0.77527,0.29757,0.76935,0.26997,0.35641,0.22213
1,8.8926,-1.3324,1.4004,0.14631,-0.25458,-0.48193,-0.79921,0.10921,-0.41314,8.0744,0.19659,5.0672,-0.99329,0.46467,-0.70876,0.56111,-0.25103,-0.35956,8.0213,-4.3497,4.1053,0.18718,0.28088,0.15112,-1.3318,0.83854,-0.83782,-9.4111,0.25559,-3.0036,0.62661,0.138,-1.237,0.83401,-0.32534,0.25695,-8.4052,-4.9908,-0.97416,0.25721,0.96617,-1.2305,0.56049,1.0141,0.012544
4,9.2406,-1.603,4.1779,0.85879,-0.28203,-0.18359,-0.74431,-0.13755,-0.50038,0.98855,8.7402,4.8147,1.2042,-0.20008,0.66743,-0.34535,-0.62509,-0.38033,1.5112,-7.8236,5.898,-0.015466,-0.75205,-1.8741,0.14865,0.67669,-0.75655,-12.401,3.8898,-1.4589,1.0413,-1.0445,-1.604,0.63956,-0.31276,-0.006924,-8.078,-2.9241,-0.80691,0.82585,0.80414,-0.39754,0.38331,0.46832,0.20466
2,-0.54508,0.31742,-1.9111,1.5199,-0.94387,0.75446,-0.76946,0.003842,-0.78049,-4.8894,6.3282,1.9495,-1.1633,0.91745,2.2598,0.82261,0.43258,-0.5548,-6.3001,-7.9672,3.1103,-0.10114,-2.1566,2.4687,0.46938,0.99941,-0.59013,-5.7849,14.181,-13.095,-1.1283,-0.59807,-0.83954,0.18204,-0.69323,0.061987,-8.9426,-2.1546,2.4675,-2.3047,-0.73368,-2.2467,0.68043,0.29363,0.014315
9,2.9198,1.3139,10.328,-2.4699,-6.5198,-0.091845,0.10944,0.013872,-0.98255,-4.698,-5.029,5.1662,2.5793,-0.39267,-0.93152,0.81679,0.52202,0.092763,-12.534,2.0694,0.87991,-2.7095,-0.5938,-0.079855,0.83783,-0.27743,0.36032,-8.553,-2.7836,-1.4053,0.49806,-0.1029,-0.51217,0.91314,-0.51503,0.10768,-8.8022,0.076452,-1.5964,-1.0836,0.048403,0.34636,0.94085,0.55978,-0.011425
7,8.8179,-1.5193,4.4496,0.24407,0.70493,0.23377,-0.58338,0.16106,-0.83511,3.8977,0.31177,8.1702,0.051077,0.10819,-0.4504,0.20459,0.086563,-0.93583,2.6503,-2.2101,8.1073,-0.005328,0.05315,0.4724,0.27257,-0.001917,-0.92578,-1.198,11.055,0.21961,0.42115,0.057112,-0.57398,-0.35755,-0.89375,-0.16851,-0.29772,-10.714,-0.74227,-0.30655,-0.093187,0.59668,-0.45037,0.87028,0.090709
1,11.954,-1.2611,3.2362,0.49511,0.32404,0.032751,-0.83793,-0.024892,-0.72066,13.515,2.8126,5.0729,0.64156,-1.6906,2.4268,-0.66876,-0.63284,-0.20862,13.983,-4.9856,2.5437,0.90494,0.22724,1.7574,-0.37466,1.1948,1.8862,-13.543,3.0742,-2.443,1.2744,0.63317,-1.5621,0.088401,-0.57551,-0.001644,-10.827,-6.6316,1.119,-0.022304,-0.26624,-2.1711,0.724,0.083728,0.12248
0,9.3874,0.72694,3.9119,0.45602,-0.14891,0.008738,-0.55383,0.13893,-0.69183,11.122,0.16506,1.1239,-0.58141,-0.26547,1.255,-0.47863,-0.25535,-1.0502,10.742,-2.8836,2.8263,1.9788,0.52101,1.9862,-0.55667,0.89963,0.33332,-9.6524,-0.11344,-2.8691,0.68046,-0.49723,-1.4457,0.58134,-0.57942,0.35692,-13.967,0.15704,-0.19276,0.48655,0.070313,-2.7665,0.86824,0.65557,-0.12013
6,8.6174,1.1412,5.7052,-0.068282,0.015322,-0.065521,-0.91574,0.28713,-0.14172,1.7479,8.1418,5.1314,0.046604,0.13408,0.010987,-0.77911,-0.53623,-0.48479,0.80748,-4.6214,8.6637,-0.0309,-0.059085,-0.055189,-0.60493,0.69414,-0.58059,-5.1049,4.6834,-0.19769,0.52614,0.76296,-2.21,0.63603,-0.43529,0.17283,-8.8366,-7.8678,-5.2586,0.69653,0.2608,-1.4497,0.69865,0.4513,-0.1099
1,8.457,1.4703,2.2641,-0.90069,-0.55289,0.33943,-0.70349,-0.047018,-0.48366,6.2734,5.6733,5.0326,-0.22806,0.4863,-0.49407,0.90919,-0.074855,-0.12065,7.7153,-1.3826,5.1702,0.095565,0.64465,1.24,-1.24,0.52125,-0.90369,-6.2182,0.092595,-0.61295,-2.1211,0.36484,1.1461,0.27967,-0.83872,0.16823,-9.2368,-0.35388,-1.9622,-0.72013,-0.1807,1.368,1.046,0.31698,0.078976
7,9.5582,-0.78126,1.7741,0.06972,0.78591,0.058011,-0.75674,0.079513,-0.67857,4.4583,-1.6952,8.0478,0.027405,0.11261,-0.15159,0.10841,0.11978,-0.94007,3.1779,-0.92885,9.6798,0.81846,0.077845,0.086797,0.19614,0.038653,-0.93317,0.89272,10.235,1.148,0.20264,0.061505,-0.87152,-0.50767,-0.79368,-0.25705,1.6153,-9.7115,0.50313,-0.082189,0.014039,0.83474,-0.58794,0.78595,-0.00338
3,5.5824,0.70995,-2.6044,-0.0431,-0.30703,-0.029968,-0.95303,-0.1278,-0.15894,5.594,6.4291,4.1219,0.024773,0.30109,-1.1773,0.50427,-0.58003,0.023172,5.5152,-3.9172,5.5122,0.47733,0.49746,0.85258,-0.13332,0.47815,-0.6251,-10.705,5.0633,-2.3838,-0.15855,-0.19923,2.1647,0.88344,-0.27637,-0.17746,-7.1225,-5.435,-2.4097,-0.56473,0.040078,1.326,0.60578,0.69446,0.56353
6,8.4618,0.92055,4.0312,0.4388,0.11932,-0.47363,-0.88954,0.44334,-0.12914,-2.7405,5.3548,6.4432,0.006511,-0.058945,-0.15845,-0.32941,-0.29019,-0.87327,-0.46815,-5.1935,8.8051,0.66001,-0.56173,-0.28353,-0.28559,0.76453,-0.52392,-10.972,10.655,-1.51,0.56686,0.026593,-0.4251,0.59714,-0.26559,0.33161,-0.53668,-0.06196,0.59018,0.31399,0.14444,-1.3566,0.30227,0.69379,-0.50687
6,9.4804,0.36536,4.2667,-0.054961,-0.098578,-0.43629,-0.91211,0.38934,-0.11361,-2.5224,5.8576,8.0494,0.30719,-0.001842,-0.29243,-0.29365,-0.27176,-0.89556,0.00601,-4.8349,8.7127,0.41744,-0.010783,-0.21189,-0.21824,0.77893,-0.4926,-9.8733,9.7472,-0.7621,0.11589,0.13879,-0.13,0.57605,-0.29501,0.31711,0.74174,-0.64024,2.0488,-0.27467,0.35162,-0.44105,0.31466,0.68907,-0.50989
4,11.896,-1.313,3.2863,1.3316,-0.42184,0.23753,-0.71161,0.022106,-0.50204,-2.2059,7.926,4.7868,0.43291,1.3376,-1.3806,0.042941,-0.82919,-0.5532,-5.6594,-6.178,5.5937,0.54571,0.31666,0.41164,0.48876,0.3457,-0.67618,-10.662,-0.52178,-3.418,-0.11846,-0.002039,-0.8736,0.5812,-0.3057,0.11839,-12.601,-7.4348,-1.8768,-0.22776,-0.12348,-2.5965,0.40264,0.46089,0.059115
4,-7.3476,4.1837,4.4215,1.1829,-0.83362,-0.6577,0.61075,-0.13109,-0.4764,-4.4097,6.8139,-4.3478,-0.57703,-1.7582,-1.7426,-0.25413,-0.85716,0.22338,4.0968,-8.12,4.5276,-0.25833,0.45796,1.5131,0.12018,0.79145,-0.68643,-14.174,0.66685,0.62324,0.001498,-0.4547,2.5718,0.5711,-0.23583,-0.22519,-10.468,-3.6134,-2.0217,0.14856,-0.32198,1.644,0.5208,0.39848,0.19732
0,9.7905,0.63692,3.4803,0.14166,-0.025307,-0.017649,-0.60183,0.083179,-0.66685,1.2486,8.164,5.0893,-0.036059,-0.38716,0.43725,-0.06238,-0.24978,-0.64454,2.5281,-5.9989,7.7279,0.15916,-0.633,-0.26954,0.28294,0.73694,-0.85947,-8.7368,-0.80222,-3.6235,0.33524,-0.32093,-1.4715,0.5193,-0.63858,0.31322,-13.668,-1.1788,-0.35273,-1.2812,-0.029243,-2.9204,0.919,0.58697,-0.10783
4,-3.9,3.1735,3.916,0.37797,0.58061,-0.021455,0.60153,-0.29133,-0.52057,2.4162,7.4305,-1.8234,-0.075808,0.46525,0.42069,-0.27561,-1.1476,0.19005,-5.8343,-10.752,3.1302,-0.22863,-0.60476,0.40578,-0.050765,0.72,-0.43367,-6.8221,1.9785,-0.12932,0.38867,0.64019,-1.6766,0.51142,-0.25478,-0.1687,-6.9175,-1.6987,-2.3718,0.50956,-0.059922,-0.65767,0.62926,0.27777,0.13165
2,-0.20336,0.26909,-1.3897,-0.54121,-0.18837,-0.16148,-0.88146,0.13681,-0.40767,-7.1723,0.83757,0.69415,0.046561,0.17656,-0.12091,0.072499,-0.59661,-0.37968,2.8223,4.4561,-1.2744,-0.64638,-0.29657,-1.8572,0.050124,0.95901,-0.52434,-3.2012,13.989,-1.524,-0.26415,-0.62063,-0.23036,0.96273,-0.008186,0.29615,-0.29435,-14.042,7.7924,-0.11707,2.6707,0.49048,0.85742,0.91844,-0.28861
7,9.0775,-1.4083,4.4993,-0.14825,0.48937,-0.082922,-0.66086,0.058591,-0.79846,-3.859,2.3924,10.394,1.5845,0.12877,-1.3512,0.62602,0.066973,-0.67844,0.12086,-0.58467,8.9673,0.5559,-0.13141,1.5883,0.314,-0.43499,-0.73799,-1.5918,10.522,-0.73516,-0.065983,0.15941,0.31345,-0.34956,-0.8404,-0.098795,-0.98678,-8.7669,-1.1675,0.53753,0.12541,-0.1321,-0.40693,0.80161,0.23919
2,10.258,2.9828,-3.1838,-2.0166,-0.016095,-1.384,-0.6615,-0.022002,-0.58184,-9.7896,3.9421,-4.346,-1.001,-2.9965,-0.3902,0.19171,-0.61914,0.11767,5.0974,-3.2122,0.76647,-0.41937,0.85932,-2.2053,0.3257,0.76772,-0.53741,-16.274,9.0725,-8.5958,-0.33089,0.61508,3.0892,0.75545,-0.35651,0.20181,-15.467,-4.0934,-27.458,2.4708,4.0808,-1.4833,0.9392,0.77324,-0.035475
0,8.0201,-0.82552,2.8673,0.23906,-0.11227,0.078012,-0.78133,-0.19445,-0.7721,4.7176,6.0022,5.1775,0.15836,0.34268,0.61926,-0.41623,-0.86883,-0.71407,5.9455,-5.9966,4.3092,-0.62873,-0.5382,-0.22155,-0.43199,0.83895,-1.1849,-8.7354,-0.53557,-1.9558,-0.002965,0.56412,-1.6179,0.17125,-0.77004,-0.24789,-16.826,2.6093,-1.257,-0.90958,0.27067,-2.3969,0.60046,0.31673,0.21448
9,10.217,0.67364,-3.9914,-0.21719,0.49983,0.37222,-0.87791,0.41829,-0.19054,4.8156,7.8114,2.2442,-0.58761,-0.18283,0.099003,-0.17045,-0.92338,-0.2712,11.532,-8.6799,11.913,-4.5949,1.6906,-0.1142,-0.16544,0.38848,-0.84413,-10.085,2.5171,-2.1291,-0.077733,0.35779,-0.77067,0.51258,-0.66116,0.55935,-8.1846,-2.2488,5.1566,-0.63168,0.077369,0.13905,0.76639,0.59845,-0.39793
3,15.935,0.32119,-0.2601,-0.52194,0.21973,-0.27616,-0.88887,-0.19307,-0.35606,0.261,7.7376,9.3927,0.35882,-0.17663,0.58493,0.63507,-0.38374,0.014937,3.4895,-8.7784,5.4139,0.60553,0.2023,-1.1149,-0.064861,0.53765,-0.54081,-13.879,-6.0869,-4.4314,0.082334,-0.18525,0.40479,0.87577,0.1833,-0.29542,-11.411,-9.29,-0.3006,-0.33016,0.35596,1.4345,0.3806,1.0257,0.2406
2,3.4896,1.1725,0.47636,1.227,0.58018,-0.2531,-0.85687,0.023297,-0.51686,-8.3917,7.5683,3.3279,-0.15581,1.0583,-0.17077,0.024388,-0.80364,-0.21971,5.0909,-0.74132,0.8072,0.61024,-2.1475,1.2485,0.63592,0.88532,-0.24911,-11.252,10.663,0.84609,-0.1451,-0.77865,-3.127,0.78086,-0.030034,0.43896,-0.089332,12.382,-5.3049,0.70149,0.28284,-0.42471,0.95343,0.69556,-0.37819
3,10.87,1.9092,-1.8551,0.2894,-0.35922,0.015088,-0.88802,-0.091678,-0.39702,5.2212,5.7667,5.7877,-0.17397,-0.583,1.956,0.4708,-0.51362,-0.044824,4.503,-5.4803,7.4305,-0.46056,-1.7329,-1.0842,-0.019282,0.46238,-0.62961,-10.273,-0.58864,-2.8492,1.0944,1.0746,-1.6836,0.93001,-0.24996,-0.1656,-11.267,-3.3235,-1.7629,0.9962,0.005582,-0.87063,0.70892,0.41613,0.61265
3,-5.6663,6.0899,6.4845,0.005512,0.078384,0.029743,0.51075,-0.19618,-0.82404,4.2975,8.9933,-1.1868,-0.083168,1.1541,1.4758,0.79771,-0.6165,0.41628,5.8131,-8.3523,3.4959,-0.067608,-0.87936,-1.0933,-0.079981,0.56301,-0.52635,-5.1669,-1.3621,-2.293,0.81291,0.804,-1.7714,0.7171,-0.45508,-0.41725,-9.7371,-3.6133,-1.7891,-0.15695,0.16975,-0.1733,0.71508,0.37626,0.62454
3,7.0773,0.17583,1.548,-0.38488,-0.24582,-0.094709,-0.68865,-0.048612,-0.65655,3.5488,6.1542,5.2651,-0.11755,0.027289,-0.84638,0.69059,-0.35383,-0.24236,3.3758,-3.5091,7.9706,0.013476,0.44865,-0.038036,0.05035,0.23483,-0.7316,-7.6717,2.3674,-2.4131,0.001865,0.4363,1.6758,0.83749,-0.36138,-0.26284,-7.9209,-3.5574,-1.135,-0.14262,0.15915,1.2344,0.71851,0.57917,0.39103
0,8.7854,-0.9411,2.7147,-0.24288,-0.14055,0.16545,-0.75107,0.21669,-0.60179,4.3126,4.9608,3.5214,-0.25449,-0.29029,-0.30838,0.25403,-0.21558,-0.45971,5.18,-5.4172,5.7015,-0.34246,0.14463,0.006194,-0.52835,0.91576,-0.54939,-5.3993,-5.3575,0.319,-0.14663,0.10034,0.49015,0.56555,-0.69026,0.39481,-9.2935,-0.25182,-1.9484,-0.17725,0.22036,1.0775,1.1919,0.517,-0.11327
2,24.58,3.3298,-12.597,-1.8382,0.30538,-0.35857,-0.81022,0.07646,-0.50363,11.16,32.743,-0.71213,-2.8227,-1.7559,-4.3325,-0.10524,-0.40918,-0.57904,12.902,-8.4367,0.17864,-0.90553,-0.41791,-3.271,-0.30849,1.1699,-0.40446,-23.836,-2.5694,-3.9308,0.52158,0.50606,0.39086,0.96596,-0.087811,0.27478,-16.064,20.638,-0.22173,-1.1192,-0.66981,-1.046,0.83416,0.82373,-0.30154
9,4.0107,1.5675,16.701,2.351,-7.889,-0.3684,0.080803,-0.11882,-0.98627,5.843,2.841,5.8013,1.5485,-1.8214,1.2789,0.85226,0.20831,-0.39913,-8.7534,-0.42798,0.15591,-2.3248,-3.1426,0.28506,0.86732,-0.33579,-0.12465,-17.193,-14.231,-10.607,-3.3283,2.4339,-1.966,0.87705,-0.23882,-0.20792,-15.818,-3.2283,-1.435,-2.5053,-0.41795,-1.0582,0.9223,-0.008272,0.26817
3,4.5509,3.1517,-2.1222,0.65688,-0.1178,-0.1316,-0.85876,-0.1317,-0.58533,4.2706,7.5165,0.65045,-0.1177,-0.66004,0.80326,0.83989,-0.024155,0.3768,7.777,-1.2528,1.4439,-0.75744,0.4178,-1.9636,-0.41418,0.24976,-0.70721,-7.2095,2.426,-1.9306,0.039886,0.07631,1.0258,0.79705,0.043096,-0.524,-5.855,-2.3477,-1.2102,0.15583,-0.3537,1.6998,0.76697,0.60338,0.41617
5,7.8759,1.6676,5.0489,0.26131,-0.31073,-0.000988,-0.61855,-0.24002,0.087382,3.807,7.4181,4.5763,0.094483,0.004898,0.045566,-0.79087,-0.47936,-0.25874,6,-4.5393,5.8482,-0.023593,-0.16522,-0.24367,-0.90385,0.13794,-0.56717,-5.52,12.307,3.2532,0.83916,-0.23376,0.75892,0.40547,-0.34669,-0.1895,7.2711,-1.7773,0.55426,-0.34398,0.49189,0.52037,0.12309,0.61076,0.086151
2,10.728,2.1119,-6.9774,-0.71896,0.13498,-0.17208,-1.1574,0.1613,-0.33009,1.1977,14.848,-0.41678,1.914,3.3991,5.4621,0.57191,-0.75324,-0.58828,-3.2641,-28.347,13.872,2.0207,0.25884,5.8026,0.39655,1.1412,-0.54199,-3.2014,-37.871,-10.928,0.69257,1.7701,-0.30576,0.13453,-0.76512,0.25928,-18.666,-2.1214,-3.275,0.97695,1.2858,-3.2186,0.6171,0.54724,0.1298
2,12.394,0.97336,9.9042,-1.5384,-0.017163,-0.36635,-0.93731,-0.10525,-0.78696,-3.6306,14.373,2.1837,-0.60248,-1.3385,-2.4935,0.50628,-1.0464,-0.32621,4.0352,-11.789,2.764,0.28586,1.6092,-1.1532,0.35428,1.072,-0.81756,-15.847,-0.49372,-7.2863,-0.7831,0.49677,2.0576,0.56956,-0.49423,0.25886,-14.605,17.484,11.408,0.33865,-0.13991,-0.92975,0.33217,0.70712,0.35572
2,27.368,-0.58739,3.9688,-1.8445,-0.13479,-0.41919,-0.89979,0.095625,-0.48235,9.1384,34.101,-0.77589,-0.48565,-3.0379,-2.0997,0.25562,-0.65683,-0.43316,15.858,-38.259,4.4269,-2.5604,4.1786,-3.2805,0.087707,1.2194,-0.12914,-26.032,-9.8161,-9.2758,-1.1555,1.109,2.1558,0.66165,-0.34326,0.34999,-15.864,10.406,-3.098,-1.4146,-0.40981,2.0531,0.77931,0.6685,-0.015358
5,9.0271,0.70223,4.4646,-0.19766,-0.026393,0.03392,-0.63305,-0.21392,0.10149,4.4694,6.417,5.6225,0.033389,-0.32809,0.12499,-0.83073,-0.42452,-0.24845,5.0018,-6.3566,6.1027,-0.34906,0.31517,-0.080082,-0.79797,0.28928,-0.64101,-3.475,8.5088,0.93052,0.053668,0.46741,-2.2601,0.34004,-0.43793,-0.27097,-2.4414,-10.42,-1.1435,0.28293,0.068117,-1.951,0.30318,0.46251,0.13038
9,14.817,5.9826,17.72,-0.82425,1.2568,0.27372,-0.96072,-0.12052,0.2552,-10.948,14.691,1.042,-0.39423,-0.62459,-2.3071,0.090545,-0.76995,0.45453,8.4218,-9.0313,7.8168,3.6085,0.1066,0.20628,-0.66819,0.29115,-0.5779,-17.96,-6.5883,-4.9114,-0.827,-0.25436,3.8316,0.68162,0.64268,0.041938,-13.066,2.611,-7.4819,-3.0598,-1.1804,1.6423,0.76517,-0.38006,0.26634
5,8.9103,0.43349,2.4525,-0.079309,0.14423,0.076158,-0.81677,-0.3051,0.050199,-1.4207,6.6911,6.8532,0.003026,0.042466,-0.015342,0.30386,-0.62491,0.030642,0.60864,0.20051,9.3121,0.068936,-0.001192,0.033927,-0.63748,-0.20295,-0.59787,-2.0693,13.765,-3.409,0.21118,0.44046,1.2506,0.059651,-0.675,-0.15284,3.8748,-3.7369,0.20516,-0.56537,-0.7557,1.8198,-0.13939,0.50824,0.42986
2,17.294,-2.2207,5.5955,1.3658,0.19769,0.27505,-0.90108,0.062445,-0.84464,-3.6068,17.915,5.1407,0.20511,1.1902,1.0451,0.35153,-1.0572,-0.38307,2.8021,-13.705,0.63535,0.44153,-1.1015,1.2644,0.75845,0.62785,-0.907,-21.957,-2.1957,-8.726,1.9619,-0.10269,-3.2121,0.45657,-0.61221,0.24542,-17.953,7.1592,-1.2911,1.6241,1.3576,-2.399,0.42889,0.60529,0.39853
9,1.2247,-2.1916,0.75025,0.99771,3.6581,-2.6006,-0.61,-0.32225,-0.5194,27.638,12.444,5.7332,-5.627,-7.6303,-4.2205,-0.20114,-0.74567,0.32327,21.31,-12.498,0.88429,-3.8984,8.3111,-0.98042,-0.29261,0.63144,-0.52904,-9.9328,11.912,7.5948,-1.4314,-0.33536,-0.73881,0.87295,-0.25444,-0.22666,-8.4778,-10.293,1.0176,1.6949,1.8448,2.5745,0.66786,0.47957,0.31488
8,8.8194,-2.9485,2.0474,0.053316,-0.94414,-0.13758,-0.73682,-0.31825,-0.27955,7.702,5.1582,0.25372,-0.34624,-0.49339,-0.22642,-0.37271,-0.60175,0.36901,9.4152,-5.1589,3.029,0.40463,0.27153,0.076667,-0.3782,0.065675,-0.67165,-13.568,13.512,-11.255,0.25635,3.7853,-0.11408,0.48024,-0.34049,-0.44988,-10.293,-16.485,-9.4402,3.0512,1.5179,-1.3603,0.44576,0.1915,0.61516
5,7.7525,0.67498,4.3754,0.090079,-0.25739,-0.20395,-0.64325,-0.15031,0.12648,4.1024,7.0323,5.6363,0.22988,0.31806,-0.13931,-0.79084,-0.46237,-0.27651,2.245,-8.1169,7.3733,0.5869,0.75529,-0.22391,-0.41924,0.44883,-0.46182,-5.5783,11.973,0.75724,0.30762,0.16523,0.63647,0.37989,-0.39527,-0.19081,6.1263,-4.0551,2.1427,-0.38564,0.40786,1.1602,0.13151,0.60382,0.089726
8,25.526,-0.87369,10.718,-1.9438,0.68477,-0.36995,-0.71585,-0.44598,0.18037,21.663,6.5681,3.6979,-1.6288,-0.15454,0.45286,-0.60474,-0.11345,0.46654,17.659,-1.5276,2.6869,-0.14458,-0.33451,-0.33679,-0.55383,-0.45919,-0.025443,-16.241,-4.753,-0.31994,1.1375,-0.18227,0.051854,0.56854,-0.070232,-0.45466,-18.261,-4.8397,-5.0792,2.5126,1.0517,0.44506,0.4767,-0.32087,0.50432
4,7.3675,-1.3516,2.9065,2.1081,0.69905,0.35667,-0.84655,0.081618,-0.60972,-11.458,13.803,-5.2306,-0.30565,0.12381,2.6818,-0.22866,-0.65459,0.13637,1.411,-8.4299,7.3901,-0.1608,-1.2576,-3.278,0.22085,0.58012,-0.88645,-7.1373,12.085,1.603,1.2593,-0.84133,0.25616,0.66086,-0.15209,-0.15139,-5.4218,-5.5285,-1.3903,0.1515,0.084336,1.3397,0.40344,0.42304,0.018739
0,12.884,2.3303,2.7209,0.58171,0.46879,-0.39084,-0.84157,-0.26909,-0.675,4.1896,7.198,8.0484,0.24547,-0.14493,-0.20639,-0.41288,-0.79976,-0.72142,4.861,-7.4913,6.8329,-0.17667,0.027673,-1.1176,-0.26533,0.86537,-1.1918,-13.221,5.7559,0.15036,-0.026669,-0.20265,0.091042,0.56796,-0.39435,0.095913,-17.225,10.153,1.8037,1.2396,2.1823,2.1222,0.26303,0.67744,0.27782
5,7.3061,0.37262,4.1391,-0.041499,-0.08376,-0.031581,-0.62453,-0.24025,0.065757,-8.1771,0.54005,2.9882,-2.0585,0.64149,2.4498,0.51104,-0.36949,0.22172,0.69278,-8.2818,8.5509,1.4829,1.755,2.9086,-0.33159,0.21245,-0.6627,3.5704,4.9489,1.7098,0.77513,-0.022525,-1.0692,0.2406,-0.56164,-0.33608,-3.2155,-10.499,-0.71181,-0.8251,0.26175,-0.93302,0.38074,0.30545,0.13868
9,10.072,1.5653,-0.90944,0.43916,-0.076871,0.25969,-0.87269,-0.50925,-0.24781,2.6964,11.066,1.916,0.24177,0.53612,-1.1736,0.069145,-1.0134,0.12885,4.9466,-6.3031,8.5129,-1.5904,1.4769,1.4115,-0.16825,0.12175,-0.97856,-10.368,-0.3931,0.12253,-0.57516,0.036802,0.40834,0.92398,-0.45407,-0.27007,-9.6143,-0.97216,-1.1379,-0.34824,-0.13827,-0.15542,0.86051,0.44011,0.5682
1,4.2281,0.22871,1.3739,-0.44669,-0.09613,0.010075,-0.85662,0.026846,-0.53424,5.5558,1.1144,1.8685,0.59392,0.75917,-1.6916,0.54835,0.1382,-0.76735,4.0814,-2.6049,2.692,-0.90195,0.087592,-0.38836,-1.086,0.90852,-0.00799,-6.2798,-3.5526,-1.4654,-1.6469,0.20884,1.9395,0.54481,-0.55415,0.43324,-7.8709,-1.2441,-0.30011,-0.37544,-0.21866,2.0038,0.98008,0.48119,-0.013686
8,5.1024,-0.52085,0.62503,-0.8546,-1.8701,0.39437,-0.99438,0.15183,0.15863,-0.2861,0.93672,0.2274,-0.50237,-0.01195,-0.71466,-0.81766,-0.53839,0.005132,1.2591,-1.5793,0.49956,-0.18889,-0.061762,-0.20483,-0.87711,0.44486,0.15979,-4.6178,0.22689,-2.6109,0.096956,1.2606,-0.10466,0.82866,0.48434,0.22676,-10.189,2.7349,-1.0495,1.229,0.78082,-0.11527,0.84903,-0.3008,-0.37028
7,9.2865,-1.0559,-1.5951,0.1023,0.71127,-0.08462,-0.97781,0.030887,-0.28372,-0.10696,4.3641,7.195,0.20061,0.020092,-0.070169,0.53644,-0.34421,-0.64104,-0.33878,-1.672,9.1894,0.08818,0.021424,0.33022,0.42781,-0.018333,-0.77999,1.6722,8.6352,-2.9613,0.12272,-0.65139,-1.2759,-0.59063,-0.70921,0.000473,2.5231,-8.73,-0.63834,-0.081394,-0.35566,1.3261,-0.60385,0.68333,0.17243
1,8.8065,-1.3715,-0.39028,-0.3245,-0.18696,0.040863,-0.85488,0.065917,-0.24721,8.5047,1.2201,4.5443,-0.18268,0.36268,-0.61004,0.75776,-0.12417,-0.28626,8.2422,-4.7504,3.2682,-0.053931,0.27223,0.41057,-1.4236,0.9841,-0.55688,-10.093,-1.2315,-2.6644,0.63243,0.013884,-1.0259,0.82876,-0.35426,0.28757,-7.2931,-3.2332,-0.30927,0.21024,0.77706,-1.2543,0.59162,0.97597,-0.087218
2,3.7088,-1.7575,3.2288,0.36725,-0.81543,0.32492,-0.87146,0.16734,-0.55165,12.33,7.317,-0.13524,-0.32789,1.6667,2.8941,0.07435,-0.69323,-0.53012,-4.0731,-3.9585,-3.5113,-1.7033,-1.5093,1.4951,0.046939,1.3167,-0.00067,-5.7904,-1.4979,-11.4,3.7326,1.8792,0.49452,0.55204,-0.43299,0.47369,-6.1816,2.8872,-1.9193,-1.3848,-0.55759,-2.4211,0.99098,0.27597,-0.1775
6,8.9992,0.019283,1.673,0.21044,-0.24273,-0.19401,-0.85643,0.33738,0.16659,-0.11548,5.6631,8.3279,0.21454,0.14803,0.02989,-0.45854,-0.16133,-0.78514,0.11213,-1.0537,10.101,-0.02597,-0.13914,-0.004789,-0.41607,0.46715,-0.67495,-8.6613,6.434,-3.7875,-0.19437,0.27446,0.86462,0.56234,-0.060544,0.34641,-1.5572,-4.5816,0.6052,0.16806,-0.41489,-0.34666,0.44702,0.53597,-0.40968
6,9.3536,-2.5173,-1.2828,0.153,-0.29711,0.009102,-0.93703,0.44389,0.42077,-1.7632,6.2475,7.4937,0.016066,0.10671,0.10287,-0.4382,-0.33651,-0.87801,-0.27396,-1.1527,9.7809,-0.12108,0.12667,0.22078,-0.45968,0.48693,-0.79453,1.2063,2.9473,1.3337,-0.29779,0.27035,-0.06897,0.23104,-0.73134,0.3395,-6.1843,-9.5336,-2.73,-0.079498,-0.036016,-0.35294,0.61291,0.52642,-0.34321
1,14.961,0.57255,2.7438,-0.17086,0.083654,0.32589,-1.1218,0.16377,-0.29507,14.272,2.2285,2.2829,0.30308,0.053835,0.64432,-0.66781,-0.46675,-0.30686,14.029,-1.7797,4.753,-1.0044,-0.83633,-0.58182,-0.32471,0.92813,-0.019251,-14.632,8.1665,3.892,-1.1832,-0.37908,-2.303,-0.00478,-0.8053,0.26926,-12.821,-5.428,-2.1949,-0.51802,-0.22214,-0.34348,0.94536,0.30807,-0.007783
3,7.7323,-0.84618,-0.16567,0.34449,0.15992,0.13585,-0.7847,0.093403,-0.48485,7.0241,5.2894,4.5517,-0.13593,0.42581,-0.22421,0.090269,-0.34276,-0.18391,4.6739,-5.8007,6.2339,-0.013879,0.35407,0.54029,-0.018398,0.4522,-0.68807,-7.4489,3.5778,-1.5983,-0.13207,0.032142,-0.92675,0.68201,-0.55493,0.20214,-10.647,-2.381,-2.3157,0.55667,0.17015,-1.6857,0.75109,0.52304,0.15896
3,11.537,3.19,-1.1105,1.0083,0.88078,-0.22988,-0.90292,-0.15621,-0.34481,1.8326,8.3445,6.2072,0.036929,1.1494,-1.3601,0.72272,-0.42021,0.23192,2.4755,-5.5416,7.1545,0.39917,0.83602,1.0252,0.12044,0.42598,-0.6501,-11.776,3.3652,-0.91022,-1.5596,-0.8837,1.7784,0.7559,-0.5058,-0.30558,-10.326,-2.6788,-4.4438,-1.7733,-0.42184,0.64161,0.53459,0.53375,0.70528
0,9.5261,1.0225,0.94036,-0.79997,0.00682,-0.23361,-0.82915,0.12008,-0.5732,10.448,1.6357,2.8952,-1.1086,1.0737,-1.5769,0.13202,-0.026165,-0.93468,9.2785,0.082356,3.2606,-4.5e-05,-0.81068,-0.98807,-1.139,0.92811,-0.21644,-14.005,-2.8722,-3.645,1.9775,0.88507,2.2561,0.66526,-0.21372,0.45583,-11.257,0.88562,-1.1352,-0.087357,0.45408,1.5688,0.92205,0.51069,-0.28723
5,9.377,-0.73543,4.063,-0.38338,0.63057,0.5354,-0.65587,-0.078328,0.043887,0.44495,5.2036,8.5108,0.036644,-0.059626,0.032171,-0.21725,-0.3606,-0.30689,0.96224,-1.4003,9.7141,-0.34168,0.21766,0.031191,-0.52115,-0.14239,-0.58732,1.884,3.8515,1.1957,-1.3437,0.26908,1.603,0.1543,-0.64367,-0.12333,-3.3569,-18.006,-2.4239,-1.1276,-0.047127,0.87994,0.43209,0.35044,0.17588
7,8.2725,-0.57729,6.4883,0.01489,-0.30325,0.029026,-0.50234,-0.029822,-0.82813,-3.7392,8.5886,3.0718,-0.96023,0.16917,1.3414,0.6592,-0.50314,-0.48349,-2.7084,-4.323,9.194,0.33706,-0.47707,-1.0281,0.48701,-0.089502,-0.83772,0.25843,8.3769,3.7667,-0.15721,-0.00932,0.72873,-0.51033,-0.6926,-0.44054,-2.2329,-9.6825,1.5129,0.023751,0.043659,-0.86633,-0.32094,0.92061,-0.00266
4,12.799,-1.688,-0.97122,1.3838,-0.63445,-0.29136,-0.97869,-0.01557,-0.22667,-5.6696,6.9001,2.5015,0.14426,0.21339,0.98703,0.12548,-0.85659,-0.52774,-2.2746,-9.0009,4.9302,1.32,0.24534,-2.4881,0.54756,0.49953,-0.75968,-16.421,4.6007,-1.2482,-0.032096,-0.86451,-2.3438,0.59898,-0.23722,-0.064481,-8.9193,-4.8197,-0.67451,1.0576,0.48991,-0.39709,0.28476,0.41582,0.18664
3,11.027,0.29809,1.6868,0.55671,-0.35598,-0.24054,-0.70897,-0.06139,-0.63502,3.6596,5.4332,7.0882,0.72016,-2.1876,0.42316,0.65584,-0.4914,-0.33406,1.5462,-7.6654,7.6203,0.21553,-1.2903,-2.2176,0.14537,0.5249,-0.55884,-11.898,2.7638,0.6838,0.41647,-0.1308,0.55455,0.78229,-0.092571,-0.51167,-7.7197,-1.8068,1.867,-1.0114,0.32782,1.6449,0.73981,0.7566,0.17726
7,8.4916,-0.1227,4.6334,0.065509,-1.1377,0.18161,-0.47184,-0.066995,-0.82952,-1.9066,4.5844,6.9805,0.42289,-1.6991,0.88067,0.73163,-0.20256,-0.56477,-2.0886,-1.5578,7.9325,0.30883,-1.7571,-1.0407,0.58921,-0.17348,-0.71213,1.8242,9.4173,-0.93102,0.12561,0.13811,-0.071901,-0.65901,-0.67105,-0.17835,2.9781,-9.0016,2.2756,0.002556,0.035776,0.053686,-0.77494,0.56448,-0.09261
7,9.4582,0.18969,3.9791,0.56059,0.13953,-0.027741,-0.55345,-0.067718,-0.78128,0.65906,1.3987,9.6317,-0.21948,0.46526,-0.11121,0.39881,-0.1108,-0.86022,2.2943,-1.1131,9.9409,0.30502,0.39372,-0.30208,0.26741,-0.13388,-0.89348,-0.36077,8.7504,1.5559,0.14684,0.34541,-0.309,-0.54487,-0.75468,-0.24293,0.25168,-9.0009,1.4041,-0.1317,0.17416,0.46447,-0.60033,0.76135,0.014166
6,10.34,-3.3393,2.4324,1.2213,0.004885,-0.54117,-0.94293,0.56946,0.22913,-1.5224,8.9928,4.1933,0.090376,0.35397,-0.007246,-0.50257,-0.61621,-0.65361,-0.86662,-2.4906,9.6213,-0.12403,-0.16342,-0.25,-0.3417,0.60289,-0.71652,-5.8026,4.0805,-0.016282,1.4058,0.22601,-2.558,0.48954,-0.51558,0.30812,-9.8147,-9.4187,-1.0673,0.32609,0.37868,-1.3513,0.59059,0.43435,-0.34576
8,6.858,3.8117,-3.5795,-0.39387,-0.18532,0.17715,-0.5748,0.26662,0.49359,3.4431,1.3774,2.4549,-1.5882,-0.62978,0.42866,-0.60206,0.26356,-0.22142,2.1282,-1.1627,2.7625,1.5187,-0.2596,0.3814,-0.74929,0.24328,0.24201,-6.1213,-3.8789,0.54446,-0.47886,0.13569,1.7442,0.62877,0.010065,0.63927,-6.4919,-3.6616,0.67677,-0.061096,-0.19438,-1.2772,0.65418,-0.19441,-0.2994
4,12.416,-0.44117,-0.23461,-0.1681,-0.019275,-0.022894,-0.97569,0.084604,-0.23817,-2.2244,9.117,3.9348,-0.093247,0.25953,1.5319,0.057352,-0.86786,-1.0939,-6.685,-5.9904,3.076,-0.14903,0.79133,0.27032,0.54479,0.47794,-0.54208,-8.3954,4.3874,-0.48167,-0.93811,0.57656,0.79916,0.34756,-0.45902,-0.097481,-10.445,-0.89828,-2.4501,-0.34984,-0.21934,0.77043,0.60755,0.21317,0.18781
8,37.755,-0.69813,-3.8521,-6.0894,-0.44224,1.4375,-0.80291,0.36494,-0.20309,26.015,-1.9782,-6.8886,5.2294,2.9939,-2.3637,-0.58942,-0.19312,-0.28172,31.34,-0.60792,-1.3465,-1.9483,0.48952,-0.34021,-0.77131,0.25825,0.19312,-25.817,5.6151,-4.2908,-1.6681,-3.3121,-0.54712,0.5761,-0.25148,0.62043,-30.706,-7.5019,7.1493,-1.5729,0.025262,0.015571,0.64554,0.05803,-0.30555
5,9.3076,-1.3399,2.1829,0.14393,0.033229,-0.24805,-0.61492,-0.2224,0.14439,0.47471,7.9356,4.881,-0.054173,0.036401,-0.066851,-0.16414,-0.56374,-0.001789,0.77568,-4.387,8.716,0.050946,-0.11878,-0.069297,-0.41033,0.006898,-0.62254,-4.9624,12.633,1.2719,0.24511,0.28658,-0.52103,0.33369,-0.47794,-0.21,5.0006,-4.3075,1.5378,0.060889,0.056372,-0.70135,0.023109,0.62489,0.097679
4,16.019,0.51749,1.7058,0.24187,-0.81526,0.26141,-0.8074,-0.19964,-0.28656,1.4255,7.3858,5.4819,0.43904,0.27003,-1.2333,-0.1023,-0.6665,-0.92634,-2.5056,-7.6232,4.0377,0.32553,0.25826,0.76803,0.22622,0.51116,-0.79188,-13.236,-3.1027,-4.442,0.73949,0.03998,-1.0897,0.65915,-0.12394,0.014747,-14.355,1.0078,-2.7092,1.104,1.7299,-2.029,0.41547,0.31368,0.29311
7,9.156,0.60993,3.6309,0.055089,0.76887,0.17714,-0.44441,-0.20201,-0.82202,1.2471,7.9196,-1.3459,0.44154,-0.070595,-0.172,0.47117,-0.82038,-0.040961,2.6298,-4.4415,9.7695,-0.27335,0.40904,0.5855,0.31763,0.067805,-0.90564,1.1055,7.4899,3.9408,0.08163,0.1234,-0.7667,-0.63501,-0.61919,-0.3795,-0.24031,-8.6535,1.3602,-0.34247,-0.057403,0.71634,-0.51302,0.82583,-0.038553
4,16.571,-0.59089,0.61544,-1.595,0.26258,0.13812,-0.95583,0.039704,-0.33098,-2.2569,12.16,4.5444,-1.0434,0.002063,-0.001365,0.14146,-0.67452,-0.71218,-3.6123,-7.3164,3.9887,-0.26954,1.5061,1.152,0.51664,0.53117,-0.5868,-12.866,4.6957,-0.99651,-0.12985,0.95071,2.2352,0.36502,-0.44195,-0.066092,-15.69,1.1469,-3.4728,0.52121,-0.031358,1.2008,0.52969,0.30966,0.21791
2,-3.3186,-1.3657,0.025183,-0.45373,0.06306,0.2783,-0.88226,0.08089,-0.83825,2.5437,1.1253,-0.30307,0.6652,-1.1186,1.3173,0.39842,-1.0047,-0.57886,-4.2742,-4.8366,3.8299,-0.17374,0.039606,0.63416,0.33024,1.285,-0.46588,-0.31344,1.5321,-3.6448,2.1583,0.90269,-1.0479,0.274,-0.76807,0.16014,-3.3477,-12.695,-8.1905,-0.67691,-0.52645,1.2621,0.81068,0.1134,0.27705
2,1.7918,-4.806,-6.3273,0.67031,-0.96156,0.06473,-0.80944,0.22682,-0.62703,6.4542,9.226,-5.78,1.2454,0.75842,-2.4091,-0.69874,-0.60197,-0.28535,7.8262,-7.019,9.8546,0.25557,-0.066553,2.5541,-0.24819,0.44109,-1.0678,-32.586,-6.4603,4.2551,-2.6871,0.49494,2.4038,0.52058,-0.73029,-0.058171,-40.704,-1.9466,-4.1421,2.5818,0.91018,-3.0731,1.0339,0.33357,0.005528
9,9.4176,2.0879,-0.45816,1.2457,0.24125,0.079895,-0.88665,-0.38451,-0.39962,-2.8044,12.074,12.122,-1.6189,-7.1417,4.0782,-0.14854,-0.90213,-0.49603,8.4427,-0.93774,6.817,1.7268,-0.82823,0.41059,-0.8894,-0.11867,-0.5612,-9.0567,-1.7039,0.10349,-0.89582,0.050759,-0.4308,0.9649,-0.3636,-0.38971,-9.8053,0.094771,-1.5283,-0.43861,-0.11558,-0.77201,0.92397,0.39093,0.47354
6,9.2579,-1.2839,3.53,1.1271,0.3381,-0.64507,-1.0244,0.46058,0.081908,-1.3868,8.7622,3.525,0.086658,0.2039,-0.13545,-0.49952,-0.65127,-0.60098,1.9068,-1.7872,9.0026,0.18498,-0.36512,-0.13524,-0.58087,0.51643,-0.66474,-12.2,7.2375,-1.6617,0.000477,-0.21356,-2.6796,0.5864,-0.33301,0.30971,-8.7454,-8.4043,-1.4601,0.79503,0.09387,-2.2266,0.5382,0.51384,-0.32781
1,9.5065,0.96128,2.032,-0.742,-0.67723,0.1221,-0.91134,0.10493,-0.46633,9.0279,1.1677,1.7521,-0.81759,0.42246,-0.88417,-0.14781,0.54847,-0.56323,8.7267,-3.7877,3.5609,-0.11073,-0.048597,-0.28763,-1.0076,1.0099,0.21193,-6.7031,-0.000629,-1.3722,-0.11944,0.74696,1.1908,0.39555,-0.70337,0.39316,-10.14,-4.3717,-0.686,-1.8473,0.37375,1.8389,1.0219,0.26017,-0.02453
3,8.2233,-0.21184,1.3059,-0.59423,0.49803,-0.063823,-0.76874,-0.075034,-0.5673,8.6654,4.3428,2.621,-0.26494,0.50858,-1.0991,-0.19245,-0.91289,-0.49282,7.6708,-2.358,4.8191,0.21959,1.0872,1.2322,-0.33153,0.2976,-0.62674,-8.2345,1.9945,1.6322,-0.4644,-0.13933,1.2102,0.9121,-0.43188,-0.35925,-9.048,0.88079,-1.855,0.72892,0.23241,1.2101,0.76987,0.28579,0.50185
8,2.5655,0.32941,1.8312,0.050029,-0.010225,0.017603,-0.63788,0.49168,-0.19939,3.1261,7.9116,2.4925,-1.5445,0.21122,-0.74811,-0.43494,-0.41013,-0.50824,3.0182,-10.2,-8.4353,-0.92281,0.7136,0.32139,-0.20603,0.47605,0.57527,-4.2676,0.51509,-0.53595,0.069748,-0.000261,0.67915,0.46357,-0.005004,0.53034,-3.5488,3.9819,-3.2381,0.057893,0.30537,-0.62901,0.45684,0.018626,-0.48018
9,-2.7549,-3.4156,0.91652,0.91717,-0.84225,-0.32077,-0.68976,-0.25572,-0.55164,2.5556,2.8242,1.9824,-0.059325,-0.0508,-0.077368,-0.62662,-0.61969,-0.16618,21.993,1.7846,7.0235,1.8612,-6.4919,-4.917,-0.042664,0.11344,-0.88671,-12.112,9.0011,-5.0358,0.21738,0.64939,3.0049,0.77084,-0.42848,-0.25849,0.13511,12.969,-3.6977,0.13186,-0.38157,-3.3808,0.61824,0.33338,0.60709
7,7.7172,0.59551,7.4699,0.25998,-0.23245,-0.016073,-0.57684,-0.055476,-0.78635,-6.9634,6.7661,5.2834,-1.2459,-0.99791,-0.61153,0.76698,-0.42584,-0.41574,-4.4653,-6.3768,9.7558,0.54544,0.17374,0.95198,0.50196,0.11856,-0.81902,-1.3541,10.354,6.6613,0.64433,-0.28543,0.36419,-0.34055,-0.76909,-0.48195,-3.0569,-8.8549,1.6652,-0.56731,-0.064346,-0.75345,-0.12097,0.96774,-0.044338
1,7.6597,-1.2272,4.3695,-0.16504,-0.39776,-0.11955,-0.75699,-0.20933,-0.73057,2.6915,7.2594,6.392,0.25616,-0.043748,0.12534,-0.11544,-0.80481,-0.67304,3.9607,-8.9526,7.0004,-0.98908,0.94988,-0.16394,0.098126,0.78395,-1.1244,-10.727,-4.7692,-3.4506,-2.1309,0.29501,2.3646,0.26803,-0.70335,0.09822,-8.6775,-3.3968,-1.1725,-0.59383,-0.079179,1.7602,0.43252,0.62608,0.11343
6,8.8445,-0.47448,2.8595,-0.79636,0.03688,0.74065,-0.81645,0.15982,0.23928,0.22393,5.081,8.4799,-0.85654,-0.62478,-0.019888,-0.35973,-0.17954,-0.66709,1.2653,-1.1697,9.2927,-0.29833,0.62408,0.081629,-0.51879,0.4582,-0.58099,-8.892,6.4075,-4.0677,-1.1023,0.47203,2.1108,0.57298,-0.18535,0.33397,-9.887,-7.3415,2.0426,-0.68425,-0.18735,2.2136,0.65228,0.1431,-0.27594
6,9.8091,1.137,1.0448,-0.040004,-0.088955,-0.20142,-0.79023,0.004114,0.34124,1.7323,1.9664,9.1675,-0.012367,0.05846,0.093624,-0.46487,0.019851,-0.62779,-0.044658,-2.119,9.8544,0.12189,0.034209,-0.11819,-0.4189,0.48116,-0.62251,-5.5568,3.5096,-1.6054,1.489,0.65209,-1.4341,0.68664,-0.18098,0.22372,-6.386,-7.804,-1.3661,0.52463,0.17275,-1.2044,0.6404,0.36635,-0.1866
0,10.198,-1.1712,10.29,-0.1721,-0.66584,-0.23297,-0.81569,0.21016,-0.61231,3.6888,8.8708,0.3297,0.16031,0.76959,-0.15856,-0.47094,-0.64735,-0.41653,5.6646,-4.4867,6.2925,0.005587,-0.048083,0.1282,-0.19008,0.62316,-1.0046,-9.6325,-1.49,-0.17358,0.944,0.57318,-0.77823,0.69694,-0.54988,-0.032957,-10.539,1.0425,3.4729,2.5442,0.73097,-1.7571,0.81577,0.6215,0.16147
2,19.544,9.7689,0.79328,-1.3135,-0.3957,-0.11037,-0.7029,-0.25819,-0.43021,7.0981,29.699,-24.676,-2.4456,-5.3984,-1.4628,0.20494,-0.3857,-0.27069,8.6803,-24.142,4.3347,-2.2351,1.0016,-1.6747,0.10644,0.98786,-0.35948,-27.517,-8.5881,-1.4202,0.14112,-0.07514,3.2331,0.72963,-0.52202,0.19359,-22.558,8.1561,0.32183,0.45627,-0.56908,2.1477,1.0051,0.78969,0.094999
7,5.1403,0.54599,9.1215,-0.038884,-0.25074,0.53505,-0.2425,-0.035201,-0.93726,-2.5277,7.7257,-3.354,2.1773,-0.15022,-0.49258,0.76463,-0.58417,0.028549,-5.2438,-4.4529,7.7147,-0.59468,0.48995,1.7348,0.53508,-0.1343,-0.80407,-1.4081,14.472,6.57,0.204,-0.29214,0.59489,-0.28458,-0.78258,-0.47783,-4.0365,-11.842,2.9087,-0.39072,-0.13664,-0.14588,-0.076061,0.969,0.005072
5,9.7244,1.1946,3.1355,-0.000579,-0.1302,-0.069275,-0.82292,-0.30629,0.040189,-1.5341,6.9141,6.8368,0.039434,0.035536,0.004046,0.32156,-0.63052,0.02103,0.050059,0.10943,10.149,-0.01714,0.020114,0.002778,-0.61107,-0.1894,-0.62544,2.4468,6.0122,0.38926,1.156,-0.69865,-2.0783,-0.11666,-0.72019,-0.24057,-1.2439,-12.164,-3.3855,0.26825,0.72411,-1.7859,0.18096,0.37146,0.43446
2,15.512,7.7363,-9.0927,-2.6621,-1.1978,-3.5552,-0.72473,-0.24576,-0.42463,-6.7423,17.262,-12.088,-1.5951,-3.6565,-1.3041,0.2839,-0.59782,-0.04744,11.307,-15.105,0.43753,-1.3447,2.0509,-2.629,0.091605,0.83469,-0.63674,-25.497,1.2276,2.7288,0.38995,0.41502,3.1434,0.80328,-0.31744,0.18437,-18.624,23.367,7.3246,-0.12532,0.545,-0.51399,0.8755,0.82019,0.05461
7,9.6518,-0.8487,-0.054241,-0.15426,-0.3619,-0.13258,-0.81254,0.12017,-0.58017,1.841,0.10833,9.1339,0.10258,-0.85628,0.30321,0.37524,0.23635,-0.84517,1.1414,-0.94222,9.226,-0.36246,-0.83386,-0.62531,0.43666,-0.18729,-0.8221,1.9163,9.1445,1.2291,-0.055871,0.081547,0.20553,-0.68765,-0.63891,-0.25615,2.6796,-9.2859,-0.467,0.000292,0.16554,-0.12738,-0.75448,0.62292,0.035579
6,9.8943,0.64447,2.0016,0.28177,0.080304,0.17702,-0.82162,0.20389,0.18476,9.4679,2.8206,1.0636,0.05709,0.02509,-0.043439,-0.80637,0.2063,0.12354,9.0409,-2.4657,-1.0596,0.088922,-0.13326,0.064328,-0.72625,0.14478,0.43505,-10.923,5.6817,-4.1617,-0.43272,0.14955,0.64867,0.64061,0.11902,0.17646,-2.3482,-5.9731,-0.73284,-0.8846,-0.14267,1.1592,0.46905,0.62881,-0.16405
5,6.4002,1.0191,6.6891,-0.011224,0.24857,-0.065423,-0.66251,-0.18655,-0.0814,4.8281,6.5933,-4.1267,-0.001286,-0.18749,0.066928,-0.7606,-0.30393,-0.12143,5.7658,-7.8708,1.6315,-0.068074,0.07407,0.064706,-0.86821,0.39368,-0.67084,2.287,5.6411,1.7994,-0.074048,0.64744,-1.6579,0.19249,-0.54592,-0.38069,-2.2333,-10.911,-6.4009,0.43706,0.58881,-1.3939,0.30875,0.30578,0.31873
0,7.3921,0.69873,1.9236,0.3094,-0.23938,0.23481,-1.0536,0.018297,-0.59472,3.3975,7.4888,4.6789,0.026089,0.05869,-0.043783,-0.3851,-0.62717,-0.82757,2.5589,-5.9658,6.8145,0.10312,0.40845,-0.18081,0.003132,0.98404,-0.98542,-8.7518,-0.42965,-0.048416,-2.8374,1.1285,1.0534,0.048456,-0.682,0.41914,-8.5083,-0.78102,-2.0385,-0.13153,0.25306,1.0162,0.65654,0.47722,0.076346
0,7.8524,0.42809,2.3531,-0.069996,0.24526,0.16695,-0.98553,0.03675,-0.66591,1.8698,7.1093,4.8291,0.014747,0.044865,0.079903,-0.34516,-0.66106,-0.75319,2.7075,-5.8233,6.1413,0.060431,0.093735,-0.13379,0.024783,0.95658,-0.97914,-8.938,-1.0318,0.45475,-2.063,1.299,1.3849,0.10882,-0.65096,0.45236,-7.8741,-1.6898,-0.93096,0.2084,-0.035004,1.6415,0.60883,0.50735,0.08983
8,12.868,-0.94984,-0.34801,-0.25171,1.4393,0.041472,-0.93529,0.11372,0.3826,18.723,2.0804,2.828,2.64,0.86009,1.3892,-0.87468,0.19831,0.42816,18.777,-5.8179,-0.43252,-1.6282,0.54798,-1.5661,-0.8796,-0.20844,0.40199,-12.203,-2.503,-0.83217,0.82718,-2.2257,0.11262,0.78297,0.47703,0.35558,-8.5013,-3.4957,-3.1445,0.13035,0.25475,-0.56072,0.80667,-0.39673,-0.368
7,9.6906,-0.50619,-1.6168,0.070848,0.67006,-0.03763,-0.88117,-0.029496,-0.41086,2.0043,3.1104,9.3978,-0.089827,0.12067,-0.016019,0.33692,-0.28541,-0.8297,1.2133,2.005,9.7437,0.33717,0.21411,0.12511,0.37411,-0.30869,-0.80012,1.6905,8.978,-0.46712,0.16546,0.030354,-0.20652,-0.61,-0.7028,-0.22644,2.0155,-9.8743,0.64623,0.061,-0.029934,0.13681,-0.70759,0.65682,-0.049064
0,9.5829,-0.87434,4.8424,-0.2484,0.13179,-0.16372,-0.78334,-0.060736,-0.93189,10.551,3.4145,3.8765,-0.40443,0.096803,-0.50542,-0.74831,-0.56084,-0.34754,9.067,-2.1667,2.3687,-0.73035,-0.41943,-1.0415,-0.57422,1.1803,-1.084,-11.425,-0.36678,-2.958,0.92722,-0.11457,-0.40915,0.66241,-0.25517,0.36036,-5.061,4.2573,-0.80089,1.7666,-0.7183,-0.073459,0.29337,0.70698,0.33814
3,9.7434,-3.6091,-2.7736,1.0038,0.43187,-0.2529,-0.83413,-0.2244,-0.22099,7.0314,7.7613,4.2175,0.37264,0.6417,0.075033,0.31746,-0.51085,-0.34628,7.3923,-5.0387,4.4816,-0.29931,0.77012,1.0713,-0.50429,0.46643,-0.6588,-9.0286,1.9281,-1.2008,-0.47489,-0.083133,0.27529,0.87081,-0.13917,-0.37847,-8.119,-5.39,-3.026,0.14262,0.51849,-0.88862,0.69937,0.10085,0.51906
5,9.5152,0.91533,2.5855,-0.18368,0.013022,0.14192,-0.84241,-0.24336,0.019634,-1.2846,6.4483,7.3015,-0.094161,-0.23481,0.089672,0.3614,-0.65939,-0.038457,-0.27919,-0.067061,10.021,-0.042144,-0.093507,-0.050568,-0.58524,-0.18538,-0.62458,-0.77381,10.937,-2.3549,-0.77719,0.66297,2.5388,-0.042862,-0.70521,-0.19698,-1.6997,-11.82,-2.817,0.14355,-1.143,2.474,0.15396,0.40565,0.45039
1,12.208,-1.7774,1.4237,0.28168,-0.2724,-0.35969,-0.94716,0.09514,-0.41521,10.283,-0.1652,4.4883,-0.008014,-0.14826,-0.007826,0.17818,0.03009,-1.2644,12.015,-2.1173,1.5552,0.85085,-0.25322,-1.0604,-0.60979,1.2136,0.044181,-11.552,-1.9069,-2.2626,-0.031227,-0.41431,-1.1841,0.75977,-0.017203,0.46917,-6.1911,-7.1374,-1.5875,0.58875,0.30837,-0.095688,0.71323,0.82161,-0.23868
8,22.954,0.095263,6.6723,-1.7944,-0.13481,-0.14531,-0.64482,-0.011572,0.16978,17.5,11.915,-1.3137,1.6541,0.47913,-0.73015,-0.40727,0.22565,0.008299,19.444,2.1285,1.0315,1.0476,0.32324,1.6672,-0.33183,-0.25244,0.17953,-18.716,1.7741,-1.4233,-1.84,-1.8073,-1.7888,0.23663,0.30197,0.04113,-18.024,-11.291,0.70522,1.7365,-1.7716,1.7378,0.27951,-0.2837,0.049756
3,9.7511,-0.69454,0.47736,0.2558,-0.097783,0.21003,-0.73907,-0.10452,-0.59289,8.3247,3.5795,4.708,-0.26718,-0.052316,2.1598,-0.32959,-0.77316,-0.65436,7.57,-4.1016,5.1906,-0.13234,-2.0967,-1.3635,-0.32253,0.33638,-0.60256,-9.48,2.0331,-0.45109,-0.1127,0.13883,-1.7341,0.94534,-0.24177,-0.34334,-11.831,-3.9951,0.25719,0.70674,-0.16657,-1.8013,0.83334,0.27006,0.37463
2,-2.2462,1.1342,-1.2755,0.43358,0.068262,-0.6107,-0.84206,-0.17111,-0.84993,-5.8903,1.7963,1.4422,0.114,-0.72884,-1.1464,0.27182,-1.0598,-0.51931,4.7723,0.70188,-1.8738,-1.0605,0.14745,-1.0097,0.42011,0.46279,-1.0961,-1.0152,11.166,1.0368,-0.18645,-0.61964,0.48749,0.62116,-0.30099,0.40142,-10.12,-32.638,-4.2394,0.52239,1.0383,0.73723,0.39299,0.63418,0.41077
5,8.2081,-1.3535,5.6357,-0.12286,0.34595,0.23895,-0.79383,-0.094839,-0.019567,4.5267,8.6133,-0.16848,-0.015837,0.025859,0.034653,-0.79921,-0.31149,-0.21624,7.1386,-4.1985,5.9042,-0.077583,0.1858,0.36328,-0.99239,-0.077701,-0.65146,-4.5477,11.714,-0.14253,-0.29419,-0.38224,3.0289,0.21764,-0.50063,-0.27111,-5.9172,-12.034,-1.3068,0.19296,-1.2542,2.7099,0.28587,0.38177,0.19189
9,8.3484,1.1654,1.8299,1.0947,0.061565,0.34319,-0.6442,0.37041,-0.50714,7.078,0.42081,1.3253,1.4342,2.1244,-2.7918,-0.005716,-0.45722,-0.71864,-5.2851,-4.9032,-3.9685,3.9714,-1.7624,2.5711,0.67817,0.57789,0.1099,-8.1475,-4.5042,6.3528,-3.0526,0.13966,-1.2703,0.64772,-0.65455,0.55378,-9.2753,-6.8439,-1.9468,-1.2169,-0.18215,0.95146,0.81833,0.13955,-0.28953
1,10.61,-1.2673,2.0356,0.4366,-0.086866,-0.12992,-0.74073,0.2523,-0.65799,2.555,8.5637,2.4251,-0.13925,0.51309,-0.30235,-0.34457,-0.49688,-0.45377,2.185,-7.2415,5.8445,-0.28451,0.30414,0.15489,0.12286,0.72906,-0.84788,-9.8947,0.38049,-1.4599,1.1076,0.46608,-0.81342,0.72495,-0.58802,-0.020776,-9.569,3.2837,-0.58507,2.924,1.4272,-2.5216,0.69145,0.69319,0.17319
1,9.9488,1.4181,-0.33424,0.58653,-0.48412,-0.10709,-1.0362,0.058759,-0.50391,-0.17739,8.0247,6.3704,0.44791,-0.65893,0.44134,-0.1229,-0.60059,-0.77188,0.91701,-6.7562,7.652,-0.063214,-0.60794,-0.96869,0.15144,0.99245,-0.82552,-11.16,3.6726,1.1217,0.23459,0.14196,2.8575,0.66637,-0.38197,0.39685,-7.4111,12.124,-1.5543,-1.8951,0.35353,0.32351,0.3913,0.74555,-0.005507
9,11.598,-2.4305,-1.4162,-1.5405,-0.36757,0.13785,-0.97127,0.12879,0.39082,3.4171,11.488,4.3816,-2.4327,-1.2955,-2.0067,-0.32215,-0.91078,0.046241,13.126,1.0284,2.6492,-0.098611,-1.668,-0.72652,-0.95438,-0.15628,0.27488,-8.0927,-5.9622,-3.7568,-1.0067,-0.42579,-0.47695,0.94902,0.23869,0.19613,-11.344,-4.0727,-2.9085,0.35168,-0.29084,-1.3349,0.87547,-0.47586,0.022343
7,7.8296,0.13941,6.2472,0.1442,-0.52208,0.057721,-0.51141,-0.054245,-0.82605,-8.0649,5.5313,5.8604,-0.98929,-0.57377,-0.13702,0.72764,-0.45628,-0.4497,-5.7278,-1.5112,11.01,0.78989,0.030302,0.2879,0.45105,-0.001865,-0.86338,-1.719,9.9375,4.8329,-0.39106,-0.26324,0.65759,-0.40591,-0.77144,-0.41974,-2.0885,-9.4835,-0.45494,0.10451,-0.14308,-1.0544,-0.20638,0.9521,0.04125
2,0.24677,1.0174,-2.8196,-1.3312,-0.29806,-0.42331,-0.718,-0.1079,-0.49636,-8.2213,2.3025,-0.21845,-0.9453,-2.3749,-0.16638,0.161,-0.63052,0.083596,7.7399,0.29493,0.12529,-0.60561,0.41706,-1.6472,0.12978,0.86349,-0.52695,-4.2361,3.6188,-3.7493,0.030767,-0.72762,2.2048,0.79186,-0.2477,0.22077,-10.626,-4.7832,8.0129,1.7929,0.43303,0.16461,0.91353,0.80853,-0.054878
3,8.1169,-0.37626,1.8492,0.40108,0.14781,-0.07466,-0.7385,-0.13949,-0.59328,6.6722,5.8242,3.569,-0.80174,0.004141,1.6328,-0.093621,-0.90789,-0.61442,7.0547,-4.138,7.1522,-0.12147,-1.4148,-0.53118,-0.22284,0.3226,-0.61117,-12.67,3.1401,-0.62594,0.52677,1.0321,-1.5429,0.90283,-0.4138,-0.37204,-11.644,-0.96374,-1.2717,-1.1046,0.089328,-0.89969,0.74048,0.22008,0.52976
4,10.418,1.881,4.1095,-2.2071,-2.4267,-0.20467,-0.72728,-0.33285,-0.44187,1.8541,10.035,5.4807,-0.25374,-0.035466,-2.3104,-0.13691,-0.5406,-0.73961,0.61306,-8.1437,7.3824,-0.34943,0.8096,2.0268,0.32371,0.56643,-0.80339,-12.861,-3.1839,-0.77563,-0.30093,-0.12653,2.1359,0.51124,-0.12471,-0.17214,-12.37,2.6595,1.8417,1.5482,0.14318,1.6967,0.56288,0.35696,0.15226
8,7.6598,0.078494,1.2671,0.10747,-0.27285,0.012504,-0.75726,-0.3889,0.15538,7.0691,3.608,1.6019,0.14707,-0.068147,0.24704,-0.66523,0.023988,0.4135,7.9732,-2.011,1.4528,0.66739,-0.064497,-0.081935,-0.56311,-0.42413,-0.031356,-7.7859,4.0534,-2.5398,0.47367,0.45476,0.98176,0.46004,0.098981,-0.48735,-7.7264,-5.5095,-2.2033,0.013757,0.24774,-0.74289,0.42619,-0.34154,0.50289
9,7.5999,2.3307,6.2115,0.043856,-0.35581,0.36804,-0.59325,0.14178,-0.50259,2.257,15.286,4.5048,1.7967,0.77167,3.9457,0.18669,-0.63788,-0.3791,-4.6969,-1.1508,7.3381,-2.4054,-5.3466,-1.6932,0.68174,0.015752,-0.23028,-8.7186,-6.9861,-0.010012,-0.63451,0.14383,-0.50127,0.63105,-0.38088,0.15149,-10.184,1.27,-1.3227,0.68693,0.099084,1.2315,0.65728,0.31657,-0.2898
1,14.876,0.53775,0.82086,0.5037,0.33442,-0.15741,-1.1581,0.027461,-0.37119,0.26796,9.2146,6.6967,0.2556,-0.45861,0.49607,-0.094413,-0.61277,-0.79852,1.5619,-7.7705,6.7921,-0.13387,-0.37365,-1.0433,0.1186,1.0269,-0.86684,-14.008,5.3242,-2.616,0.54819,-0.089694,1.2599,0.68761,-0.34063,0.38676,-11.761,-2.8001,-0.66571,0.52246,-0.6013,0.83363,0.2032,0.78103,0.13799
9,9.381,-0.32879,-9.2906,-0.69243,1.2003,0.28517,-0.25857,-0.077705,0.87932,31.053,10.548,-3.8226,-4.3158,-8.9669,-1.8016,-0.73828,-0.52943,-0.042818,21.333,0.18516,4.1967,-2.3864,1.6222,2.545,-0.86006,-0.32983,-0.077445,-9.8373,1.574,-2.0116,1.2442,-0.25148,-0.013823,0.90574,0.24126,-0.035469,-10.492,-2.6557,0.001287,0.87283,0.65106,-1.7369,0.67495,-0.63717,-0.094224
7,8.738,-1.3141,2.6777,0.005341,-1.3805,-0.36313,-0.79076,0.12575,-0.76067,-2.2617,4.5945,4.9357,0.27624,0.92979,1.6276,0.70238,-0.23056,-0.5973,-1.2979,-0.27865,8.7086,0.26444,-1.3938,-1.2464,0.54238,-0.26201,-0.73106,1.7734,9.8942,0.24455,0.18083,0.23469,0.47657,-0.61219,-0.71004,-0.21903,2.145,-9.3594,-0.76432,-0.13385,0.29487,-0.35872,-0.65298,0.70578,0.1276
4,-3.7306,1.1783,3.8637,0.6513,-0.25491,-0.60697,0.79453,-0.074149,-0.23951,-7.4759,8.3168,-4.7824,0.078305,-1.0563,0.32255,-0.31875,-0.64057,0.32752,6.3537,-4.8261,5.5791,0.061246,0.32653,-0.37942,-0.004408,0.77459,-0.83582,-5.8997,-0.44132,0.99324,0.78012,-0.36907,1.1028,0.67874,-0.12289,-0.2032,-5.6593,-1.9276,-0.48276,0.17924,-0.24945,1.2056,0.40252,0.46046,0.16894
5,8.5451,2.3308,4.9783,0.16441,0.02557,-0.12332,-0.54699,-0.27477,0.047338,6.102,5.0001,5.9399,-0.055466,-0.04245,-0.14955,-0.88575,0.048992,-0.2684,7.0298,-5.3129,4.494,0.14024,-0.19492,-0.046179,-0.92596,0.052258,-0.53641,-6.6323,8.7764,-1.9199,-0.75432,-0.051874,0.73534,0.55613,-0.39496,-0.066553,5.6155,-5.7472,-3.5083,-0.37078,-0.02839,0.85143,0.078829,0.54349,0.27177
2,-2.6712,0.33108,-0.98794,0.035422,0.60957,-0.23199,-0.67775,-0.43498,-0.69742,-7.4681,-3.2308,-0.64203,1.1113,-0.36821,-1.0557,0.52037,-0.80316,-0.33038,7.9983,0.853,-3.3738,-0.25787,-2.1624,-0.44455,0.41534,0.55773,-0.94335,1.2133,15.13,2.9661,0.10434,-0.10803,0.49479,0.60137,-0.27849,0.081637,0.027134,-13.678,-4.3265,-0.079414,3.2936,0.21325,0.41504,0.5857,0.080869
1,7.291,-0.80292,4.5834,-0.28591,-1.0721,-0.024848,-0.65505,0.14075,-0.58856,-0.33844,7.7816,5.1885,0.044461,0.36154,-0.6371,0.072992,-0.17049,-0.62036,-0.060675,-6.5616,6.8618,0.084228,0.4228,0.69273,0.45186,0.82324,-0.65002,-9.3996,-1.3384,-2.427,0.47962,-0.42945,-1.342,0.76526,-0.34624,0.42056,-6.2475,1.0966,-2.1792,-1.7733,-0.17516,-1.7019,0.60373,0.88281,-0.23704
9,2.0485,0.005318,-1.2331,-1.0686,1.609,0.047119,-0.80302,0.25976,-0.15137,-9.6759,2.2002,-3.2925,2.8149,-2.7484,1.5919,0.52436,-0.62845,0.12515,0.54684,-11.559,6.5484,-2.5318,-0.44467,0.82898,0.40261,0.68522,-0.22107,-1.7704,-4.2484,-4.4387,0.27554,-0.7582,1.107,0.59945,-0.4879,0.17403,-2.7632,-16.228,0.086483,4.439,0.12069,0.50232,0.42085,0.71924,0.051401
7,8.4929,0.64588,3.9466,-0.36259,0.84824,-0.087766,-0.44845,-0.24809,-0.81212,1.1048,11.196,3.1788,0.47065,-0.073247,-0.75583,0.38582,-0.76682,-0.40055,2.1281,-2.3696,10.923,-0.13913,0.25243,0.22674,0.26772,0.010496,-0.91779,0.084777,9.0111,4.3927,-0.0701,0.1914,-0.70446,-0.59437,-0.64358,-0.41205,-0.92797,-8.6648,1.3883,-0.25364,-0.043449,0.8191,-0.45159,0.85933,-0.063627
5,9.4375,-2.1441,1.7913,0.02413,0.019096,-0.054086,-0.61774,-0.20252,0.16494,1.0103,6.5959,7.0092,-0.020614,0.000179,0.006123,-0.20469,-0.53061,-0.13957,0.83369,-3.8222,9.0358,0.028097,-0.051483,0.013974,-0.42035,-0.051601,-0.61581,-4.6298,11.868,-0.93278,-0.088919,0.19871,-1.3148,0.31262,-0.49192,-0.21192,1.6585,-7.6053,1.657,0.061879,-0.21019,-1.4118,0.090905,0.59274,0.11438
8,10.571,-1.8538,-1.5449,-0.23708,-0.28653,-0.28764,-0.60995,0.35381,0.37457,9.9772,1.7443,1.1732,-0.31091,-0.041252,-0.98436,-0.57045,0.040911,-0.36135,9.4572,-0.84088,2.4461,0.28657,0.16135,0.24673,-0.77182,0.27657,0.071911,-10.327,0.68106,-1.3754,0.11892,-0.069202,0.075187,0.58992,0.082923,0.61896,-9.8454,-1.5946,-1.1031,-0.33627,-0.029737,0.004047,0.61667,-0.27411,-0.23113
3,10.419,0.24723,-0.40596,0.91722,-0.33657,-0.27608,-0.85464,-0.1027,-0.4409,4.4395,4.2852,7.4177,0.001107,0.56448,-1.1348,0.40149,-0.43529,-0.13745,3.6826,-8.7728,5.2887,0.069728,0.26527,0.034593,-0.059159,0.52721,-0.57768,-10.924,1.2183,-2.9999,-0.44841,0.022783,0.033322,0.90794,0.032808,-0.40847,-13.436,-12.173,-0.65205,0.40719,0.061791,0.002515,0.51846,0.94276,0.28795
4,10.993,-1.3899,1.4865,1.1087,-0.56992,-0.20712,-0.84742,-0.10869,-0.40188,-4.2672,8.5649,3.3456,0.18506,-0.84157,1.8829,-0.38247,-0.66785,-0.30321,1.7637,-9.8107,3.5977,-1.1694,-0.3137,-1.6176,0.26679,0.72492,-0.71107,-11.953,5.5013,-1.2968,0.30987,-0.62938,-0.67352,0.68343,-0.27427,-0.012643,-8.0195,1.6488,0.83316,0.55247,0.63055,0.051965,0.39677,0.46532,0.18565
7,9.1288,-0.52138,-2.8318,-0.097744,0.42859,0.079159,-0.99834,-0.009054,-0.19266,0.61616,5.4279,8.1334,0.90072,0.31815,0.19575,0.42498,-0.28752,-0.74105,1.1869,-0.1013,8.2578,0.2912,0.077176,-0.018618,0.3641,-0.043359,-0.81723,3.3034,6.5513,-1.9052,-0.13642,-0.29963,-0.70105,-0.69751,-0.62029,-0.10467,2.9703,-9.8571,-1.719,0.038598,-0.31444,0.7456,-0.7067,0.57013,0.19115
9,10.435,-1.2507,1.4343,1.0614,-0.66892,0.19839,-0.96687,-0.22682,0.053694,2.2474,7.5528,-4.536,-0.065171,1.4814,0.00318,-0.23378,-0.50203,0.73179,14.663,-0.20042,4.1991,-6.2091,0.44217,0.3441,-0.89047,-0.1794,-0.32747,-9.8208,0.76428,-2.2632,-0.84553,0.19481,-0.20283,0.97448,0.051284,-0.221,-11.456,-0.35221,1.2101,0.18112,0.54924,-0.83585,0.91473,0.088759,0.22629
6,8.5602,1.7479,3.5499,-0.028028,-0.039148,-0.060458,-0.92563,0.23601,-0.12887,2.5355,7.5758,6.0143,0.12757,0.10661,-0.041983,-0.79726,-0.41569,-0.55157,2.0854,-3.6441,8.7229,0.095271,-0.11904,0.083794,-0.71821,0.62094,-0.57824,-8.6266,8.4849,0.099253,0.57915,-0.21409,0.41421,0.70193,-0.15484,0.20166,-0.48417,-2.1527,-0.50483,0.20278,0.2547,0.12709,0.534,0.69684,-0.14621
1,13.019,0.52026,3.4721,0.043891,-0.12469,0.35658,-0.72321,0.14353,-0.47888,12.858,3.7455,-1.3079,0.36842,-0.084474,1.6418,-0.15668,0.3892,-1.6995,13.948,-0.6785,4.414,0.39727,0.29818,0.36713,-1.0513,0.53804,0.14973,-16.222,6.3193,3.9051,-1.2143,0.013859,0.12438,0.40456,-0.804,0.11939,-14.195,-2.8234,-1.7928,-1.3232,-0.33762,0.49489,1.1457,0.25719,0.019745
7,9.1571,-0.24103,3.9123,0.12602,0.88031,-0.11087,-0.64301,-0.092119,-0.71216,1.6313,1.6139,8.6053,-0.017984,0.46969,-0.30093,0.30801,-0.2621,-0.85166,1.7536,-0.038359,9.6986,-0.38577,0.67278,-0.058529,0.32273,-0.15489,-0.86928,1.5663,9.4107,-0.44668,-0.061606,-0.062984,-0.33383,-0.56107,-0.75601,-0.1815,2.3249,-9.4375,0.1893,0.023823,-0.047793,0.25047,-0.66581,0.7014,0.026693
2,17.244,-1.6539,6.2944,2.2717,0.1198,0.21424,-0.84627,-0.11979,-0.70174,3.0687,6.7857,10.817,-0.31568,-0.71355,0.52248,0.11309,-0.7823,-0.7729,1.6483,-11.934,8.8184,-0.23857,-0.080578,-0.95658,0.080738,0.52203,-1.2574,-18.068,1.0736,-1.4254,-0.65892,-0.62811,-2.7992,0.27409,-0.69454,0.032843,-19.953,11.768,-1.3113,0.4517,-0.58451,-3.7511,0.45112,0.56959,0.14751
8,-3.292,-0.75586,-0.59744,-0.33553,-0.48196,-0.071228,-0.59318,0.45195,-0.38506,0.14214,-3.8828,-3.1691,1.5142,0.10574,0.11423,-0.38413,-0.31012,-0.62845,-1.9904,-6.0309,1.1401,-1.9665,0.18466,-0.12281,-0.63802,0.10992,0.40811,-0.68885,2.7018,-0.46522,0.5691,-0.32324,-0.48265,0.52479,-0.084732,0.46546,-1.0173,-3.1566,2.5281,0.22847,0.054489,0.35227,0.52949,0.13464,-0.3961
1,10.738,1.4049,0.72979,0.30069,0.68876,-7e-06,-0.70518,0.1153,-0.52435,-0.38144,8.1288,5.2135,0.025572,-0.37642,0.62604,0.031536,-0.17599,-0.6246,0.58546,-6.8962,7.052,0.18295,-0.43629,-0.86489,0.43671,0.85433,-0.59666,-10.523,3.7392,1.0612,0.24614,0.072041,2.3441,0.83755,-0.20578,0.40851,-10.379,3.4925,-3.6137,-1.6729,0.29722,1.7836,0.65078,0.767,-0.24133
9,14.493,-5.0909,0.55775,0.51408,0.02523,0.04015,-0.85281,-0.26921,-0.23252,15.693,1.8155,1.5159,0.88389,0.64633,1.3969,-0.35775,-0.74567,-0.34028,17.176,3.2856,14.969,-3.4296,-5.9308,-4.842,-0.30774,-0.15267,-0.82558,-15.507,-1.3139,0.29281,0.81267,-0.25566,0.096689,0.80273,-0.36348,-0.30501,-22.898,-0.33616,-7.2457,0.78677,1.8937,-3.2806,0.71422,-0.050226,0.6161
4,4.9224,0.90257,0.58996,1.8115,-0.6106,0.15994,-0.99437,-0.12363,-0.28671,-14.033,11.741,0.93173,0.87998,0.22764,2.6752,-0.067726,-0.70506,-0.2809,3.3449,-7.3963,6.7478,0.042382,-0.69115,-2.6338,0.25691,0.47769,-1.0169,-4.3557,3.8998,-1.6875,0.54597,-0.084982,0.92514,0.63169,-0.16202,-0.11957,-2.9743,1.6235,0.94493,-0.23559,-0.05706,0.26341,0.33318,0.39174,0.14387
8,-3.8279,0.12335,-1.4472,-0.71487,0.068908,0.046384,-0.7407,-0.3103,-0.31652,-4.0358,2.6485,4.1067,-0.61223,0.025086,-0.17958,-0.43442,-0.54595,0.42136,-1.596,1.5334,1.0754,-0.10461,0.00424,0.14286,-0.41732,0.12543,-0.6657,3.5856,6.871,0.77103,-0.85048,-0.49901,-0.037856,0.47066,-0.36827,-0.46654,1.3489,1.6667,-0.90504,-0.093043,0.54707,-0.035337,0.50056,0.18103,0.58393
9,7.7197,0.54449,-3.8308,-0.91316,-0.67135,-0.78681,-0.94015,-0.088713,-0.32439,5.8134,4.0464,2.6371,0.89758,0.28128,-0.77598,0.16565,-0.99523,-0.005793,-5.5931,-3.4924,1.2219,-0.94722,-0.21789,1.6183,0.73556,0.11489,-0.64338,-8.7744,-2.8147,0.59687,0.88439,0.73199,-0.31445,0.92944,-0.34187,0.22605,-8.9286,-2.5583,-2.6321,0.98917,0.22617,-0.11681,0.64181,0.8173,0.14177
2,1.4629,0.99614,-4.5862,-1.07,2.979,0.30068,-0.64652,0.025597,-0.63677,2.5529,4.0202,4.4021,-0.33554,-0.54949,0.5157,-0.14141,-0.17699,-0.66405,4.1824,-4.4341,3.4123,-0.026593,-0.26728,-0.37771,0.13717,0.75502,-0.88812,-4.6168,15.663,-6.6044,0.69162,-0.55605,-1.9092,0.79422,-0.14962,0.38859,2.4013,-12.048,4.5999,0.072304,0.392,1.8583,0.72232,0.7159,-0.26586
5,7.9565,-0.58368,6.369,-0.028364,-0.11379,0.009511,-0.78994,-0.088915,-0.007057,4.2735,8.7428,0.16784,0.10119,-0.12287,0.039688,-0.80038,-0.30757,-0.21596,7.1031,-4.3086,5.0545,0.009422,0.07639,-0.026338,-0.99676,-0.078522,-0.63913,10.098,-5.8704,0.88302,0.010465,-0.25165,-0.02043,0.069475,-0.61368,-0.33978,-3.1958,-14.433,-2.5672,-0.51653,0.42513,0.059773,0.33991,0.27504,0.16697
2,-2.5123,-1.0022,0.094257,0.26782,-0.074894,0.37294,-0.89595,0.074483,-0.82434,4.1295,0.95013,-1.689,0.84199,-0.53612,0.87727,0.36303,-0.95716,-0.66985,-6.3892,-3.429,3.6344,0.068909,0.22115,0.70855,0.1773,1.2611,-0.58412,-4.4034,19.467,0.54611,3.3557,1.3877,-0.5927,0.3231,-0.75018,0.17927,-0.042224,-16.556,-6.5075,1.0665,-0.31308,0.38063,0.80257,0.11864,0.28829
6,9.3383,0.096028,2.4365,-0.16346,0.047096,0.20956,-0.92311,0.29918,0.19357,2.1502,1.301,9.5117,0.009485,-0.22248,0.23786,-0.83079,-0.028981,-0.7457,1.2989,-1.0578,9.3993,-0.14518,0.12049,-0.034901,-0.57806,0.54887,-0.73667,-5.2103,7.1935,-1.8229,-0.72764,-0.22693,1.6732,0.59168,-0.46567,0.22816,-8.7514,-9.5811,-4.5454,-0.70258,-0.46329,1.419,0.69516,0.38423,-0.12995
1,12.391,-1.218,8.3398,0.044807,-0.16144,0.17125,-0.70618,0.2726,-0.63949,2.0245,10.383,0.19978,0.14663,0.14638,-0.006595,-0.19273,-0.55093,-0.45041,0.85837,-6.561,8.0894,-0.11627,0.43118,0.69816,0.25178,0.7549,-0.79413,-15.171,11.3,-3.3028,0.57642,1.5348,-1.4679,0.34153,-0.84361,0.054149,-12.568,-5.3076,-3.1585,-2.0996,-0.11428,0.9228,1.1048,0.28967,-0.046626
9,9.6517,-1.1653,1.5915,0.085162,-0.037895,0.052514,-0.95918,-0.33393,0.075349,15.984,4.911,9.5351,3.1289,-3.5196,2.5288,-0.60463,-0.66758,-0.19336,9.0257,-7.3066,5.9158,0.18108,0.88427,1.7172,-0.86654,-0.14607,-0.42227,-10.245,-0.13281,-1.809,-0.2033,0.055676,0.22642,0.92329,0.042893,-0.31326,-8.5781,-3.6067,-1.6493,-0.61576,0.013977,0.3013,0.80454,0.21627,0.44765
1,8.3654,-1.8201,-3.2197,-0.1028,1.0893,-0.18994,-0.85089,0.20153,-0.20101,8.9615,1.9533,3.8788,-0.50491,-0.044792,0.78418,0.68682,-0.31113,-0.25285,7.7948,-4.1437,4.244,-0.019615,-0.2772,-0.097609,-1.3176,0.85094,-0.83985,-9.7911,0.47713,-1.4981,0.54939,0.26581,-1.2773,0.65769,-0.62475,0.22269,-12.661,2.079,-1.5515,0.18024,0.68654,-2.6679,0.97796,0.62121,0.10404
0,8.2683,1.1372,2.6993,0.004972,-0.70747,-0.10364,-0.83332,-0.19264,-0.68532,4.725,6.0207,5.5256,0.12263,0.35323,-0.38002,-0.3844,-0.87131,-0.76724,6.6215,-3.8675,5.4324,0.002438,0.31743,0.27939,-0.52032,0.72239,-1.2457,-5.4373,-5.262,-0.6265,-0.97554,0.27766,1.3712,0.032494,-0.83943,-0.019281,-9.9195,1.1847,-0.99202,-0.46356,0.19695,1.6694,0.59984,0.41978,0.12228
0,7.1442,-1.0923,3.1331,-0.014839,0.0408,-0.008384,-0.79424,-0.20457,-0.7525,5.8319,5.0646,6.0101,0.026949,-0.021965,0.41326,-0.53901,-0.76978,-0.71462,5.4805,-5.6844,5.0997,-0.30912,-0.54732,0.17534,-0.36082,0.89077,-1.1284,-10.049,-0.7844,-2.0967,0.21249,0.31877,-1.6415,0.15898,-0.77972,-0.19972,-16.92,2.6812,-2.4675,-0.45235,0.50878,-2.351,0.59297,0.3499,0.19818
5,6.86,0.61478,6.9128,-0.12312,0.10101,0.1048,-0.65388,-0.208,-0.10604,4.4188,7.4286,-4.3468,-0.063393,-0.045651,0.11165,-0.75214,-0.35154,-0.11178,5.5737,-7.8019,1.4192,-0.12467,0.133,0.11594,-0.89155,0.3819,-0.65493,-2.4589,10.917,2.0804,0.20477,-0.63967,1.5426,0.28486,-0.48252,-0.35306,-1.1197,-8.6177,-5.5705,0.15634,-1.1335,1.7577,0.24472,0.35279,0.36515
7,8.4827,0.94756,2.5469,-0.18503,0.54674,0.004847,-0.57189,-0.2273,-0.73848,0.99576,12.555,3.8677,0.74358,-0.36413,-0.73069,0.36231,-0.79163,-0.36582,2.7474,-1.5308,11.355,0.016495,0.25345,0.53805,0.23972,-0.006314,-0.92995,-0.93362,9.6485,5.0921,-0.30559,0.27931,-0.63914,-0.58358,-0.65616,-0.40169,-1.1472,-9.2917,1.1394,-0.24473,0.04322,0.83972,-0.43882,0.86739,-0.059604
8,22.3,-5.6772,6.659,0.26347,1.0364,0.26933,-0.71812,-0.32966,-0.28863,22.158,5.6107,2.3847,-0.47857,0.036196,-0.27248,-0.38614,-0.62338,0.27746,21.1,-6.1118,8.8519,0.69306,-0.52437,0.27365,-0.37071,-0.032607,-0.66561,-25.225,4.7242,-5.3562,-1.0901,1.145,0.51261,0.52426,-0.31112,-0.4108,-26.162,-2.4271,-3.8954,1.2939,-1.0876,-0.70448,0.33436,0.23264,0.66518
5,9.0067,0.70118,2.2385,0.019125,0.14896,-0.22712,-0.5597,-0.21839,0.19442,2.533,1.0438,9.3498,0.04227,0.1259,0.027288,-0.26552,-0.1784,-0.23795,2.0288,-0.58874,9.0314,0.18655,-0.088374,0.000646,-0.6456,-0.15425,-0.48935,-4.2843,11.313,-2.1711,-0.92898,-0.046492,0.63149,0.43661,-0.51702,-0.092264,4.5299,-4.4152,1.2681,-0.09318,0.026507,0.43996,0.098886,0.56127,0.24419
1,5.847,-0.22618,3.5488,-0.22716,-0.19996,0.026573,-0.82567,-0.064904,-0.72478,6.0602,2.2192,1.3965,-0.48299,0.56152,-0.99231,-0.8517,-0.76715,-0.44081,6.6265,-4.5487,3.3792,0.15551,-0.24016,-0.1047,-1.6242,0.43847,1.1352,-7.6275,-0.44006,-0.16899,-1.4026,-0.224,2.3806,0.1087,-0.5687,0.16191,-10.097,-0.75428,-1.8997,-1.8082,-0.22804,1.9427,0.60301,0.31723,0.13281
7,10.715,-0.1507,1.4486,0.18604,-0.89227,0.01092,-0.73895,-0.056107,-0.61222,4.928,6.4204,8.0367,-0.63416,-0.041838,-0.12411,0.16233,-0.49658,-0.79055,5.1966,-2.8664,8.2763,0.61207,0.058031,-0.10391,-0.02039,0.057121,-0.93602,0.49547,9.5393,1.6892,-0.2555,-0.30273,0.20613,-0.49919,-0.77491,-0.27599,1.2067,-9.1331,1.4121,0.18321,-0.36624,-0.12668,-0.58842,0.77326,-0.008556
6,9.3967,-0.19307,2.3899,-0.32849,-0.088362,0.32576,-0.9212,0.30029,0.20827,1.9815,1.3978,9.5788,0.015289,-0.23812,0.073952,-0.81837,-0.050862,-0.76012,1.1815,-0.8466,9.5794,-0.041636,0.20492,0.034259,-0.57101,0.53889,-0.74907,-4.3689,6.3041,-1.7751,-0.66979,-0.23805,1.5564,0.58514,-0.48157,0.23487,-8.7971,-10.315,-4.0252,-0.74057,-0.33214,1.1785,0.70927,0.35554,-0.11873
5,8.0891,1.1011,4.8103,0.34735,0.19927,-0.094016,-0.6311,-0.20528,0.09645,4.0743,7.0983,5.1637,0.14478,0.10041,-0.17611,-0.81246,-0.47173,-0.26178,5.4955,-5.7037,6.0448,0.22493,-0.094676,-0.20548,-0.79971,0.24937,-0.63124,-5.5219,10.692,2.5302,-0.50056,0.30735,-2.1,0.36262,-0.39453,-0.24964,-0.68631,-9.6323,-0.11064,0.47101,-0.045958,-2.0146,0.27023,0.504,0.12391
1,11.329,-1.0487,0.98984,-0.031303,-0.6777,-0.29992,-1.1444,0.11605,-0.29265,0.60428,8.0846,6.4144,0.027422,0.26466,-0.89645,-0.18998,-0.60438,-0.77997,0.53344,-7.1725,6.97,0.47572,0.16617,0.44377,0.19319,1.0993,-0.68766,-9.1324,4.6046,-4.2299,0.12221,0.10485,-1.1664,0.66648,-0.37595,0.37485,-7.0551,-10.785,-3.3838,-0.45591,0.7087,-0.67768,0.2608,0.72955,0.17355
3,5.3928,-0.56871,0.18875,0.3261,-0.10098,-0.10384,-0.70445,-0.001737,-0.64313,2.8347,6.5536,4.9607,0.10308,0.15744,0.039532,0.76668,-0.30502,-0.13074,2.9813,-4.1957,6.9538,-0.23357,-0.29016,0.39011,0.085699,0.27202,-0.70766,-7.5696,3.0642,-0.79771,-0.13852,-0.29267,-1.3007,0.82667,-0.38548,-0.30813,-6.3445,-1.3414,-0.73323,-0.62858,-0.27309,-1.6615,0.68799,0.63737,0.34788
3,9.4601,-0.71122,-3.9551,0.52331,0.40878,-0.054635,-0.71302,-0.11163,0.067908,7.0535,9.7343,4.5832,-0.07862,0.39826,0.353,0.34283,-0.75993,-0.25812,6.8961,-4.7562,4.1338,-0.21566,-0.031255,0.29398,-0.4587,0.39616,-0.66832,-7.0367,1.0218,-1.2977,-0.51334,0.18409,0.50671,0.80546,-0.45486,-0.36012,-9.3762,-0.63176,-0.85204,-0.16182,0.30763,-0.81287,0.67656,0.83228,0.64984
9,8.9229,1.6458,-0.18694,-0.26603,0.5926,0.57774,-0.76454,0.40431,0.23363,16.982,5.3877,-0.96042,0.43165,0.15031,-4.9729,-0.68759,-0.092243,-0.54387,14.318,-1.9177,4.562,-1.6803,3.3414,3.614,-0.74721,0.51038,-0.1014,-9.4584,-0.9655,0.43916,1.8922,-0.74294,-0.78379,0.77501,0.026755,0.44915,-9.584,-2.6643,-0.39487,0.16038,-0.084547,-0.2505,0.79612,0.14775,-0.41521
7,9.8414,-0.28981,-1.4319,-0.003253,-0.090874,-0.061887,-0.8969,0.025979,-0.39542,4.2142,5.2044,8.111,-0.69608,-0.63159,0.402,0.15388,-0.46128,-0.80826,5.8941,-4.3819,9.8677,0.05065,-0.95586,-0.21263,0.081559,0.14313,-0.93059,1.2012,9.5043,-2.4629,0.33334,0.12835,-0.89578,-0.49501,-0.82897,0.024243,0.92301,-7.2936,-4.224,0.12519,-0.61517,0.55765,-0.52356,0.66884,0.47172
4,11.759,1.9139,4.1591,0.96489,-0.029047,0.42684,-0.68135,-0.18397,-0.54059,-2.8067,6.6049,4.9196,0.054767,0.59498,-1.1811,0.20751,-0.81755,-0.61289,-3.6749,-14.785,2.9788,-0.46716,1.1998,-2.6251,0.54226,0.72787,-0.538,-12.791,2.6795,-0.97448,-0.13945,-0.047696,-1.9403,0.59902,-0.27685,-0.12314,-10.116,0.12324,-0.82532,-0.53102,0.47532,-1.7511,0.40868,0.41798,-0.034814
3,10.607,-0.37913,1.676,0.061143,-0.18537,-0.17157,-0.76869,0.047815,-0.58657,0.63171,5.6213,8.1663,-0.14003,1.6773,-1.5064,1.0039,0.15981,-0.24405,-0.44958,-4.307,8.9294,0.24038,1.6765,0.80878,0.31913,0.2022,-0.62873,-7.7578,3.985,-3.7071,0.48214,0.44484,2.2382,0.67707,-0.62086,-0.15332,-10.754,0.027858,-1.4795,-0.35366,-0.10174,0.48082,0.69378,0.51255,0.42791
7,9.7076,-0.33113,-3.6247,0.32489,-0.1367,0.007398,-0.92265,-0.007229,-0.36496,7.7482,0.88243,9.3389,-0.30768,-0.70378,0.039994,-0.078707,0.055737,-0.92784,6.3687,-2.5563,9.0448,-0.21241,-0.72615,-0.12371,0.009751,0.040802,-0.9329,1.2215,9.3223,1.2447,-0.013661,0.064198,-0.020523,-0.70173,-0.61611,-0.26359,1.7733,-9.4678,-0.46938,0.14057,-0.089457,-0.011454,-0.75803,0.61172,0.012553
5,8.4914,1.6789,5.994,-0.017169,0.22511,0.024177,-0.62801,-0.22564,0.070954,3.874,7.6238,4.8676,-0.028966,-0.11017,0.077191,-0.81587,-0.47679,-0.25694,5.0893,-6.3061,6.8602,-0.39685,0.20301,0.05388,-0.79866,0.25972,-0.63385,5.2734,-0.25305,0.82291,0.15248,-0.40446,1.4183,0.23558,-0.54562,-0.38668,-5.3885,-17.791,0.18982,0.97777,0.064632,0.17619,0.38554,0.2589,0.14953
0,9.9183,-1.3046,1.3917,0.79344,-0.13445,0.27172,-0.65468,0.08272,-0.60928,9.9033,3.2227,0.63119,0.35218,-0.59706,0.97218,0.16343,-0.052458,-1.0605,10.551,-3.271,2.5413,1.1977,0.82648,1.6078,-1.3977,1.0652,-0.04744,-12.908,0.50112,-0.31358,-0.30797,-0.042661,-0.90987,0.49194,-0.64272,0.26471,-17.831,4.9696,-2.5843,-1.9617,0.3804,-1.9751,1.0687,0.71093,-0.13946
6,8.5217,0.87948,4.8864,0.28625,0.13478,0.2611,-0.90944,0.28583,-0.16733,1.6402,8.3385,4.818,-0.14632,-0.15248,0.18203,-0.72677,-0.56127,-0.5094,0.1958,-5.0026,8.7221,-0.1116,0.20753,-0.011701,-0.58515,0.70722,-0.56985,-0.42925,1.3009,0.67659,-0.37967,0.35891,0.47811,0.63092,-0.52813,0.084564,-6.63,-7.726,-5.8591,-0.034258,-0.093686,0.080603,0.72021,0.4143,-0.10498
7,9.2964,-0.74654,1.4629,0.2386,-2.2213,0.16709,-0.88732,-0.063227,-0.50157,-2.689,5.4202,8.8896,-0.008531,-0.4333,1.5657,0.69693,0.035195,-0.58681,-2.3544,-0.046379,9.9137,-0.2186,-0.32592,-1.3591,0.53278,-0.32413,-0.62578,2.6674,9.4744,-1.2177,0.29056,0.17251,0.52881,-0.71637,-0.59197,-0.1244,3.236,-9.0267,-1.4584,-0.2151,0.14044,-0.52633,-0.7351,0.54106,0.1587
4,7.9694,0.30047,1.2248,-0.17464,0.04253,0.00415,-0.81684,-0.18546,-0.46564,0.71612,8.6498,4.7723,-0.45592,-0.37093,-0.80277,-0.43753,-0.53731,-0.39692,2.4272,-5.4999,7.5651,-0.1442,0.55727,-0.083488,-0.17725,0.49516,-1.0802,-9.0921,-1.9856,0.96061,0.12607,-0.37074,1.4201,0.62823,-0.1302,-0.13185,-7.4552,-3.343,-1.4097,-0.064984,0.087359,0.82274,0.43256,0.34649,0.24756
7,9.7464,-0.9089,-0.51451,-0.062581,-0.24815,0.03417,-0.84946,-0.049133,-0.47088,2.7473,3.3855,8.9958,-0.12607,-0.34885,0.11546,0.3224,-0.26833,-0.84425,2.5687,-0.94215,9.0605,0.49114,-0.36286,-0.043669,0.26062,-0.14893,-0.89014,1.257,8.8325,-1.2946,0.082264,0.1189,-0.42701,-0.64857,-0.71491,0.021522,1.6253,-7.898,-3.8058,-0.64171,-0.034205,0.45014,-0.66817,0.5985,0.36723
1,9.9675,0.64246,2.7577,0.2434,-0.044224,0.115,-1.0961,0.071804,-0.35017,0.078275,7.891,5.4095,-0.18392,0.44393,-0.49605,-0.17474,-0.60852,-0.77773,1.1982,-6.4038,8.2862,-0.060438,0.76675,0.58598,0.10543,0.98406,-0.80556,-5.9865,1.756,-0.42229,1.1574,0.020411,0.58854,-0.00326,-0.80856,0.28184,-10.081,-2.3631,-1.8147,-0.011595,-0.47651,1.6809,0.87879,0.47722,0.036344
5,8.9632,-1.8124,3.5996,-0.30794,0.14309,0.31485,-0.62017,-0.092037,0.077383,5.9122,5.5083,4.7822,0.037458,-0.054044,0.20579,-0.87752,0.026131,-0.2153,6.896,-4.8588,12.775,-0.54989,1.8425,0.45156,-0.79493,0.090655,-0.61941,2.2557,5.9197,-0.26125,-0.32361,-0.25064,1.0742,0.32123,-0.55858,-0.28094,-0.33503,-13.579,-5.576,-1.6044,-0.1881,0.2677,0.38649,0.34286,0.25584
4,8.0739,0.60875,1.7131,0.23345,0.25556,0.11598,-0.79766,-0.22111,-0.47419,-1.2397,9.0655,5.0541,-0.17579,-0.3398,-0.28218,-0.31829,-0.54445,-0.40934,2.9842,-6.1621,7.1256,0.09689,0.26927,-0.35748,-0.11307,0.52825,-1.0824,-8.4601,-1.315,-0.34927,-0.22626,-0.38622,1.1664,0.65232,-0.10239,-0.077073,-6.7512,-3.6732,-3.1022,-0.5362,-0.12266,0.77863,0.39812,0.38093,0.21637
9,9.7645,2.591,5.2533,0.17468,-0.72299,0.71646,-0.67464,0.20118,-0.37518,2.6446,6.6164,-0.54723,0.7269,0.88195,1.9883,0.20123,-0.67937,-0.32284,-5.0982,-0.3989,1.6892,-0.53687,-0.94989,0.526,0.67487,0.21472,-0.17312,-10.888,-2.8567,-1.5358,-0.31124,0.12358,0.053701,0.67619,-0.26819,0.29341,-9.031,1.9064,-1.7153,-0.63878,0.63837,-0.19845,0.67564,-0.11932,-0.33533
7,10.153,-0.4264,-1.4133,-0.14438,-1.6697,0.16437,-0.89859,-0.084308,-0.45013,-3.7737,2.0627,7.9296,-0.40938,-0.37146,-0.13322,0.66927,0.22077,-0.57863,-5.6998,2.4255,7.2642,-0.046445,-0.10912,-0.22593,0.59732,-0.4846,-0.42907,2.9749,9.0404,-1.4882,0.28115,0.33318,0.42151,-0.75513,-0.53993,-0.14161,3.5563,-9.1518,-0.85512,-0.30921,0.15748,-0.52282,-0.78276,0.46675,0.13595
7,9.0532,-0.34557,-4.2272,0.21513,-0.52055,-0.18086,-0.96474,-0.016789,-0.23214,6.4856,1.0925,7.0865,0.26379,-0.68634,0.079588,0.006933,0.06391,-0.93342,5.1995,-2.2372,7.8431,0.032572,-0.7614,-0.21916,0.097081,-0.023412,-0.92996,1.3318,9.4022,0.31606,-0.062427,0.11891,0.075014,-0.67651,-0.65003,-0.25145,2.1702,-9.3164,-1.3753,0.1277,0.067841,-0.068479,-0.74564,0.62864,0.060353
1,6.2389,-0.039939,1.5586,0.74766,0.022591,-0.045118,-0.71699,0.064185,-0.52922,6.205,3.3442,0.62252,0.52918,0.066228,0.52403,-0.36936,-0.61855,-0.8105,8.3199,-2.1406,1.6451,-0.54495,1.3687,1.875,-1.2043,1.1641,-0.62755,-8.5853,3.1223,-2.5933,0.9123,0.31616,-1.3642,0.71618,-0.46787,0.27801,-6.8704,4.3558,-0.8444,1.4597,0.080464,-1.5062,0.74333,0.97203,-0.16547
5,9.3329,-0.67752,3.2075,0.12423,-0.045463,-0.085122,-0.59712,-0.17394,0.13495,2.5309,0.48107,9.5886,0.014327,0.039567,0.030596,-0.27001,-0.17446,-0.24384,0.87331,-1.5864,9.7036,0.045988,-0.037026,0.027568,-0.58595,-0.086308,-0.54978,-2.6248,9.4066,-1.8998,1.1821,-0.040518,-2.155,0.3455,-0.53664,-0.19597,-1.3641,-11.174,-4.4722,0.98264,0.33761,-1.683,0.2847,0.46441,0.29127
2,43.316,5.2927,3.1592,1.5506,-0.25417,-1.8003,-1.1174,0.10483,-0.384,-2.5895,33.022,5.7185,-1.1963,-1.2313,-5.8217,0.32508,-0.55621,-0.54277,-0.063392,-21.908,10.791,-1.3811,0.49606,-5.3812,0.53632,0.80667,-0.69893,-32.855,-1.5126,-4.0963,-2.2712,2.4863,3.8249,0.40104,-0.66417,0.33319,-22.362,6.6659,-4.2475,-2.2032,-2.267,4.7427,0.56331,0.63315,0.15154
3,5.4978,-0.12035,0.59897,-0.63823,0.82256,-0.15493,-0.6895,-0.052915,-0.65718,4.3981,2.8865,6.106,-0.11604,0.62857,-0.48068,-0.11056,-0.3263,-0.87745,7.021,-2.1978,4.5192,-0.21913,1.0019,0.2749,-0.29598,0.41576,-0.70098,-6.3815,1.7421,-0.23726,0.010719,0.12025,1.5414,0.85085,-0.26873,-0.36215,-7.1831,-5.0837,-0.70857,0.26646,0.17414,1.5051,0.82037,0.48404,0.34694
1,8.3182,-2.8243,6.9919,-1.232,-1.1069,-0.042119,-0.78074,0.24709,-0.61098,4.813,7.1914,-2.5297,-0.32001,-0.23769,0.371,-0.61797,-0.50467,-0.26283,4.1629,-5.9369,6.6735,-0.56346,0.65995,0.14096,-0.04993,0.70883,-0.84574,-8.7659,-1.9542,0.16333,0.38545,0.29819,-1.0957,0.75611,-0.57414,0.053705,-12.063,1.8262,-5.584,2.5815,0.92057,-2.7908,0.9043,0.54361,0.097057
8,11.576,-2.2666,3.4805,0.080978,0.67967,-0.13356,-0.72162,-0.33103,-0.30602,13.766,7.8481,0.2413,-0.36079,-0.84969,0.46755,-0.41653,-0.54288,0.40848,13.083,-5.3179,7.0734,0.060848,-1.0151,0.014528,-0.39235,-0.042397,-0.66374,-19.213,-2.566,0.41478,0.33735,-0.66474,-0.52842,0.53878,-0.26016,-0.43479,-15.095,-6.0621,-2.248,0.044416,-0.60515,0.40406,0.39476,0.19526,0.64654
7,8.9511,0.8954,2.0484,0.56794,-0.038731,0.18028,-0.79393,-0.033583,-0.68944,-9.5154,-1.8422,3.9786,1.0256,0.39658,-0.32132,0.76299,-0.035879,-0.52033,-7.3799,1.1569,8.471,-0.63512,-0.11558,-0.23253,0.43168,-0.22369,-0.76461,-0.53582,10.717,-0.58484,-0.68168,0.30305,1.1242,-0.43717,-0.80448,-0.062834,1.0676,-10.291,-0.69107,0.12558,0.016633,-0.81943,-0.48171,0.76962,0.20666
1,13.743,0.60621,0.95968,-0.56836,0.12968,0.24516,-1.0561,0.15797,-0.43361,0.3006,10.095,5.3627,0.32495,-0.48429,1.1899,-0.13363,-0.61275,-0.78296,-0.37828,-7.6479,8.0749,-0.32569,-0.47695,-0.26356,0.28552,0.9781,-0.7374,-12.986,3.6216,0.96106,-0.76717,-0.51155,-0.69392,0.064236,-0.82483,0.23327,-11.494,-8.7495,-3.2113,0.16419,0.054469,-1.4739,0.93487,0.36489,0.024941
9,6.2945,-2.6332,-0.77536,-0.008404,0.60383,-0.49985,-0.74587,-0.41798,-0.043339,4.723,4.6411,4.6236,0.5862,0.54416,-0.022143,-0.41527,-0.69889,0.19213,-1.6854,-8.9268,9.5436,-2.3042,1.3156,1.8799,-0.41674,0.19353,-0.68794,-9.2132,5.6159,-3.0384,1.8346,-1.193,0.97935,0.73137,0.044696,-0.31224,-8.5749,-1.7968,0.79524,-0.19384,-0.75327,-0.37457,0.66998,0.065199,0.49836
0,7.7393,-1.36,1.8449,0.27537,-0.35404,-0.091328,-0.85773,0.10395,-0.57183,7.2766,2.2443,3.4328,0.62913,-0.51288,1.0597,-0.2767,-0.28091,-0.74116,7.305,-1.9428,1.2273,0.06646,0.73044,1.4803,-1.2819,1.2576,-0.32835,-8.8337,-0.12644,-2.6509,0.67156,-0.03526,-1.5203,0.66544,-0.21774,0.44544,-5.0787,6.0625,-3.2042,0.67966,0.41502,-0.58454,0.75309,0.66199,-0.43016
0,8.9828,-0.82675,1.2654,1.0023,-0.10791,0.24517,-0.64509,0.10613,-0.62282,8.4461,5.9947,0.3368,0.74228,0.21148,2.0913,0.16934,-0.065129,-0.94632,10.053,-4.0005,4.7187,0.66809,1.0384,1.4095,-1.458,0.88439,0.24862,-9.4616,3.8941,-5.5358,-0.31427,0.34784,-2.0553,0.45689,-0.64713,0.28666,-12.092,1.8917,-4.0138,0.50264,0.047563,-2.71,1.0922,0.56477,-0.11718
8,6.4701,1.8488,-0.96902,-0.31346,-0.20219,0.61143,-0.65321,0.38709,0.28234,8.2484,5.1366,2.4338,-0.83028,1.4282,-0.66062,-0.55841,-0.031865,-0.40726,11.107,-2.1408,3.2018,1.0108,0.49105,-0.46571,-0.81272,0.13693,0.074731,-22.994,4.5092,-9.384,0.90791,0.50215,0.98993,0.64903,0.18691,0.58875,-16.191,-5.4176,-3.4718,0.62501,0.1757,-1.1146,0.62117,-0.27169,-0.28381
8,-0.99209,-0.72752,0.87998,0.088622,-0.75881,-0.094504,-0.63916,0.45154,-0.29488,1.3331,-0.24496,-0.37746,-0.050955,0.4413,-0.54373,-0.42907,-0.2887,-0.61896,-0.093061,-0.087791,1.6496,-0.65285,-0.59773,-0.45214,0.026859,0.59822,0.51388,-1.2445,4.7249,1.7566,0.94158,-0.083928,0.39283,0.51327,-0.010125,0.49338,0.5965,-6.5475,2.8704,-0.30945,0.000891,-0.038159,0.4938,0.051133,-0.45901
3,-8.4759,8.2057,7.3275,-0.20008,0.17292,-0.093316,0.52628,-0.2019,-0.83331,3.0733,9.9638,-3.7514,-0.21857,-0.31613,-0.1654,1.055,-0.39638,0.39885,4.3958,-8.3462,5.3032,-0.2787,0.44208,0.60705,0.017133,0.55165,-0.50817,-2.8862,-9.4862,-3.3938,-1.4345,-0.27571,0.54857,0.59287,-0.54637,-0.53777,-17.062,-6.5827,-3.566,-0.51293,0.040512,0.56815,0.6707,0.33644,0.65192
4,9.5758,-1.5173,2.337,1.2917,-0.28905,0.20289,-0.75733,0.067093,-0.51433,2.2284,6.7789,6.518,0.0594,0.62368,-0.76876,-0.31048,-0.64568,-0.82091,-3.7277,-5.2073,6.6452,0.87803,-0.23161,1.2639,0.001332,0.36162,-0.86062,-10.613,0.58505,-1.7666,0.088414,-0.052888,-1.0726,0.5514,-0.26424,-0.061771,-11.348,-3.0302,0.003239,0.72786,0.26607,-1.2837,0.50421,0.24859,0.1863
0,6.5486,-1.7781,1.5592,1.1954,-0.16435,-0.077272,-0.73344,0.2236,-0.65936,5.5639,2.4432,0.75721,2.8881,0.9685,-0.79533,-0.11839,-0.51575,-0.8931,8.2492,-1.3887,1.2922,1.1708,0.53294,1.598,-1.2563,0.81913,-0.052918,-8.7483,-0.041517,-1.0739,0.28105,0.48918,-1.3755,0.92519,-0.42267,0.23422,-8.2932,1.4851,-0.31169,1.7872,0.26358,-2.0661,0.95517,1.0053,-0.2213
9,7.0616,-1.5892,5.8598,-0.060879,-0.18883,0.095295,-0.42062,-0.18511,-0.8501,-8.4862,-4.9389,1.0553,0.19504,0.27814,-0.11224,0.72968,0.47411,0.42393,-9.067,0.76338,3.7642,0.043507,-0.12159,0.4991,0.62821,-0.4903,-0.52527,-9.8406,-0.11074,-0.4944,-0.13768,0.11404,0.17353,0.85479,-0.363,-0.28419,-9.4417,-2.0346,-0.29552,0.36168,-0.039779,-0.4212,0.73541,0.67885,0.22449
8,14.116,1.6542,9.1176,-1.4898,-0.79301,0.35275,-0.81506,0.38058,-0.12356,12.318,4.4614,-1.7087,2.0402,0.56912,0.044693,-0.64073,-0.038364,-0.24839,14.374,-3.2112,0.74511,1.1714,-1.0575,1.6635,-0.72023,0.18785,0.24066,-14.233,-3.8062,3.878,-0.50608,-2.1761,-1.0112,0.46014,-0.052492,0.55465,-14.451,0.85262,1.75,1.4368,-0.9494,1.1305,0.57074,0.17407,-0.33846
1,11.241,-0.93033,4.0949,0.095217,-0.21396,-0.096366,-0.72389,0.1572,-0.49157,-1.6514,8.5678,5.8595,0.031052,0.23607,-0.71998,0.080085,-0.18793,-0.62053,-0.92475,-7.0236,8.0834,0.094269,0.46768,0.19708,0.52135,0.83093,-0.57327,-10.161,1.7282,-4.4984,0.016045,-0.09488,-1.001,0.83391,-0.21312,0.40653,-7.1557,-9.9015,-4.2782,0.40077,0.73442,0.050994,0.54552,0.94408,-0.11834
3,9.5771,0.097809,3.2503,0.48451,-0.19448,-0.086873,-0.64791,-0.27317,-0.63289,-1.0898,10.001,-3.2633,-8.962,-2.0038,0.47205,0.67096,-0.67912,0.31481,0.88254,-10.474,-0.009382,5.1388,-0.86363,0.92927,0.297,0.75181,-0.11514,-10.118,-0.36641,-1.6123,0.77558,-0.23608,-0.41734,0.81073,-0.43384,-0.45315,-8.5662,-5.0537,-2.5725,0.53877,0.58836,-1.4805,0.54301,0.69797,0.57827
7,8.5359,0.76421,3.6413,0.045985,1.3246,-0.39587,-0.6209,-0.1683,-0.7184,1.1572,-0.24327,9.5256,-0.30893,0.54265,-0.45094,0.47847,-0.10298,-0.8177,1.6054,2.8014,8.5962,0.048808,0.59584,0.49229,0.44339,-0.3036,-0.78179,-0.54025,9.9214,-0.37791,0.005642,-0.097146,-0.69069,-0.32007,-0.8827,-0.18614,0.89232,-10.282,1.4315,0.093612,-0.23336,0.6035,-0.4648,0.84557,-0.092302
8,-5.7117,-0.63018,-1.8087,0.22744,-0.24853,-0.14251,-0.40081,0.019643,-0.70081,-3.4659,1.93,-0.46321,0.12573,0.41194,0.10941,-0.5088,-0.39861,-0.39174,-2.7087,1.1994,0.57248,-0.11592,0.29381,0.25625,-0.41905,0.44745,-0.43667,-1.0416,6.6136,0.57304,-0.4215,0.17033,0.44687,0.67543,-0.28062,0.017055,-2.1692,-9.374,2.2265,1.3854,-0.11333,-0.026136,0.66113,0.18738,0.30195
2,1.9845,0.2767,0.26859,-1.004,0.9338,0.12114,-0.72268,0.34914,-0.67341,7.2162,5.6509,-1.8469,0.10685,0.10688,-0.31722,-0.79037,-0.49115,-0.26885,7.775,-3.6395,4.1597,0.31869,-0.41497,0.93237,-0.56864,0.45654,-0.96313,-4.1924,10.181,1.1711,-0.049257,1.3182,-1.1166,0.5109,-0.69614,0.11297,0.56083,-16.461,1.2119,-1.5684,0.6085,-1.9557,1.1558,0.13548,-0.26405
5,10.016,-1.3032,3.9523,-0.58416,0.56926,0.39042,-0.65939,-0.05863,0.026256,0.6042,4.7491,8.2326,-0.14463,-0.12997,0.040361,-0.23348,-0.35,-0.30928,-0.1868,-2.0209,9.7173,-0.22187,0.04625,-0.005616,-0.51303,-0.12287,-0.59668,3.2339,3.4459,2.6114,-1.0414,0.26084,1.2588,0.13187,-0.65021,-0.13319,-3.3226,-17.278,1.0003,0.31389,0.2684,0.54475,0.44139,0.3487,0.15705
7,9.5917,0.15139,4.3633,-0.2706,0.87276,-0.035332,-0.37403,-0.12721,-0.86904,2.6861,9.2868,-1.4635,0.37846,-0.054757,-0.15079,0.46866,-0.8192,-0.0271,4.0821,-4.1034,8.5687,-0.050533,0.12248,0.12638,0.33015,0.07947,-0.89627,1.3986,8.0893,3.932,-0.16396,-0.012081,-0.41427,-0.70995,-0.52973,-0.38406,-0.40649,-8.8968,2.0053,-0.12756,0.12718,0.31383,-0.58534,0.77291,-0.073541
1,13.198,0.6962,3.6159,-0.027399,-0.20797,-0.52042,-0.73477,0.007508,-0.49414,13.059,3.9226,0.15931,0.41685,-0.18677,0.078485,-0.82966,-0.60099,-0.92156,10.988,-2.071,3.8774,0.17885,-1.0661,-1.7777,-0.54466,1.1733,-0.68726,-14.525,4.1947,-1.0257,0.75439,-0.67835,-0.51823,0.88012,-0.16774,0.27962,-12.164,0.22205,0.62381,1.9985,0.26818,0.36764,0.7121,0.96111,-0.23081
0,9.1941,0.50146,3.3555,0.31822,-0.21,0.22955,-0.63686,0.11447,-0.60779,1.0113,8.1567,5.1121,0.10052,0.55017,-0.28007,-0.12047,-0.24262,-0.64091,1.82,-5.1115,7.7213,-0.032052,0.33615,0.60646,0.26181,0.74079,-0.83214,-9.6347,11.659,-2.1247,1.4788,0.1051,-0.23045,0.37432,-0.71549,0.38555,-9.7856,-3.5628,-0.94342,-0.026174,0.31855,1.037,1.1343,0.29221,-0.17132
7,9.6002,1.1873,2.8473,-0.22045,1.0752,-0.051615,-0.45442,-0.18055,-0.82308,1.1601,8.5417,-1.1878,0.36968,-0.032181,-0.33992,0.48758,-0.80877,-0.018812,3.1263,-4.3303,10.115,-0.37733,0.3922,0.18452,0.27984,0.064815,-0.91624,0.80094,8.24,3.499,-0.024858,0.11478,-0.74093,-0.62776,-0.6414,-0.35571,-0.73652,-9.3832,1.1273,-0.28418,-0.054235,0.67489,-0.49656,0.83624,-0.016433
1,6.3755,-0.81873,3.122,0.15012,-0.37818,-0.03626,-1.1335,0.11842,-0.43171,2.7545,6.3907,4.9263,-0.23689,0.48449,-0.26058,-0.23904,-0.55486,-0.80887,1.6435,-5.8308,6.2278,0.08581,0.040612,0.20333,0.074675,1.0333,-0.8352,-8.176,1.2733,-0.96271,0.22065,-0.18515,-1.9938,0.42996,-0.61101,0.35356,-9.5946,-0.53378,-0.9008,2.367,1.387,-2.7919,0.42914,0.70304,0.16345
6,9.8689,1.1088,-0.7855,-0.10605,-0.13497,0.23313,-0.99492,0.41642,0.36901,-1.0818,6.6132,7.3648,-0.03392,-0.095038,0.079053,-0.52672,-0.35624,-0.85066,0.54429,-0.11419,10.179,-0.068583,-0.082805,0.05289,-0.54325,0.37429,-0.82849,-6.9745,9.7996,-4.2434,-0.42393,0.69821,1.7087,0.47759,-0.47145,0.33342,-6.2678,-8.5693,-2.6349,-0.22674,-0.97928,2.0513,0.43778,0.74007,-0.21614
1,13.53,0.087348,4.8539,-0.54919,0.7047,0.11214,-0.79277,-0.131,-0.69279,-1.4068,7.6944,6.3367,0.42453,0.66875,0.28596,0.15069,-0.81636,-0.60566,-0.19186,-6.5259,8.4012,-0.15026,-0.18612,0.4599,0.34201,0.71292,-0.97349,-8.7585,12.136,0.2913,-0.96134,0.40873,-1.676,-0.051191,-0.81566,-0.094659,-13.191,-2.616,-0.13657,-1.696,-0.38779,0.26499,0.71666,0.29635,0.12679
3,-4.2407,4.2757,5.2086,-0.87077,-0.48011,0.17773,0.56934,-0.18228,-0.77458,9.298,4.9781,0.50392,0.090124,-0.46097,-0.71794,-0.43016,-0.97132,0.41708,7.6346,-5.1463,2.9959,-0.064549,0.004311,0.79309,-0.26505,0.59105,-0.43085,-8.0933,3.3855,-0.29595,0.20951,0.071121,-0.63977,0.81563,-0.16563,-0.49516,-7.2972,-2.0169,-2.6911,0.054264,0.27404,-1.5466,0.61398,0.69591,0.55356
5,9.2663,0.44061,2.501,0.094804,0.076782,-0.18429,-0.58093,-0.19394,0.17041,2.9213,0.71953,9.5342,0.054891,0.14739,-0.10804,-0.28597,-0.17057,-0.22607,2.0263,-1.1126,9.5072,0.054923,-0.036675,-0.07368,-0.65599,-0.11681,-0.48421,-4.4235,10.498,-1.149,-0.698,-0.13416,0.74323,0.44743,-0.50873,-0.093696,4.0252,-4.8666,1.2594,-0.19869,-0.054904,0.62683,0.11297,0.553,0.2562
9,3.6476,0.22702,-2.8997,0.35439,-0.18797,-0.25361,-0.69878,-0.50073,-0.37274,9.3564,-5.561,5.5487,3.3225,-1.8363,3.6238,-0.22347,-0.74184,-0.58584,9.5947,-0.57064,7.6182,-3.0259,-0.014922,-0.88835,-0.31859,-0.261,-0.83226,-5.1047,6.6889,3.3811,1.0836,0.24191,-0.083025,0.73623,-0.21354,-0.52497,-4.7926,-5.1217,3.0623,-2.2016,-0.80329,0.06877,0.66883,-0.091415,0.64263
6,9.8595,0.17379,1.1087,0.084511,-0.22887,-0.072948,-0.78256,0.33137,0.18731,2.0888,3.6152,8.3834,-0.15534,-0.086623,-0.045824,-0.49487,-0.05771,-0.63016,1.5413,-2.6808,9.6204,0.22029,0.017943,0.14007,-0.41696,0.57935,-0.51819,-7.9584,8.2922,-3.0281,0.19684,0.40259,1.2355,0.5772,-0.18276,0.3359,-5.7727,-6.2973,-4.3924,-0.70478,-0.6604,1.508,0.55885,0.56424,-0.01229
2,42.831,-4.1652,-1.915,4.4116,-0.50715,0.19875,-1.2822,0.21695,-0.42336,-0.51475,25.639,-3.4995,4.4735,3.045,2.218,0.16412,-0.98167,-0.61189,-0.64882,-30.757,7.3413,1.21,-0.44754,5.7859,0.68587,0.99924,-0.58937,-16.787,-13.51,-7.4214,2.0873,-0.78239,-3.0709,0.14209,-0.75008,0.29973,-28.062,-2.422,-3.9799,0.47422,2.0509,-4.3774,0.54027,0.52553,0.24397
2,3.5912,-2.4159,1.292,-1.2657,0.70631,0.29407,-0.90514,0.11962,-0.45305,3.9541,0.02217,1.5004,-0.91148,-2.0856,-0.9321,0.38318,-0.72119,-0.33083,-7.3871,-0.20314,1.8504,-0.14349,0.75648,0.27854,0.088502,1.1538,0.003327,-1.3379,-10.167,-1.4991,-0.56138,-0.3281,-0.4023,0.55641,-0.50691,0.46645,-12.087,-10.499,2.0582,-0.65026,-0.085992,3.4526,1.0062,0.18031,-0.03203
9,11.742,-1.4557,1.9155,0.90658,-0.48575,0.47671,-0.54,0.60628,-0.278,-3.6045,3.7144,8.1088,-0.088267,0.019519,1.4583,0.46806,0.31203,-0.59766,-3.6379,-7.7215,-4.4294,-0.68007,-1.0917,-0.49292,0.71945,0.18035,0.37248,-12.868,-6.1312,1.1442,-1.9433,0.4104,-0.74775,0.77534,-0.39165,0.52931,-11.749,3.631,-4.5,-1.7879,-1.2026,0.48644,0.61146,-0.007358,-0.51631
7,9.9664,0.92134,1.9232,0.32857,-0.49243,-0.015874,-0.55128,-0.20639,-0.75058,2.4129,9.4151,-1.3173,-0.72463,0.058806,-0.036805,0.47155,-0.81009,-0.096876,4.4539,-2.1013,8.9839,-0.76149,0.016149,-0.28594,0.24897,-0.1269,-0.92442,1.8469,8.5134,3.8195,0.048254,-0.16162,0.039758,-0.71463,-0.54425,-0.3493,-0.18077,-9.2238,2.0022,0.13002,-0.003288,-0.053267,-0.5907,0.77085,-0.045959
9,9.7341,0.94833,1.7603,0.17257,0.46155,0.004098,-0.96956,-0.32292,0.10189,1.8343,13.675,-12.463,0.84048,-1.3278,-2.0275,-0.19884,-0.54973,0.75599,-2.9589,-11.438,8.2685,0.22183,0.64724,3.059,-0.40603,0.43357,-0.81074,-8.5058,-1.8288,0.4661,-0.37108,0.55954,-1.0718,0.97964,-0.23206,-0.26987,-9.6802,-1.1,-1.3497,-0.27884,-0.022036,-0.13093,0.8914,-0.14621,0.40621
7,7.9354,-1.5905,8.0536,0.17582,-0.82615,-0.19976,-0.32306,0.017057,-0.91508,-16.812,9.7229,5.0596,0.45487,0.24668,-0.074266,0.88404,-0.37567,-0.095894,-15.586,3.7622,9.9768,-0.88896,-0.13816,-1.2418,0.70485,-0.090004,-0.6365,-0.14011,7.331,4.7491,0.35472,-0.4442,0.63957,-0.42004,-0.76742,-0.40275,-2.37,-9.5762,0.84517,0.015304,-0.025529,-0.98374,-0.18045,0.95308,0.062059
0,11.061,-0.98476,1.4806,0.9105,0.22217,0.035965,-0.73087,0.20097,-0.65924,3.7408,9.3716,-0.71848,-0.16181,-0.26447,0.26708,-0.5156,-0.53666,-0.41553,5.7567,-4.5275,6.8009,0.11734,-0.10488,0.047074,-0.15227,0.71114,-0.91879,-9.5203,5.3365,-0.84618,-0.17839,-0.18996,-0.10537,0.71635,-0.55716,-0.05298,-14.056,1.9664,1.3969,-1.1964,1.7309,-2.9673,1.0339,0.45379,0.072443
4,11.197,1.9804,1.2908,-0.57639,-0.040014,0.041285,-0.82058,-0.13606,-0.29504,2.4538,7.1715,6.6416,-0.71856,-0.75742,2.2833,-0.13085,-0.75097,-1,-6.9449,-8.7213,5.8916,-1.4384,-0.24587,-2.1642,0.098755,0.48616,-0.68186,-4.3253,-2.1281,0.55318,-0.88167,0.39769,-0.08918,0.52101,-0.31395,-0.10419,-13.131,-2.0647,-1.5612,-1.4247,-0.72566,1.6091,0.61282,0.1133,0.26108
5,9.1374,-1.14,3.6799,0.21778,0.043616,-0.17552,-0.6143,-0.095528,0.099317,6.7456,5.0501,4.7706,0.084177,0.03321,-0.13728,-0.87994,0.035979,-0.19578,0.45674,3.2147,9.4999,0.52478,-0.14369,0.025568,-0.49208,-0.33962,-0.44888,-7.1193,11.069,-1.3928,0.36382,-0.036424,0.005972,0.5652,-0.38424,-0.089581,4.898,-4.2953,-1.4356,0.10127,-0.12003,-0.57266,0.039214,0.55753,0.25638
2,17.003,5.5377,-12.12,-1.3952,0.38622,-0.9443,-0.88197,0.16664,-0.37101,-9.0447,25.727,-2.0742,1.2459,-1.297,-0.70059,0.13819,-0.53854,-0.53261,7.6524,0.44909,0.33056,-1.7774,0.31337,-2.7881,-0.16236,1.1656,-0.35895,-22.594,0.49508,-4.4032,2.3947,0.80222,0.82289,1.0182,-0.097459,0.2885,-24.423,11.516,2.2601,-1.72,-0.15678,-0.63435,0.84721,0.87084,-0.23435
5,8.1431,-1.9797,6.5441,0.070438,-0.35653,0.11803,-0.79507,-0.070264,-0.03555,4.7118,8.1856,1.9239,0.048775,0.017645,0.15016,-0.80741,-0.26553,-0.28507,7.6453,-4.538,6.119,-0.023172,-0.11389,-0.067268,-0.9914,-0.074485,-0.65474,3.6184,-4.8363,-0.27498,0.077779,0.40629,2.1733,0.17051,-0.56811,-0.33368,-4.5155,-14.563,-2.5405,1.074,-0.35618,1.2434,0.32627,0.30669,0.16696
4,3.7328,0.53582,-0.55539,0.80496,2.4181,-0.093463,-0.82415,-0.18606,-0.63033,-6.2077,12.451,-3.7959,-1.0533,-1.8505,-0.49164,-0.32055,-0.67561,0.14643,5.6564,-0.5941,6.659,-0.61415,1.0466,0.38722,0.038182,0.56671,-0.91725,-8.2815,6.0447,2.2033,3.0604,-0.5259,1.7279,0.61641,-0.18216,-0.15377,-9.2918,1.1515,0.020728,0.38955,0.31372,1.3196,0.44253,0.36712,0.008558
2,33.527,11.564,7.4253,-0.93732,-7.4252,2.1877,-0.89631,-0.26441,-0.58513,-8.2881,24.037,5.8302,1.3417,-2.3071,-2.0974,0.61823,-0.68673,-0.5326,-3.6339,-16.621,14.069,-1.0947,4.1421,-2.9213,0.34694,0.87032,-0.80883,-34.738,-8.9816,-3.9575,-2.3258,1.2878,3.5771,0.37879,-0.66067,0.015011,-10.148,12.417,-14.827,-3.7677,-1.5641,3.8076,0.3954,0.59059,0.19627
0,12.562,2.5907,3.1188,-0.2609,0.12313,-0.45883,-0.64685,-0.012664,-0.6166,14.343,4.6835,-0.14486,-0.14792,0.19459,-0.42636,-0.66971,-0.59442,-0.73188,10.386,-3.5716,3.2557,0.10788,-0.86685,-2.2335,-0.46425,1.0788,-0.81669,-14.53,10.171,3.3108,0.40906,-1.2827,1.2337,0.77157,-0.27415,0.25997,-14.367,-2.5732,-7.3997,1.8971,-0.06096,-0.43991,0.82981,0.81552,-0.17025
1,5.9945,0.6546,6.4942,0.433,-0.87196,0.10826,-0.56083,0.12706,-0.75789,0.18144,9.1488,2.6483,-0.24701,-0.13438,-0.13878,-0.056324,-0.55436,-0.49989,2.3221,-4.9567,7.7204,-0.22609,0.49488,0.23949,0.20553,0.63755,-0.85061,-5.923,-6.0105,1.7347,-2.2179,-0.69726,1.2688,0.37598,-0.82035,-0.098184,-9.4128,-0.19331,-0.9637,-0.41275,0.020944,0.8276,1.1174,0.46655,-0.056317
7,9.4795,-0.030151,7.0958,-0.096158,-1.4939,-0.32604,-0.60998,-0.03807,-0.73617,1.9827,-2.4005,6.1932,-0.47479,-0.086481,0.046581,0.38174,0.087834,-0.87315,2.1319,1.984,5.8112,0.27405,-0.079067,-0.097862,0.32245,-0.26429,-0.84433,0.13353,8.9422,1.4446,0.4162,0.25895,-0.18635,-0.54376,-0.75743,-0.23505,1.0674,-9.7019,0.54483,-0.3659,0.28776,0.29353,-0.60757,0.7563,0.02493
7,10.719,-0.026732,0.34168,-0.096252,0.67853,-0.061682,-0.59527,-0.19806,-0.71794,3.8054,9.8662,-0.93686,-0.009037,0.25533,-0.1344,0.44735,-0.82777,-0.037052,5.6748,-3.6952,9.001,-0.12485,0.22577,0.24091,0.2783,0.05829,-0.9145,0.2729,9.2428,3.5248,0.049714,0.14528,-0.090165,-0.72465,-0.53327,-0.34713,-1.4931,-9.4568,1.6537,-0.15744,0.048816,-0.019007,-0.58986,0.76291,-0.10451
5,9.5657,-0.58812,2.716,-0.021042,-0.011206,0.076961,-0.59321,-0.16601,0.16187,2.5598,0.53379,9.3206,-0.061873,-0.06241,0.085206,-0.26798,-0.16802,-0.25067,0.66631,-1.5381,9.9533,0.036942,0.031552,0.056776,-0.58724,-0.096773,-0.55364,-0.25444,7.1326,-0.67258,0.78466,-0.035388,-1.8858,0.26002,-0.59313,-0.21654,-2.1864,-11.305,-3.5795,0.9912,0.14667,-1.2933,0.35512,0.39582,0.29036
8,-0.76248,0.24987,-2.0885,-0.045672,0.17414,0.19405,-0.7178,-0.32171,-0.36642,-1.1002,-1.6836,2.5296,-0.10828,-0.18355,0.01568,-0.39771,-0.61575,0.36004,-1.0859,-0.16388,0.91448,0.090584,0.22975,-0.19031,-0.3947,0.15993,-0.68733,-2.5125,-3.5041,1.3195,0.80656,0.54031,-0.47731,0.50118,-0.38217,-0.44794,0.33375,-2.497,1.6335,-0.33659,-0.002922,0.062597,0.49831,0.2005,0.57038
7,8.9765,0.002709,-0.89537,0.089173,1.2189,0.18672,-0.9614,0.102,-0.3907,0.9133,5.4879,7.3624,-0.16971,0.12883,-0.66522,0.45753,-0.29057,-0.72366,1.5739,0.87798,6.7101,-0.076852,0.21613,0.28534,0.39045,-0.12379,-0.78611,3.3184,10.737,-2.3369,-0.4167,-0.29955,-1.091,-0.54093,-0.74899,-0.050378,3.1625,-9.6082,-3.0235,-0.043792,-0.32789,0.9171,-0.58357,0.67742,0.2557
1,9.0062,-0.76443,1.6012,0.20242,-0.53318,-0.39414,-0.78261,0.087002,-0.43039,10.548,3.7203,3.1729,0.087002,0.7592,-0.97841,0.64123,-0.31834,-0.2363,8.0714,-3.9907,3.6756,0.026544,0.21459,0.35224,-1.3962,0.80699,-0.7511,-9.6948,-0.63754,-2.3461,0.65108,-0.033973,-0.75756,0.83004,-0.33003,0.29934,-7.0504,-4.0443,-1.1861,0.52181,0.55897,-1.2931,0.54229,1.0062,-0.15532
3,-6.9227,7.2569,4.2821,-0.52364,0.7199,0.76292,0.55758,-0.15035,-0.79837,3.137,8.6707,-2.9877,0.131,-0.10351,-0.82607,1.1216,-0.08704,0.35901,3.9692,-8.6684,4.1375,0.043052,-0.066213,0.69456,0.012706,0.58567,-0.46297,-11.521,3.641,-0.80629,-0.10638,0.973,-0.84283,0.84613,-0.004827,-0.44062,-9.6668,-3.0996,-0.81242,1.2759,-0.084756,-1.4775,0.45299,0.9108,0.46069
0,12.25,-0.94214,4.9936,0.36395,0.29713,0.18474,-0.78638,0.040415,-0.9406,10.439,2.8186,2.674,0.78971,-0.38995,0.77212,-0.67859,-0.79258,-0.61667,12.127,-2.7336,3.0589,0.36597,0.19754,0.33079,-1.0925,1.823,0.49237,-13.746,5.8615,0.59857,0.028558,0.45948,-0.74562,0.14834,-0.84265,0.038433,-11.696,-5.2573,-4.1583,-1.2314,0.090119,-0.42989,0.77387,0.20126,0.31805
9,9.3421,1.9265,0.030159,-1.0947,0.431,-0.029204,-0.63541,-0.52384,0.28285,6.0247,-7.6016,-0.30928,-0.041025,-5.0924,3.6769,-0.21039,-0.80211,0.2313,4.7136,1.4323,7.6185,-0.83583,0.17501,-1.3151,-0.74025,-0.24256,-0.34618,-9.0935,-0.82383,0.97182,0.34037,0.12273,-0.012692,0.49888,0.31318,-0.57502,-9.8588,-2.4805,-0.803,0.53883,-0.25494,0.17297,0.63291,-0.30108,0.51444
4,9.7785,1.2277,2.7181,0.42786,0.407,-0.02762,-0.79004,-0.44579,-0.41539,-2.5653,7.8419,7.1796,0.69491,-0.78786,1.4491,-0.38429,-0.50992,-0.46996,0.71218,-5.9807,9.1719,-0.020958,-0.65421,-1.625,0.35431,0.51347,-0.92507,-8.8815,3.0025,1.0766,0.51641,-0.23908,0.22194,0.67846,-0.048104,-0.15794,-7.4168,-5.1492,0.34541,1.1725,0.18474,0.71675,0.39935,0.39436,-0.059979
3,7.6849,-1.2259,0.001057,0.036832,0.097488,-0.049818,-0.80139,0.11511,-0.45454,7.5886,4.38,3.7336,-0.12189,0.37663,-0.051619,0.039988,-0.38134,-0.1606,6.0096,-5.2114,5.0147,-0.43445,0.05774,0.3454,-0.15024,0.49964,-0.65448,-7.6432,4.0196,-1.8762,0.29892,-0.17762,-1.0996,0.67693,-0.5894,0.17212,-9.2311,-2.9052,-2.4497,-0.18943,0.17533,-1.4472,0.82486,0.41894,0.15759
8,0.057302,-0.13081,-0.6123,0.60205,-0.21322,-0.061663,-0.425,-0.04627,-0.6839,0.44795,0.76959,1.1044,-0.56807,0.10282,-0.19073,-0.49462,-0.43735,-0.37611,-0.8255,-0.65392,2.2408,-0.072613,-0.1216,-0.49675,-0.43412,0.42039,-0.43978,-1.3619,4.4271,0.28205,0.087121,-0.31532,0.69127,0.66873,-0.3103,0.035798,-0.37338,-4.0868,-0.23467,-0.18607,0.10496,-0.80147,0.65714,0.21743,0.32003
3,-5.9815,4.0224,3.4558,0.43607,-0.071359,-0.16271,0.59352,0.006702,-0.78122,5.8412,7.4951,-1.8784,-0.13471,-0.65019,0.078854,-0.09138,-1.0202,0.5388,6.0508,-5.968,4.932,-0.11769,0.59273,0.4192,-0.21144,0.55641,-0.48902,-8.0398,2.0519,-0.28652,-0.10772,-0.8989,1.3401,0.75441,-0.34087,-0.42522,-8.1966,-3.5779,-1.197,0.34099,-0.15607,1.0362,0.62465,0.61173,0.59689
1,9.2834,0.16617,-0.56318,-0.7881,-0.1879,0.47352,-0.83021,0.10432,-0.23937,8.2066,3.5917,4.4464,-0.033372,0.22357,-0.23739,0.7908,-0.15713,-0.19758,8.2396,-3.6788,4.0979,-0.39303,0.34011,1.4932,-1.3897,0.93795,-0.65558,-5.8884,1.0727,-0.89433,-0.99611,0.43564,0.39007,0.34023,-0.78011,0.23474,-10.073,1.3249,-1.2926,-0.30398,0.064291,1.2432,1.017,0.36551,0.045662
0,10.582,-1.4035,3.7848,-0.15786,0.049441,-0.22325,-0.66541,-0.016698,-0.59146,10.88,5.837,1.1069,-0.93639,-0.36156,0.050247,-0.64394,-0.65242,-0.66319,8.0415,-2.438,1.7479,-0.38605,0.13963,-0.4052,-0.38919,1.0509,-0.76306,-11.103,3.6782,-0.48574,0.47227,-0.54936,-0.24388,0.80378,-0.2473,0.27487,-10.646,-2.3628,-3.3981,-1.2497,0.53255,-0.96449,0.86682,0.87589,-0.054106
3,10.498,1.7245,0.60364,-0.12709,-0.18371,0.14788,-0.82578,-0.076948,-0.50396,3.2687,6.2007,7.3858,0.17357,0.34159,-0.20875,0.51632,-0.42412,-0.046855,3.7769,-6.6445,7.146,-0.28545,0.44193,1.1405,-0.031941,0.45495,-0.63641,-13.875,4.3612,-2.372,-0.35909,0.17848,0.63355,0.84583,-0.34182,-0.26625,-10.81,0.50954,-2.0034,-0.38984,-0.15029,0.36592,0.69007,0.42412,0.66403
7,6.1966,0.9732,-7.9727,0.034451,0.17214,0.12523,-0.9873,-0.023104,0.17898,3.0156,4.5722,9.3612,-0.55158,-0.23961,0.22215,0.3881,-0.33905,-0.72748,3.2237,-1.2968,9.4797,0.7478,-0.38582,-0.16696,0.36923,-0.090563,-0.80083,3.0422,8.8508,-1.564,-0.25105,0.27087,-0.26989,-0.83631,-0.4332,-0.10085,3.1405,-8.8138,-1.2036,0.28927,0.36546,0.44305,-0.82162,0.38484,0.16088
9,13.254,2.641,-1.6241,-3.2759,0.61578,-0.16614,-0.67663,0.48681,0.15784,2.5713,29.911,-9.6937,0.023416,3.5778,-0.3665,0.23794,-0.53188,-0.50286,-0.2837,-23.695,2.3188,-4.4727,5.8115,-2.8994,-0.28066,0.65625,0.41634,-12.989,-9.6406,-5.8579,1.4586,-0.93475,2.9943,0.2994,-0.097815,0.95612,-23.129,-8.3292,4.1606,3.8033,0.56808,5.0189,0.57905,-0.060657,-0.4928
5,9.741,-0.55849,1.9518,-0.002318,-0.026227,0.053752,-0.84186,-0.25746,0.037845,-1.2211,6.5955,7.4146,-0.072526,-0.044585,0.014223,0.3708,-0.66832,-0.043672,-0.69393,-0.18064,10.818,-0.61265,-0.091327,0.21624,-0.58212,-0.17694,-0.63541,7.3825,-1.3129,1.0027,-0.74362,0.46274,0.75643,-0.1885,-0.71002,-0.30515,-1.2238,-14.003,-3.0479,-0.61101,0.07342,-0.17626,0.2654,0.33909,0.40109
1,9.9029,1.6852,1.9632,-0.43772,-0.32133,0.48044,-0.71374,0.056225,-0.48371,5.7649,5.5914,5.2072,-0.075092,0.45892,-0.030388,1.0241,0.18038,-0.048281,6.2969,-2.5545,6.0945,0.16209,0.63456,0.95343,-1.0387,0.64904,-1.0335,-10.149,12.36,1.2792,-2.0746,0.24104,0.34996,0.32546,-0.84446,0.082528,-10.306,-0.68773,-1.2498,-0.5808,-0.1173,1.0112,1.0441,0.27688,0.081836
4,8.3326,-1.7182,1.3119,0.57377,-0.001512,0.32906,-0.78143,0.12238,-0.52008,3.2567,6.5527,7.0971,-0.12721,0.39472,-0.31375,-0.33011,-0.71209,-0.81459,-2.9764,-8.0329,5.6595,-0.037348,0.065694,1.4533,-0.15506,0.47514,-0.70766,-8.7808,2.7674,-0.97575,0.22412,0.001216,-1.0776,0.4764,-0.32497,-0.1002,-9.9465,1.4378,-1.1043,0.16505,0.17506,-1.4829,0.5705,0.14211,0.22668
1,7.0217,-0.17183,5.5551,-0.28127,0.44201,0.14735,-0.54876,0.12164,-0.73976,1.6644,7.6693,2.767,-0.30798,0.22855,0.000502,-0.15386,-0.54729,-0.49502,4.0468,-4.2844,7.0354,-0.1955,0.34995,-0.10642,0.003963,0.66893,-0.85776,-9.8408,-1.9794,-0.95963,-1.6875,-0.22223,3.0377,0.58732,-0.72366,0.091538,-9.1014,-2.2402,-1.1597,-0.29233,0.26407,0.86864,1.1281,0.51308,-0.11973
1,12.29,-1.2043,5.3789,-0.55127,-0.096281,-0.38765,-0.93466,-0.030408,-0.59963,11.02,2.5095,4.8797,-0.88907,-0.41907,-0.16918,-0.77278,-0.48769,-0.019581,10.822,-4.8955,2.5652,-0.1056,-0.29079,-1.4675,-0.3618,1.676,0.61501,-12.719,0.16278,-1.1523,1.079,-0.3383,-0.58185,0.74085,-0.02807,0.16835,-4.453,-0.021746,-1.9955,1.8282,0.73525,1.2252,0.069508,0.65638,-0.010915
9,4.4216,1.1531,-0.72476,1.7755,0.02403,0.35687,-0.92522,0.43297,0.13859,4.2599,-2.2189,-5.3789,-1.7144,-0.076157,0.60993,-0.40117,-0.25263,-0.88535,1.2335,-4.8451,3.5169,1.2519,-1.2646,0.81144,-0.82142,0.64877,0.13204,-5.5476,2.2841,1.8461,-4.0653,0.30195,-0.73878,1.0139,0.13414,0.42565,-6.5607,-11.323,-2.7233,-1.3273,-0.56966,0.51413,0.86775,-0.47917,-0.35588
5,9.538,0.692,5.5417,-0.29975,0.085604,0.03479,-0.65023,-0.15735,0.091908,4.078,6.5897,6.2652,-0.14989,-0.003789,0.19197,-0.82234,-0.46126,-0.29623,6.6529,-5.6798,4.4992,-0.10728,0.15272,0.14477,-0.71982,0.26086,-0.64632,-5.5617,8.9766,1.5865,-0.35139,-0.62092,2.2011,0.39319,-0.37091,-0.2668,-5.0414,-7.0846,0.96124,-0.68745,0.014846,3.138,0.30631,0.45382,0.12817
3,13.061,-1.056,2.1861,-0.22404,0.20258,-0.26624,-0.71534,-0.002657,-0.56332,4.1374,7.0964,6.4434,0.27755,-0.17116,0.53692,0.25128,-0.31955,-0.14714,3.8138,-7.5349,6.4143,0.10691,-0.20475,-1.1656,0.039268,0.46863,-0.66178,-12.933,-2.4144,-2.3944,-0.066937,-0.12263,-0.13637,0.69193,-0.35724,0.26979,-9.2479,-3.1322,-2.34,-0.65714,-0.16137,1.145,0.5057,0.75691,0.2132
3,10.388,-3.0412,1.3229,1.2832,-1.3796,-0.58492,-0.84378,0.16806,-0.60404,-0.10267,12.685,1.3965,-0.23364,0.29158,-2.0882,0.91852,-0.29179,0.25316,2.0843,-8.588,5.1653,-0.51901,1.1907,1.528,0.23152,0.48135,-0.48879,-11.936,2.2941,2.3967,-0.99728,0.084624,-0.10941,0.83484,-0.044419,-0.56438,-9.6256,-2.1949,1.6775,-0.93749,-0.52821,-2.777,0.60777,0.70871,0.36254
1,7.0634,1.4932,3.3675,-0.18101,-0.84551,-0.071118,-0.7895,-0.16463,-0.68243,2.3057,6.5724,6.1116,-0.33022,0.26768,-0.51494,-0.11094,-0.83569,-0.64364,2.1044,-6.0061,6.1924,-0.21621,0.64067,0.25383,0.19292,0.79229,-0.94408,-6.4857,-0.19758,-0.31705,-0.081456,0.60922,2.2389,0.016703,-0.80833,0.051808,-10.422,1.7078,-1.726,-0.6459,0.36086,1.8344,0.60822,0.48853,0.054656
7,5.4944,-2.8419,9.7373,-0.12571,0.45834,0.16142,-0.2477,0.33631,-0.97476,-0.58985,5.5109,9.0064,-0.70996,-0.94708,-1.585,0.34574,-0.19116,-0.87694,-1.0108,3.6864,13.391,-0.072763,1.0108,1.1537,0.34899,-0.48799,-0.74999,-2.3064,6.7733,3.5503,-0.50054,0.026861,0.20227,-0.21371,-0.87327,-0.32859,-2.6818,-6.8866,-0.99806,0.19842,0.02543,-0.065793,-0.20095,0.94639,0.068532
8,-0.90905,0.29433,-0.065538,-0.47696,0.14667,0.14064,-0.70846,-0.33601,-0.36112,-0.87257,-0.30136,2.3826,-0.46435,-0.3027,-0.14851,-0.3772,-0.60562,0.38252,-1.4632,0.083383,2.362,-0.32983,-0.17961,0.006097,-0.42579,0.071713,-0.66806,0.53858,5.4448,-5.4335,-0.47162,-1.7531,0.60413,0.48659,-0.38741,-0.43442,0.25107,-3.5256,-3.76,-0.44429,-1.0805,0.25654,0.48406,0.21382,0.58266
3,10.425,-2.7013,4.719,0.32602,-0.78625,-0.66746,-0.74023,0.16923,-0.71863,-0.76173,10.758,0.36705,-0.4017,-0.533,-1.9987,0.89783,0.3058,0.35814,-0.26751,-10.635,7.2309,0.096782,0.50777,1.4257,0.2672,0.45506,-0.51055,-9.9553,-3.3638,-3.1644,0.50251,-0.077276,-0.31561,0.89117,0.005347,-0.64805,-8.8478,-4.9826,-0.14564,0.43703,-0.13494,-0.93637,0.62573,0.80306,0.28223
9,9.7772,-3.8418,0.34048,1.5779,-0.64089,-0.2437,-0.62148,0.57222,-0.037948,2.5226,10.787,5.0998,0.67114,2.7902,2.1966,-0.099448,-0.53807,-0.56342,9.0862,-8.1064,2.4042,0.2125,-1.1734,-1.6386,-0.1949,0.7707,-0.062668,-9.6031,0.35651,-2.4526,-1.7149,0.057872,-0.6535,0.56837,0.10336,0.45844,-9.5888,-2.3993,0.67051,-3.5461,-1.4026,0.27571,0.67523,0.12051,-0.27407
5,9.5343,0.84143,3.0362,0.011047,-0.00742,-0.024937,-0.572,-0.22073,0.1534,2.4715,1.0815,9.4722,0.034629,0.008761,-0.036688,-0.25666,-0.17496,-0.24202,1.8499,-0.6099,9.6656,0.007474,0.003852,-0.050649,-0.64288,-0.15534,-0.49151,-2.9118,10.778,0.84487,-0.53582,-0.30284,1.4518,0.35115,-0.52893,-0.21418,-0.47141,-8.4747,-2.8019,-0.9962,-0.65881,1.6186,0.23842,0.487,0.29533
7,9.9395,0.28119,2.3864,-0.58497,1.3023,-0.12185,-0.65804,-0.07431,-0.69885,0.88855,2.1623,11.17,-0.50449,1.4167,-0.87663,0.41395,-0.091422,-0.85787,0.52789,-4.1732,13.431,0.59348,1.3857,0.99859,0.3519,0.052195,-0.87787,-0.11428,8.4812,2.3399,-0.14937,-0.009306,-0.16205,-0.49546,-0.79491,-0.22022,3.0918,-8.5717,-0.27262,-0.093294,0.10248,0.41724,-0.56636,0.78803,0.064683
3,10.554,1.2249,1.8444,-0.20446,0.58224,-0.089517,-0.70183,-0.3682,-0.63809,2.2573,9.2861,5.5263,-0.061341,-1.0553,-0.82426,0.59365,-0.53703,-0.33064,5.3498,-3.0591,6.8481,-0.14786,0.42985,0.92958,-0.22503,0.46715,-0.67782,-8.7798,0.053924,-1.6397,-0.49202,-0.018473,0.69997,0.81629,-0.23043,-0.41966,-8.7287,-3.2734,-1.8049,-1.8269,-0.49704,-1.3494,0.70809,0.31919,0.43981
4,9.8663,-0.81579,5.3328,0.96113,0.072998,0.38715,-0.71254,-0.11558,-0.49881,-7.8944,6.8802,2.6548,0.058058,0.61124,0.50877,0.15308,-0.68228,-0.3849,-0.75258,-4.382,8.2137,-0.28027,-0.79503,-1.3114,0.40313,0.39812,-0.89828,-10.602,-0.37718,-3.5676,-0.34215,-0.51748,-1.0106,0.66489,-0.22233,0.096444,-4.7878,-4.7615,1.1728,-0.40551,0.10926,-0.21214,0.27082,0.55164,0.005538
6,9.1349,-2.9652,2.1413,-0.22619,-0.070909,-0.074113,-0.95419,0.54823,0.22491,-1.3734,8.6869,4.3473,0.063239,-0.018581,-0.056757,-0.49904,-0.61986,-0.66861,1.4369,-2.658,9.4287,0.086492,-0.011294,-0.015657,-0.5642,0.5988,-0.59284,-4.5254,3.0683,-0.2155,0.98539,-0.1151,-2.1992,0.46693,-0.54307,0.29434,-8.7939,-8.4175,-1.9184,0.25731,0.61948,-1.1122,0.59656,0.41049,-0.35356
3,8.016,0.35098,1.8149,-0.21669,-0.32171,-0.18194,-0.75446,-0.13314,-0.56818,0.3741,2.454,6.3856,0.34179,-1.9955,0.58387,0.11071,-0.35427,-0.84931,4.0006,-4.6169,5.2196,0.084165,-2.308,-1.6924,-0.14359,0.44161,-0.70798,-10.385,7.939,0.91356,-1.0193,0.21541,1.8964,0.80415,-0.056407,-0.46835,-10.481,-6.888,0.56065,1.0521,0.21016,2.6464,0.78419,0.6762,0.21004
1,8.5673,1.8116,0.57622,-0.65702,-0.064179,0.061921,-0.75201,-0.021118,-0.44764,11.009,2.8012,-1.5323,-0.69203,0.59328,-1.4103,-0.3838,0.030986,-1.678,8.8458,-1.5629,3.2719,-1.3808,-0.56825,-1.2756,-1.2207,0.75321,-0.36469,-11.958,-0.68943,-2.2134,0.45514,-0.091557,2.5796,0.65002,-0.5344,0.28307,-10.172,-1.2993,-3.3537,-0.87037,-0.20627,1.7139,0.9767,0.74303,-0.089872
2,0.50067,0.55995,-4.0044,-0.25677,0.22418,-0.28206,-0.65145,-0.042638,-0.59292,-8.1262,-0.83881,1.4772,-0.62069,-1.415,-0.46069,0.17102,-0.64,0.16951,5.8518,2.2694,-0.74527,-0.063566,0.58487,-0.55849,0.41701,0.67426,-0.5184,-1.2331,6.1077,2.6789,1.304,-0.92003,1.8868,0.76978,-0.28567,0.25531,-0.34595,4.4668,-4.7603,0.95212,-0.1554,-1.2823,0.91151,0.79484,-0.1598
5,8.1021,-2.5545,3.9441,-0.054281,-0.50201,-0.056796,-0.66416,-0.022565,0.043714,1.0052,4.5598,8.3787,-0.065893,-0.056903,-0.074431,-0.24368,-0.331,-0.3188,0.14973,-1.5959,9.3692,0.2268,0.069088,0.019803,-0.53471,-0.11342,-0.59194,3.2245,4.7864,0.072477,0.87895,-0.50971,-1.6568,0.12687,-0.6622,-0.10863,-2.6172,-12.77,1.4546,1.3244,-0.16675,-1.2738,0.40634,0.42524,0.10605
6,9.4806,-0.60925,-1.1886,0.25679,0.094063,-0.38677,-0.93473,0.4098,0.44429,-3.161,6.6161,6.2938,0.10301,0.029922,-0.09524,-0.28818,-0.45354,-0.8071,-0.76557,-1.8012,9.4119,0.47261,-0.088995,-0.047649,-0.42438,0.54006,-0.72531,-6.3929,10.753,-2.6821,-0.22319,-0.17112,-1.3086,0.5306,-0.36692,0.29655,-2.967,-6.3513,-1.7988,0.2823,0.84438,-2.1249,0.36327,0.79954,-0.23346
2,33.522,-4.1287,-2.0533,0.4058,-0.097852,0.67739,-0.88768,0.12902,-0.85719,3.5728,22.621,6.3292,-0.097087,1.9583,2.4311,0.412,-0.98503,-0.6723,-5.8667,-27.476,8.0974,0.72676,-1.404,3.2067,0.64148,1.0286,-0.78158,-12.628,-16.398,-4.4559,1.2684,0.01682,-1.444,0.21981,-0.82673,0.17719,-26.823,1.97,-0.85726,1.132,0.69436,-3.3134,0.6366,0.3998,0.3708
7,10.959,1.8615,0.13061,-0.17774,0.52342,-0.037245,-0.59098,-0.18439,-0.72206,4.1944,10.694,-0.5599,-0.22777,0.03774,0.016097,0.43588,-0.8279,-0.054898,5.6559,-4.7241,10.864,-0.30518,0.036073,0.023791,0.21601,0.022615,-0.93336,0.36128,8.7851,4.0814,-0.14209,-0.035379,0.13583,-0.7106,-0.51623,-0.39242,-1.6636,-9.5121,1.5534,0.18842,0.025449,-0.075227,-0.57975,0.77603,-0.0438
5,9.6097,-0.77563,6.4568,0.10587,-0.12067,-0.080526,-0.78868,-0.07961,-0.012409,4.7932,8.2623,0.19148,-0.038268,0.07305,0.17397,-0.79532,-0.29526,-0.23481,7.6675,-4.5117,6.0403,-0.021854,-0.073627,-0.22439,-1.0069,-0.086502,-0.64475,8.3218,-5.5084,0.060042,0.000462,0.33635,0.57352,0.091464,-0.59751,-0.35568,-3.1987,-15.028,-3.8135,0.023599,0.57564,0.47738,0.33566,0.28308,0.15945
5,9.0361,0.56054,2.1483,0.22897,0.08822,-0.23479,-0.5674,-0.20709,0.19458,2.5161,0.93245,9.3103,0.082798,0.088247,-0.027507,-0.27102,-0.17338,-0.24251,1.6197,-0.96151,9.4987,0.19465,-0.18277,0.002068,-0.63149,-0.13828,-0.50498,-4.0841,11.643,-2.0699,-0.43694,-0.013064,0.3221,0.44902,-0.52373,-0.059917,4.3325,-5.6673,0.7085,-0.056323,-0.008998,-0.082119,0.093973,0.56566,0.23634
8,0.051164,1.1193,-1.7266,0.040472,-0.56561,0.014073,-0.58524,0.53094,-0.28474,2.1879,1.0651,-3.0346,0.42293,-0.4207,1.3164,-0.39633,-0.40105,-0.55996,1.9792,3.199,-0.61808,-0.8006,0.72328,-1.1499,0.079206,0.37157,0.67919,-0.17575,-1.1862,1.2214,0.85084,0.28874,0.18315,0.45924,-0.11189,0.52427,0.14074,5.3102,-1.3118,-1.0379,-0.13838,-0.3352,0.48433,0.062017,-0.46315
4,28.88,6.2094,8.4907,0.95197,-5.9834,0.48586,-0.89951,-0.05652,-0.44076,-2.3916,9.4715,-0.27322,0.071764,0.79357,1.398,-0.036371,-1.5533,-0.18388,-1.4397,-11.118,6.6606,-0.65805,1.5228,0.58033,0.47533,0.63487,-0.55399,-12.857,3.4873,0.072519,-0.77325,0.6927,1.9224,0.40489,-0.38452,-0.17886,-26.413,-1.1541,-2.7461,-0.27978,-0.29001,2.8888,0.55826,0.36558,0.055551
3,8.2664,-0.75917,0.95992,0.18053,0.14596,0.30895,-0.70655,-0.081991,-0.63862,1.3259,5.5498,8.211,-0.77971,-1.4364,1.2666,0.33765,-0.36441,-0.80909,4.5121,-5.8777,9.2562,-0.13373,-1.126,0.27746,0.10704,0.38698,-0.97406,-6.6852,2.9329,2.5858,0.019616,0.19747,-1.1871,0.80663,-0.45925,-0.32985,-9.8072,-5.0957,-1.1338,0.45581,-0.14026,-0.46254,0.71267,0.29985,0.55415
8,-1.2192,-1.3002,-1.7604,-0.057623,-0.16353,0.18352,-0.71744,-0.31139,-0.35404,-1.3421,2.1768,1.0526,-1.6384,-0.67283,0.13512,-0.35765,-0.59078,0.40753,-4.9844,1.8902,0.15209,0.018259,-0.021941,0.42293,-0.42125,0.061447,-0.6599,1.6355,2.4799,-3.2,0.65738,-0.35008,-0.72338,0.47315,-0.31526,-0.48246,-0.30324,-2.1795,-2.8273,-0.9277,0.1513,-0.35956,0.48833,0.18837,0.5871
0,10.168,-1.1406,4.045,-0.72131,-0.28429,-0.19233,-0.56756,0.18606,-0.6783,11.343,2.8354,1.1543,-2.7678,0.083941,-2.4224,-0.66611,-0.34737,-1.0611,11.214,-1.6934,2.6045,-0.018164,-0.57015,-1.3264,-0.5157,0.99145,0.26954,-13.008,0.091805,-1.4624,-0.58383,1.3326,2.3558,0.57869,-0.48869,0.53288,-9.2751,-2.3732,-3.1034,-1.0578,-0.225,1.3363,0.91285,0.54581,-0.17978
1,13.658,-1.0992,0.52339,0.91767,-0.23587,-0.38901,-0.7825,0.038288,-0.40015,5.9023,7.1799,6.0748,-0.62703,-0.4382,0.13717,0.91961,-0.11883,-0.12544,7.271,-4.8842,6.3262,-0.076711,-0.41839,-1.2216,-1.2864,0.75709,-0.92011,-13.482,1.7218,-0.76456,0.43214,-0.46437,-0.21296,0.93159,-0.094452,0.24857,-16.59,-7.5354,2.4376,0.7794,-0.12596,1.1117,0.57347,0.96416,-0.25828
8,7.2129,0.11203,1.2556,-0.095667,0.11166,0.1255,-0.76202,-0.36537,0.21177,9.021,5.3412,1.1741,-0.12627,-0.14264,0.51413,-0.6058,0.13897,0.4885,7.0527,-4.3177,0.024096,1.4475,0.19734,-0.42451,-0.56584,-0.42085,9e-06,-9.0304,-0.28264,-2.8614,-0.16436,-0.51104,-0.76902,0.49109,0.099926,-0.43439,-7.1064,-1.1243,-4.8733,-1.2832,0.33218,0.74006,0.42646,-0.30695,0.51707
1,11.848,-4.6371,4.4757,0.63361,0.38813,-0.19943,-0.65548,0.34305,-0.66269,0.30468,10.592,1.4727,0.31871,-0.26457,0.16936,-0.17342,-0.58904,-0.48578,1.6919,-5.0148,9.4235,-0.10748,-0.28967,-0.52526,0.2716,0.59756,-0.87147,-13.228,9.2639,0.74603,0.76249,-0.61635,-0.23595,0.89149,-0.32541,0.21995,-14.41,-6.5617,2.3652,1.123,-0.38325,2.2844,0.87018,0.64229,-0.16336
8,4.0676,0.5665,0.6283,-0.15326,-0.53511,-0.071551,-0.60251,0.4914,-0.26731,0.69019,8.1352,4.4132,-0.27663,-0.31803,0.059013,-0.39951,-0.23766,-0.62874,2.1432,-10.262,-5.3056,-0.26996,0.56067,-0.030882,-0.010419,0.31929,0.69253,-6.9164,-1.6561,-4.031,-0.080329,0.54496,0.58976,0.45071,-0.060307,0.53693,-6.1873,-2.4982,-9.5014,1.3739,0.58111,-0.061015,0.43344,0.11119,-0.48322
2,22.335,-6.5882,2.8914,2.5078,0.73601,-0.037422,-0.92255,0.14064,-0.48561,8.0259,25.056,2.544,2.7754,2.3844,1.3687,-0.03296,-0.75307,-0.39408,9.8263,-21.933,-2.0464,-0.15188,0.05924,4.1854,0.49526,1.1477,-0.24183,-18.941,-13.36,-10.406,-0.50059,-1.0673,-3.2078,0.59132,-0.34859,0.45112,-27.095,6.1371,-6.3041,-0.90673,-0.24829,-2.7628,0.88026,0.5089,-0.18823
6,9.4594,0.15788,2.0799,-0.29718,0.16882,0.11268,-0.91557,0.29653,0.23624,2.7659,0.60963,9.4066,-0.07744,-0.12482,-0.10522,-0.89144,-0.043836,-0.68883,1.4273,-1.2145,9.519,-0.051757,0.042608,-0.10297,-0.60357,0.55347,-0.72449,-9.0635,7.3627,-1.4233,-0.73529,-0.11862,1.2345,0.62563,-0.22191,0.30821,-5.7221,-7.0789,-3.6868,-1.0533,-0.38109,1.4204,0.58413,0.60127,-0.12373
5,9.0067,-1.8588,1.7447,0.042837,0.053366,-0.15635,-0.61833,-0.20243,0.15437,1.0904,6.328,7.254,0.053728,0.02402,-0.08152,-0.20992,-0.52502,-0.14682,1.0628,-3.7623,8.8427,0.080824,-0.070436,-0.030089,-0.42461,-0.053793,-0.61295,-5.4967,12.527,0.38463,0.36721,-0.05068,-0.17797,0.34604,-0.48546,-0.16642,5.2297,-4.1629,1.5324,0.02977,0.099749,-0.48335,0.013802,0.61774,0.1145
8,-4.0507,2.5376,-0.1869,1.2033,0.69823,-0.44284,-0.64304,0.39132,0.31736,-1.5561,-3.0339,2.4962,-1.7076,0.66753,-0.53074,-0.6546,0.20251,-0.18059,-2.4248,0.50088,1.6865,0.44114,0.95703,0.084805,-0.77306,0.17206,0.18489,-0.97031,4.4752,-1.5522,-0.56651,0.57972,0.26182,0.65016,0.16445,0.49699,-1.772,-2.2592,-0.83081,0.23442,0.0953,0.01522,0.6204,-0.22866,-0.27409
8,6.1561,-1.787,2.1406,-0.35514,0.31782,-0.12473,-0.71261,-0.32218,-0.32823,8.5742,5.9412,1.6821,-1.3084,-1.544,-0.66291,-0.41207,-0.5608,0.38741,7.1255,-3.0986,3.4379,0.13056,-0.7555,0.85717,-0.39758,0.022408,-0.65802,-7.4298,3.8933,-0.95453,-0.36595,-1.5718,0.37107,0.49532,-0.28401,-0.45677,-10.69,2.5961,-3.3725,-0.78749,-1.3015,-0.12557,0.40622,0.19972,0.62927
0,6.3998,-0.67245,3.8843,1.433,-0.1443,0.30308,-0.75782,0.18824,-0.65907,4.4909,9.936,1.3675,0.14069,-0.22605,-0.46597,-0.39421,-0.38849,-0.54779,5.3366,-3.6882,7.442,0.051999,0.39254,-0.13227,-0.20361,0.64543,-0.95963,-5.8071,-7.1707,1.0678,-1.6342,-0.71775,0.73982,0.40102,-0.77469,-0.15457,-9.8115,1.4793,-0.43506,0.23293,0.14606,1.0665,1.0913,0.29454,-0.094396
1,7.5106,-0.095446,3.6539,0.34424,-0.14911,0.17045,-0.77832,-0.19275,-0.69694,2.4965,6.8501,5.9837,0.30567,0.90762,-0.60298,-0.17583,-0.86279,-0.6052,3.4415,-6.2005,5.6719,0.061326,0.69736,0.43655,0.020374,0.93934,-1.1391,-10.726,3.0293,-0.50479,0.34297,-0.11656,-2.0075,0.56639,-0.46329,0.054759,-5.1319,0.66539,-0.072335,0.2898,0.67707,-1.1929,0.19385,0.66977,0.098753
0,7.7739,-0.70856,2.5026,-0.40548,0.31209,-0.007965,-0.73299,0.13664,-0.64864,9.7276,2.7272,0.23816,-1.1205,0.72082,-1.3115,-0.12388,0.1321,-1.1323,8.3004,-1.3141,1.9726,-2.5662,-0.001906,-0.73897,-1.2447,0.52478,-0.17217,-8.6558,-4.6718,-0.70961,-0.4718,0.55992,2.022,0.77916,-0.34888,0.38211,-9.7318,-0.48667,-1.0348,-0.11943,0.53131,1.1717,1.0394,0.70494,-0.26838
7,10.06,0.56123,1.9418,-0.030348,0.35743,-0.088381,-0.76347,-0.081083,-0.60378,4.015,4.6528,8.2833,-0.026483,0.27175,-0.28822,0.072459,-0.39537,-0.85432,4.4317,-2.9455,9.6942,0.99388,0.31051,0.082239,0.016952,0.080226,-0.94349,-3.9869,9.7065,-2.5062,0.41153,0.10567,-0.95,-0.16375,-0.94722,-0.018299,-2.5772,-8.5288,-3.4393,0.009449,-0.24362,0.81807,-0.31273,0.78332,0.48298
5,6.4969,-0.89444,5.1519,-0.13901,-1.106,0.18546,-0.64434,-0.12897,-0.032915,7.106,4.1928,4.9108,-0.23865,-0.25299,-0.026446,-0.90346,-0.006113,-0.107,6.1145,-4.0123,5.7126,0.12945,-0.098536,-0.1116,-0.79851,0.009412,-0.63556,4.8076,3.0738,3.5735,1.0424,0.01121,-1.4784,0.14167,-0.65109,-0.11978,-3.4753,-11.693,4.0459,1.0901,0.46144,-1.2839,0.42132,0.40374,0.13144
6,9.8933,-0.53129,1.0343,-0.078736,-0.34988,-0.19246,-0.77387,0.30635,0.25915,0.44403,5.0802,8.5769,0.16887,0.13277,-0.36703,-0.42833,-0.17112,-0.65363,3.364,-0.6495,9.3412,-0.050289,0.002416,-0.11742,-0.59595,0.45435,-0.48245,-8.2094,5.3028,-0.83817,-0.044943,-0.081851,0.45187,0.572,-0.14193,0.28936,-2.9546,-5.9155,0.57065,-0.42651,-0.49953,0.45641,0.51396,0.64228,0.031015
4,11.459,-0.92482,0.16802,-0.45804,0.026615,-0.17607,-0.98308,0.11392,-0.29266,1.2947,8.7886,4.4495,0.7656,-0.23782,1.7868,-0.16086,-0.92603,-0.73445,-10.137,-6.3399,5.082,-1.2725,0.52443,-1.5157,0.28829,0.38379,-0.6088,-6.8157,1.7328,0.1997,0.27921,0.15548,-0.84143,0.32286,-0.46049,-0.10445,-11.101,-3.0001,-1.7421,-0.15875,-0.33905,0.25049,0.59115,0.22184,0.19964
1,14.051,-1.15,3.7516,-0.20109,0.7154,0.003799,-0.67469,0.18367,-0.53711,-1.479,8.7727,5.8078,-0.077591,0.20115,0.043977,0.10143,-0.1362,-0.6275,-1.4482,-7.7735,8.0204,-0.021326,-0.009517,0.39091,0.57432,0.78511,-0.58575,-17.492,19.292,-6.2135,-1.6421,0.4529,-2.0086,0.26428,-0.83797,0.2955,-12.909,-5.2066,-1.9741,-0.65793,-0.17571,0.70183,1.1073,0.2288,-0.05337
6,7.5496,-4.455,3.5259,-0.23894,-0.12284,0.15582,-0.45409,0.85159,0.016448,0.99344,1.8891,10.218,0.26612,0.17588,0.48144,-0.47832,0.11233,-0.61026,1.2432,0.52609,10.056,0.10531,-0.12443,-0.14091,-0.49041,0.39004,-0.62984,-2.6649,3.3963,-0.75118,1.111,0.66454,-0.86922,0.69593,-0.28567,0.16949,-6.1912,-9.0243,-4.7928,1.4289,0.42998,-0.59564,0.63585,0.3389,-0.19965
5,8.3443,0.99178,5.9532,-0.003947,-0.22745,0.074604,-0.78915,-0.10332,0.006463,3.8125,9.6138,1.4121,0.007177,-0.098652,0.084998,-0.79222,-0.29937,-0.27362,6.7459,-4.1366,5.5703,-0.033694,-0.024679,-0.0779,-0.99394,-0.11944,-0.64021,-1.015,17.449,3.6592,0.56681,0.25943,0.27036,0.28906,-0.40713,-0.19467,8.14,5.9846,4.7512,0.81866,0.1288,0.44672,0.074234,0.5731,0.16562
5,8.0773,-0.58268,5.5683,0.42833,-0.19797,-0.17221,-0.6566,-0.047339,-0.013505,7.4564,4.6602,4.574,0.20907,0.098149,-0.14064,-0.89065,0.080868,-0.12789,5.0064,-4.8015,7.017,0.031747,-0.16222,-0.14582,-0.74141,0.14108,-0.70749,-3.6369,12.433,-3.9153,0.1043,0.35017,-0.16864,0.42594,-0.50914,0.001217,5.7481,-4.1983,0.10997,0.37317,-0.40714,-0.47037,0.020154,0.63016,0.093024
0,10.42,-1.556,4.3926,0.25505,0.18935,0.21987,-0.65814,0.15134,-0.61813,0.77721,8.3165,5.7805,-0.018839,0.079465,-0.73155,-0.044803,-0.23901,-0.6526,0.41788,-5.5387,8.0338,-0.15121,0.88369,0.02232,0.36385,0.74528,-0.81924,-9.3084,0.83002,-4.314,0.39453,0.050198,-0.639,0.79618,-0.23509,0.40997,-7.4451,-1.8935,-3.5632,-1.3505,0.92463,-0.5073,0.71636,0.7261,-0.11993
7,9.6818,-0.98838,-0.39071,0.07006,0.027896,-0.01176,-0.78828,0.096456,-0.605,4.0762,0.44415,8.8524,-0.29466,-0.95237,0.40939,0.27204,0.11988,-0.89783,3.5322,-2.5123,8.8864,0.09138,-1.0309,-0.62465,0.3188,-0.004429,-0.88714,1.8529,9.3992,0.95805,-0.20599,0.059465,0.070616,-0.70938,-0.61274,-0.25419,2.4689,-9.4659,-0.3933,0.078876,0.027442,-0.11026,-0.77164,0.5972,0.013175
6,7.5786,-6.778,2.6231,-0.19538,-0.058211,-0.20567,-0.43443,0.86029,0.074576,10.019,3.3932,0.99643,-0.1829,-0.086547,0.47903,-0.77975,0.28342,0.13564,9.2865,-3.7168,-0.41838,-0.080443,0.43245,0.10056,-0.67154,0.35179,0.38891,-11.921,4.5485,-1.6588,-0.28468,-0.036202,1.7735,0.67902,0.013853,0.18935,-5.317,-6.5803,-3.9511,-1.1164,-0.003039,2.1189,0.53253,0.55673,-0.14218
1,4.0203,0.19474,0.85209,-0.66499,-0.37267,0.13297,-0.8766,0.031734,-0.50462,5.1683,1.9051,1.7442,0.3485,0.65974,-1.3802,0.62148,0.047237,-0.85489,3.7097,-2.026,2.3813,-1.1507,0.41791,0.23288,-0.95224,1.0079,-0.077902,-6.5813,-3.0203,-0.34567,-2.0339,0.14566,1.6324,0.50483,-0.58271,0.43034,-8.261,-0.70764,-0.13482,0.080053,-0.009295,1.9772,0.99965,0.44046,-0.057207
1,5.074,-0.5049,-0.37939,0.079154,-0.36116,-0.035687,-1.1397,0.12011,-0.43671,2.2562,7.0339,5.3914,-0.022517,0.32862,-0.33684,-0.24584,-0.58537,-0.80308,1.9224,-6.3784,6.8224,-0.12209,0.055499,0.13953,0.081596,1.0535,-0.82854,-8.8194,1.9946,-1.3227,1.1764,-0.48231,-2.0569,0.4666,-0.6138,0.32798,-8.3862,-0.6831,0.36069,2.2583,1.1024,-2.0199,0.35131,0.70392,0.16874
1,7.8614,0.45635,-1.5494,-0.48068,0.92041,0.058858,-1.1094,0.13528,-0.42389,1.8966,8.4974,4.7957,0.015521,0.22686,0.57693,-0.28588,-0.60461,-0.7946,1.0468,-6.2955,6.3632,-0.54506,-0.35645,-0.28598,0.16402,1.099,-0.68915,-9.5681,3.3494,-2.0319,0.44399,-0.48262,-1.7214,0.2956,-0.70555,0.36209,-12.07,-1.8829,-0.21896,0.48625,0.85063,-2.4698,0.67111,0.60377,0.12987
5,8.4893,-0.084978,2.6043,-0.20157,0.11992,0.21951,-0.83892,-0.26254,0.037257,-1.6348,6.7782,6.2658,-0.12642,-0.039516,0.06619,0.32556,-0.67107,-0.03114,0.14303,0.77512,10.372,-0.72212,-0.047157,0.28101,-0.57276,-0.15914,-0.64302,5.9702,-6.9535,4.5945,-1.3884,0.31032,0.91854,-0.20047,-0.71302,-0.29285,-0.5338,-13.208,-4.4716,-1.0531,0.095333,-0.8122,0.2961,0.28904,0.40895
7,9.8122,-0.30115,1.1094,0.41772,1.022,-0.090941,-0.90887,0.00499,-0.53385,-1.8604,6.8591,9.53,0.14881,-0.041491,-1.3016,0.56732,-0.36152,-0.61501,-0.17406,-2.2864,10.715,-0.22844,0.45204,1.0673,0.45668,-0.069766,-0.72723,-0.36009,11.137,-1.4647,-0.20525,-0.4722,-0.26738,-0.41895,-0.81407,-0.072022,1.0305,-11.544,-2.8046,-0.22891,-0.042105,0.68725,-0.44217,0.77421,0.25957
5,9.5026,0.45565,2.9624,-0.17965,0.19411,0.11594,-0.58317,-0.19242,0.15491,2.349,0.79618,9.6084,-0.041456,-0.049184,-0.018311,-0.25335,-0.18436,-0.25317,0.95069,-1.2859,9.7925,-0.032268,0.032509,-0.035037,-0.5873,-0.097901,-0.54395,-3.426,10.685,0.16864,-1.1652,-0.31824,1.5246,0.35782,-0.52112,-0.1986,-0.67449,-7.5535,-2.4112,-1.25,-0.66769,1.9134,0.21844,0.49726,0.29961
8,2.3853,0.92315,1.1033,0.090475,-0.56164,-0.27087,-0.72856,-0.33313,-0.33908,0.74973,1.5854,0.33712,0.056751,0.25583,0.24145,-0.4204,-0.60072,0.35735,0.61332,-1.6403,0.20292,-0.85206,0.20102,-0.61502,-0.37465,0.18497,-0.69738,1.0172,2.5959,-2.9907,-0.49612,-0.079117,0.004399,0.48392,-0.41113,-0.46416,0.37536,-3.7023,0.19654,-0.18628,0.021818,-0.074174,0.47998,0.20682,0.57882
4,-11.344,6.5408,6.4601,0.63357,0.61806,0.14208,0.54304,-0.17829,-0.54827,-0.78664,6.3953,-5.9426,0.20039,1.0513,0.21024,-0.25226,-1.3356,0.17081,-0.43023,-8.4841,3.105,-0.063233,0.30557,-0.024973,0.22831,0.76793,-0.49772,-9.1242,-1.2259,0.079109,-0.37468,0.072205,1.0369,0.51604,-0.29477,-0.25564,-14.036,-1.9784,-3.8243,-0.059946,-0.4968,1.603,0.56504,0.35712,0.22963
7,4.9289,-0.33927,8.5924,-0.061439,0.39276,-0.028722,-0.30101,0.026605,-0.9231,-14.797,14.947,2.0228,0.40621,-0.36764,-0.16714,0.78067,-0.54992,0.12675,-12.988,1.7545,12.259,-0.2094,0.42095,0.2161,0.5572,-0.034277,-0.79271,0.51329,8.8708,4.3788,0.36093,-0.14744,0.43929,-0.43407,-0.74914,-0.42215,-2.6536,-8.3022,1.4027,0.36046,-0.009373,-0.44252,-0.18663,0.9532,0.052625
6,6.2822,-6.4286,3.0856,0.28453,0.021671,-0.55292,-0.40264,0.88236,0.060945,1.4334,11.446,-3.2679,-0.42587,3.6739,-4.9307,-0.41217,-0.13159,-0.64488,-0.93244,-10.389,3.4622,-0.23404,6.0708,3.1129,-0.58048,0.27786,-0.52192,-9.9123,5.2022,-3.6301,-0.22494,-0.16487,0.4613,0.64,0.11733,0.14793,-0.84642,-4.6265,-0.56643,-0.69467,-0.43644,0.54634,0.42436,0.66943,-0.15712
2,2.2644,-2.4152,-3.3942,1.4219,2.4402,0.16053,-0.42489,0.15657,-0.80867,5.0487,7.0762,5.0824,0.1834,1.6227,-1.8175,-0.099878,-0.18757,-0.66901,2.329,-3.4617,6.2178,-0.054423,0.81478,1.8911,0.2608,0.69464,-0.87909,-3.8939,12.874,-11.134,1.5613,1.2832,-0.097279,0.40059,-0.71695,0.3457,-2.8932,-5.0392,0.71055,1.8701,-0.71087,-2.0968,1.0573,0.30879,-0.085831
2,23.303,-2.6289,-0.79702,-0.9869,3.4927,0.7875,-0.97921,0.21797,-0.41196,3.5119,11.71,1.0396,0.33197,0.68397,0.49734,-0.6652,-0.54635,-0.37446,7.2566,-8.6171,8.0776,-0.79014,-2.1767,-1.366,-0.35,0.61952,-1.0267,-15.41,-10.348,-8.2869,-1.1298,0.10795,-3.5294,0.7223,-0.56475,0.052673,-18.318,8.8812,2.4474,-1.2142,1.1643,-4.0712,0.81534,0.62033,0.10492
6,9.9077,0.51006,0.31255,-0.3338,0.13118,0.39553,-0.76319,0.29064,0.31044,0.88664,3.9776,9.1554,-0.12632,-0.32357,-0.008338,-0.44884,-0.12008,-0.65073,1.2868,-1.9824,9.492,-0.2325,0.31798,-0.073567,-0.41641,0.574,-0.52998,-6.9174,8.6389,-4.268,0.11408,0.34973,1.9039,0.5872,-0.2895,0.32536,-7.5877,-6.4453,-6.6497,-0.76433,-0.5944,1.8224,0.59178,0.48471,-0.026045
2,27.867,-5.3416,-1.6135,1.9956,0.83791,0.035396,-0.94729,0.17671,-0.40716,18.807,29.648,1.646,2.0179,1.6672,1.9507,-0.06189,-0.65755,-0.46776,12.837,-43.546,-7.976,0.47655,-1.7695,3.8687,0.22479,1.3076,-0.080634,-19.499,-11.839,-2.8076,0.77272,-0.50169,-2.1309,0.57764,-0.3648,0.49667,-21.603,3.5069,-6.045,-0.23934,0.23327,-3.0276,0.95898,0.39215,-0.168
0,6.7221,-0.36578,0.69484,-0.035804,0.064628,-0.28537,-0.79996,0.16308,-0.61025,4.3943,8.735,2.0755,0.017251,0.44045,-0.3319,-0.4106,-0.32203,-0.58757,5.5899,-4.0506,5.7235,0.25525,-0.20102,0.27131,-0.19763,0.6989,-0.93188,-9.8651,-0.077639,-0.55221,0.90424,0.35245,-0.59941,0.75894,-0.49994,0.053467,-7.2064,5.0926,-1.0103,4.0547,0.67473,-1.7048,0.73083,0.65786,0.13497
1,8.5976,-2.403,-3.1805,0.13164,-0.57447,0.014883,-1.145,0.13337,-0.41035,2.264,5.8197,4.9685,0.050198,-0.16071,0.73642,-0.2736,-0.6063,-0.77981,1.7409,-4.8491,6.4198,-0.2954,-0.84104,-0.25367,0.13222,1.0209,-0.80861,-8.8234,1.0243,-1.3989,0.665,-0.74435,-2.4083,0.14678,-0.77969,0.29416,-14.497,4.5462,-3.0633,-1.6533,0.614,-3.2703,0.7952,0.50117,0.060579
2,-5.8042,0.45157,-2.5781,-0.45997,1.9574,-0.49782,-0.61848,-0.43481,-0.73623,-9.999,-0.32937,-2.399,0.84965,-0.067886,-1.5091,0.30149,-0.74391,-0.61312,7.1972,2.6927,-4.7727,-0.23626,-1.8664,-0.13748,0.33081,0.57434,-0.9468,0.52626,10.705,5.9882,0.74547,-0.28177,0.64731,0.58795,-0.29531,0.12293,-2.196,-12.57,-4.2998,0.33465,3.5401,-0.20301,0.40763,0.59301,0.057438
2,13.664,-0.49993,4.7115,-0.70591,0.62565,0.16744,-0.73006,0.16236,-0.52738,-4.2243,10.706,8.9367,-0.015993,-0.14018,1.5491,-0.043255,-0.1613,-0.68072,-2.8007,-9.821,10.654,-0.58208,-0.81038,-0.47926,0.4223,0.68761,-0.78868,-17.196,-5.8358,-2.6064,-0.50895,1.4391,3.2048,0.39875,-0.73995,0.4174,-13.598,-0.33636,-7.0535,0.87098,0.49468,3.6306,0.86662,0.66409,-0.049765
9,3.4962,-0.80334,0.79459,-1.5148,0.38232,-0.30444,-0.87864,0.277,0.15985,2.034,3.8717,1.7674,-2.7287,-1.2755,-2.2009,-0.85404,-0.22591,-0.24826,-4.2278,4.8736,3.2094,-0.26726,-3.0568,-2.1957,-0.30204,0.55257,-0.66092,-6.5429,5.6945,-1.6341,2.8546,2.0368,-0.099135,0.7658,0.3485,0.45199,-5.6348,-7.842,-2.0643,0.21893,-0.31506,0.27869,0.66328,-0.46517,-0.48424
4,16.138,0.67743,2.37,1.2277,-0.69445,0.28977,-0.83556,-0.17331,-0.22394,-1.9056,7.0229,5.553,0.084266,-0.60135,-0.26554,-0.072605,-0.64509,-0.9182,-0.70397,-9.2614,4.4859,0.37647,0.32317,-0.82471,0.33736,0.52017,-0.8413,-12.502,-3.1356,-5.7495,0.43554,-0.022581,-0.73615,0.68722,-0.067969,0.02553,-11.853,-3.303,-3.6065,1.1325,1.4559,-1.2865,0.37838,0.37094,0.27039
1,13.046,-2.2452,0.79522,-0.43754,0.49751,-0.002217,-0.73917,0.30369,-0.61692,0.56541,11.135,0.60253,0.090601,-0.072568,1.0658,-0.21652,-0.55577,-0.44465,1.6234,-7.6712,7.6436,-0.37708,-0.40264,-0.32116,0.23338,0.76175,-0.80218,-11.614,3.0432,-1.6768,-2.2423,-0.60174,-0.40029,0.4907,-0.76249,-0.093999,-9.0845,-11.589,0.49915,-2.5517,-0.27159,-1.5088,1.0691,0.28366,-0.076449
9,9.9382,-2.2368,-2.0249,0.37558,-0.41,-0.055586,-0.78482,0.4008,0.2722,5.8056,24.295,-1.9878,2.3075,1.5845,2.4197,-0.63989,0.28054,-0.61864,9.5427,-10.332,6.467,-2.532,0.041953,-1.3382,-0.80169,-0.10335,0.38819,-9.7333,-0.44094,-1.368,-0.58551,-0.01202,0.085795,0.68165,0.27719,0.47957,-9.7,-1.4734,1.1886,0.42953,-0.53006,-0.12389,0.83345,-0.029202,-0.36972
9,11.27,-0.81289,4.8201,-0.29632,0.4891,0.45143,-0.66986,0.65758,-0.31661,-4.3044,0.77778,4.6724,-1.6736,0.32297,-0.62166,0.1014,0.31313,-0.89907,7.4349,-7.0648,5.0896,0.8749,0.27266,0.13297,-0.13512,0.93954,-0.29367,-12.043,12.113,-0.065468,-1.8653,-0.36505,0.54814,0.86311,-0.055488,0.60026,-12.169,9.9573,-5.6115,-5.3431,2.087,-0.13312,0.85916,0.24606,-0.5187
5,5.6679,1.097,8.3393,-0.18931,0.014365,-0.15752,-0.59537,-0.27515,-0.22913,0.45095,8.4824,4.0162,0.04745,0.07643,-0.097586,-0.27422,-0.49496,-0.008397,0.30574,-4.5538,8.6545,-0.015082,-0.000405,0.029594,-0.4968,0.066345,-0.61157,0.43239,6.6328,1.7268,0.24924,0.51724,-1.8497,0.27347,-0.50655,-0.36982,-3.0432,-11.509,-4.9002,0.091953,0.5434,-1.2771,0.31724,0.34817,0.27923
4,4.9923,-1.0668,1.664,1.3461,0.71683,0.41228,-0.64807,-0.017306,-0.66305,1.5683,6.7238,4.7553,0.71956,0.86806,-1.2074,-0.17909,-0.88747,-0.70955,-7.6289,-6.8604,5.9153,0.50607,-0.38282,1.9216,0.38661,0.51934,-0.57983,-9.4029,4.06,-5.2367,0.48791,-0.005332,-1.6381,0.49135,-0.27792,-0.16041,-14.369,0.73618,0.28634,-0.45108,-0.50599,-2.3963,0.58033,0.25504,0.011489
0,10.324,-1.5657,0.28888,-0.42683,0.31218,0.38588,-1.0477,0.080201,-0.59721,2.7966,8.0764,4.8768,0.27941,0.072065,1.0421,-0.34303,-0.67258,-0.80864,1.4848,-6.6279,8.1514,-0.43245,-0.68046,-0.33606,0.12696,0.93137,-0.96876,-9.4764,-3.5035,-7.9777,-1.2242,0.053539,-0.70782,0.18197,-0.76031,0.21336,-10.137,-5.0465,1.4622,-1.6649,-0.47689,-2.9438,0.80021,0.37219,0.037462
5,9.2478,-0.56437,2.4274,-0.14852,-0.017577,0.14547,-0.84778,-0.24849,0.021907,-1.6578,7.1653,6.9139,-0.049943,-0.089269,0.058248,0.34727,-0.67696,0.003259,-0.80861,-1.0062,9.853,0.011842,0.006225,0.016586,-0.54452,-0.15907,-0.66762,5.8937,-0.34202,3.2658,0.34564,-0.43782,-0.96101,-0.16729,-0.69301,-0.3255,-1.986,-12.513,-4.5988,-0.15534,0.59992,-0.81764,0.2571,0.30198,0.44071
9,7.3686,-0.412,0.88934,1.8633,0.12361,-0.063008,-0.80154,-0.50503,-0.21668,5.089,-0.31492,13.908,5.2433,-0.07491,2.683,-0.63859,-0.59306,-0.47297,9.1521,-4.244,4.5778,0.26584,-0.29932,-0.11811,-0.67371,-0.25544,-0.62379,-12.13,3.0376,-3.1309,-1.0217,-0.64894,-2.2952,0.92921,0.15606,-0.35876,-6.658,3.2876,2.4213,-0.3241,-0.19875,0.26218,0.8542,0.14328,0.55583
0,10.095,-3.8855,1.0554,0.62268,-0.27396,0.12073,-0.74301,0.28522,-0.6428,12.563,1.9273,3.9853,1.1101,-0.68757,3.3034,-0.27467,-0.28307,-0.91735,12.273,-3.2016,1.421,2.0357,-0.077444,1.4927,-1.9061,0.99678,0.22601,-10.867,-2.9556,-1.4897,-0.1686,0.26057,-1.2696,0.75772,-0.56307,0.26752,-14.481,0.96796,-1.477,-1.8003,-0.38184,-2.0716,1.0496,0.70137,-0.19564
9,5.9837,1.3566,0.86208,-0.1042,0.068085,-0.43722,-0.67811,0.071544,-0.67946,-1.5139,4.7144,-5.5722,0.030023,2.0124,0.28474,0.7141,-0.11083,-0.64967,2.2487,-4.0192,5.7037,0.46059,-0.64196,1.1159,0.25941,0.71207,-0.5617,-4.4704,2.5552,2.7675,-0.704,0.21246,0.17848,0.70135,-0.50341,-0.34982,-8.8466,0.21713,-1.1784,0.068139,-1.3757,-0.66271,0.77756,0.65777,0.005911
1,11.126,-0.66083,-0.64941,-0.44852,0.52334,0.11239,-0.80727,0.25923,-0.58017,1.6939,8.7958,-0.39298,0.10032,0.73486,-0.11111,-0.38483,-0.52765,-0.40028,3.9988,-6.5266,5.8478,0.064859,-0.40084,0.30192,0.004321,0.75993,-0.83255,-8.4905,-2.1987,-0.43078,0.006792,0.86184,-0.95763,0.69699,-0.5962,-0.12264,-14.453,-0.25094,-2.4312,2.4641,1.062,-2.7594,0.94857,0.51397,0.090051
8,-5.8917,0.33142,-1.8699,0.065411,0.033491,0.060405,-0.38308,0.004868,-0.71049,-1.3977,0.83626,1.7194,-0.14304,-0.27805,0.68088,-0.46061,-0.47567,-0.36905,-2.29,-0.48725,1.1767,0.52083,0.24699,-0.26609,-0.48764,0.42405,-0.36799,-1.9067,6.2563,-1.2814,-0.31607,0.2228,0.10594,0.66412,-0.2965,0.083915,-3.3094,-7.323,-1.1331,1.2443,0.042272,0.16977,0.66933,0.22053,0.27221
6,7.5613,-7.1497,2.7944,-0.076762,0.032807,-0.33191,-0.44551,0.83952,0.097123,1.3355,1.4891,9.7421,-0.080161,-0.11814,0.14378,-0.47938,0.036615,-0.61083,0.81295,-1.1836,9.7707,-0.061929,-0.013389,0.093772,-0.4671,0.46502,-0.59796,-11.633,5.6484,-2.8391,-0.8318,-0.13987,1.5754,0.67594,0.036501,0.19426,-5.4047,-6.627,-2.7319,-1.3096,-0.012095,2.2477,0.5299,0.55697,-0.15851
7,10.686,0.45079,-0.51996,-0.15723,0.17206,-0.15818,-0.66995,-0.19531,-0.64776,3.1359,11.326,-0.60228,0.35156,0.13793,0.23381,0.4516,-0.82236,-0.068357,5.2863,-2.5722,10.03,-0.20707,-0.45555,-0.00523,0.2637,-0.05378,-0.92191,1.4033,8.9186,2.4615,-0.1803,0.023042,0.016993,-0.73507,-0.52508,-0.33443,-1.0376,-9.3465,2.5075,0.23444,0.015901,0.046684,-0.59584,0.75895,-0.088943
5,7.9189,2.9043,4.9029,0.16553,0.18141,-0.13924,-0.61292,-0.2403,0.11659,3.5917,7.6442,4.866,0.055683,0.093099,-0.18082,-0.79799,-0.49379,-0.26585,-0.14255,-4.8791,8.527,0.078255,-0.087796,-0.088875,-0.45973,0.16493,-0.56208,-6.9878,12.961,0.98054,-0.10167,0.57791,-1.6008,0.38344,-0.37201,-0.22147,-0.51566,-7.9434,0.63475,0.48795,-0.096542,-2.1925,0.21258,0.55216,0.11003
2,-2.2863,1.5418,-0.70855,0.99832,0.7417,0.093515,-0.74665,-0.39319,-0.64165,-6.9625,-2.1441,-0.77249,0.47763,0.76826,-0.15856,0.39446,-0.77855,-0.48889,6.8151,0.088545,-3.0019,0.19217,-2.0924,0.55281,0.44784,0.49985,-0.92956,-2.6488,22.227,-1.0659,-0.26672,0.19885,-1.0892,0.6309,-0.20269,0.11766,5.4997,-9.1262,0.48452,1.5591,0.49473,0.47737,0.41433,0.58486,-0.02669
6,9.7435,0.23058,1.8218,-0.35761,0.11042,0.20494,-0.9182,0.2718,0.25231,2.5984,1.1011,9.5296,-0.06494,-0.2024,-0.08153,-0.87539,-0.021316,-0.7059,1.4855,-1.0715,9.537,-0.051562,0.078627,-0.11611,-0.6052,0.54541,-0.72699,-8.3762,8.1364,-2.8659,-0.69917,-0.1435,1.545,0.63702,-0.28557,0.2759,-6.6299,-7.0713,-4.8362,-0.88766,-0.50344,1.5679,0.61737,0.55131,-0.11184
4,14.229,-1.2901,0.40752,0.99406,-0.63421,-0.26248,-0.96326,-0.061194,-0.25892,-7.7341,6.9664,0.40904,0.89162,1.4903,2.2083,0.11825,-0.76849,-0.46439,-1.0275,-9.2616,5.9317,0.95339,-0.1916,-2.4291,0.47119,0.39213,-0.88735,-16.272,9.1007,-1.1,0.040437,-0.65384,-1.7096,0.60029,-0.22172,-0.050288,-10.418,-1.0658,0.2292,0.56884,0.31658,-0.56294,0.27102,0.40997,0.14353
5,9.3172,-0.58884,4.2103,0.36434,-0.099133,-0.36456,-0.61184,-0.095622,0.096455,6.2445,6.3537,4.8283,0.093969,0.2376,-0.11763,-0.86559,-0.007992,-0.22524,5.311,-6.3549,5.1835,0.12827,-0.37004,-0.26447,-0.77591,0.16775,-0.6592,-7.5023,14.115,-2.8426,0.55564,0.35033,0.26225,0.55843,-0.36289,-0.091607,6.5395,1.3657,-0.046194,0.27885,-0.22529,-0.30507,0.021245,0.56143,0.26047
1,12.107,-0.57374,4.1607,0.30664,0.39937,-0.10207,-0.69982,0.17065,-0.51479,-1.6764,8.4783,5.4275,0.14438,-0.24049,-0.5215,0.075336,-0.15607,-0.62992,-0.95309,-6.8926,7.6078,0.018508,-0.10441,-0.038224,0.53918,0.81375,-0.57083,-11.979,1.7419,-5.0319,0.91588,-0.14551,-0.86779,0.86324,-0.15479,0.3882,-7.0824,-4.4146,-2.2394,2.9218,0.37231,1.4132,0.55924,0.89256,-0.18966
1,6.6971,0.2059,2.9512,-0.34012,-0.037306,-0.003446,-0.83559,-0.036216,-0.70842,7.2428,2.1484,1.9776,0.33666,1.1665,-1.3523,-0.88472,-0.80359,-0.36755,7.9451,-4.0167,2.6432,-1.5511,-0.26452,-1.2932,-1.4477,0.25571,0.89199,-9.2913,-4.3375,-1.671,-1.6441,-0.077418,3.1531,0.34915,-0.46075,0.14401,-10.31,0.28005,-1.614,-0.59217,0.13563,2.2383,0.51823,0.45363,0.089127
9,6.4974,-0.57221,2.5991,-0.13902,0.28282,0.21881,-0.23589,-0.30376,-0.74963,0.88842,-4.0682,0.20868,-1.6141,-2.5894,4.0257,0.56835,0.5752,0.20868,-5.0106,4.8014,2.0602,-2.5364,-2.7318,0.48789,0.27498,-0.76257,0.18834,-26.981,17.178,7.2282,-1.9542,1.2607,3.1447,0.57205,-0.57517,-0.27588,-27.041,1.234,-3.9177,1.9998,0.3545,-1.7124,0.55956,0.59774,0.25479
2,-0.38017,5.8996,-0.58568,0.70359,-1.6813,-2.2393,-0.85396,0.060255,-0.5885,4.794,6.3723,-1.639,0.12646,-1.585,-1.2261,-0.69499,-0.5841,-0.29769,9.2731,-2.0133,0.96166,1.2306,0.43132,1.2396,-0.8092,0.36895,-0.86858,-0.29479,2.369,6.0524,2.5688,-0.51108,1.4142,0.88195,-0.20654,0.11025,-6.0008,-8.8065,4.0366,2.7007,0.33468,0.40991,0.87056,0.57561,-0.00393
1,6.7337,-0.063323,2.2125,0.27116,0.26179,-0.35926,-0.66587,0.13595,-0.59579,1.047,8.5455,4.5884,0.066991,-0.19701,0.41925,0.056721,-0.20514,-0.61165,0.63917,-6.656,6.2386,0.21352,-0.64672,-0.32477,0.41246,0.81157,-0.70693,-9.127,0.082694,-3.3678,1.3923,-0.52993,-1.9616,0.58308,-0.57993,0.40864,-11.161,0.15538,-0.059567,0.8477,-0.048269,-2.7453,0.86839,0.666,-0.13032
1,9.462,1.3825,3.0993,-0.49959,0.33053,-0.096415,-0.83625,-0.10285,-0.72289,10.934,2.2623,3.1757,-1.0684,0.49761,-0.81691,-0.72192,-0.74051,0.020137,10.834,-4.5868,2.7993,-1.2309,-0.35523,-2.4475,-1.3457,1.4562,0.99513,-10.791,0.74858,-3.1433,-0.26147,-0.23442,2.243,0.63569,-0.1597,0.13032,-12.662,-0.32789,-2.1105,-0.64489,0.19471,2.0607,0.21718,0.63584,0.03915
1,7.3595,-0.3069,0.77036,-0.30476,-0.32085,0.14143,-1.1741,0.099314,-0.32926,7.578,1.9857,1.536,-0.60458,0.64613,-1.3283,-0.67294,0.23178,-0.43621,5.2853,-1.7806,3.1146,-0.75964,0.56134,0.022991,-0.37436,1.0152,-0.11253,-9.6977,-0.5685,-0.89857,-1.3741,0.75279,3.1276,0.24511,-0.68933,0.42937,-8.2033,-3.9469,-0.57998,-0.6685,-0.45563,2.4508,0.64335,0.6041,0.02068
2,12.853,-3.7312,1.0296,0.3285,-7.804,-0.18385,-0.70766,0.13238,-0.55683,0.95767,9.3065,6.4257,-0.004545,0.59048,-0.88617,-0.071829,-0.16372,-0.67887,-1.0346,-3.875,10.123,-0.059498,0.8392,0.61211,0.40972,0.71126,-0.77954,-23.569,0.076947,-5.9817,-0.32164,1.6839,3.3332,0.64235,-0.57847,0.38915,-7.5441,21.567,-11.842,-3.6324,-0.31718,1.2276,0.6643,0.79547,-0.087725
3,-5.574,2.4295,4.6186,0.31192,-0.23791,-0.37269,0.64743,-0.378,-0.6449,6.3498,6.754,-2.9556,-0.12131,-0.54919,-0.37773,0.71569,-0.57183,0.46768,5.9929,-4.6452,4.8355,-0.14813,0.55489,0.22494,-0.23246,0.55878,-0.54145,-8.0191,2.4458,0.7672,0.47679,-1.0439,1.914,0.8245,-0.21182,-0.38415,-6.4827,-6.3498,-1.1962,-0.39478,-0.1247,1.2096,0.68806,0.56904,0.58522
4,-5.4509,3.9981,2.4883,1.9962,2.4881,-1.9102,0.62258,-0.32965,-0.46821,2.3712,7.9943,-1.9636,-0.92835,0.94195,1.0607,-0.28231,-1.2732,0.049652,-6.4427,-9.2443,2.9422,0.25017,-0.072939,-1.2548,-0.019829,0.73981,-0.41083,-6.8022,1.0746,0.2298,1.9156,0.9229,-1.0341,0.51422,-0.26191,-0.18647,-5.8866,-6.4655,-1.4052,0.43795,-0.052618,-0.2419,0.65956,0.24013,0.15195
0,9.458,-0.25485,2.313,-0.12051,-0.01843,0.15092,-0.848,0.14694,-0.54432,7.6859,0.82008,2.5355,0.35973,0.19398,-0.38795,-0.14863,0.053447,-0.55454,7.9798,-1.6286,3.1359,-0.11624,-0.38535,-0.11001,-1.2328,0.9699,0.31251,-23.339,42.767,-12.56,-1.2706,1.0718,-0.75133,0.5444,-0.49786,0.41835,-10.088,-3.0227,0.38424,-0.53935,-0.17813,0.93906,0.99022,0.25692,-0.06669
3,5.0215,-0.40913,-0.037311,-1.3582,0.70931,0.46401,-0.70025,-0.001399,-0.65206,5.2534,3.77,5.8266,-0.35334,-0.62313,0.01135,0.50096,-0.26122,-0.45585,4.3186,-3.1472,7.1088,0.13235,0.45058,-0.49771,-0.022918,0.20801,-0.73181,-6.1427,-1.432,-1.8902,-0.9898,0.23586,1.4698,0.85155,-0.3437,-0.2049,-6.2401,-2.2682,-0.33357,-0.074848,-0.16219,1.7495,0.7839,0.59564,0.23724
8,11.767,-1.0434,0.42857,-0.94249,-0.075366,-0.66387,-0.95643,0.35349,0.32599,28.899,-1.1431,1.8848,4.2466,-1.3133,1.0844,-0.76013,-0.36547,-0.39776,1.5219,-4.3041,3.614,-2.4584,0.26578,0.17434,-0.86502,-0.19101,0.49796,-6.1662,3.1263,-2.2534,0.6752,-1.6566,-0.2601,0.8295,0.29031,0.368,-9.146,-10.772,-1.5183,-0.53432,-0.14515,-0.74849,0.85394,-0.030947,-0.44122
2,3.5141,0.66659,3.0267,3.0331,0.27099,0.54617,-1.1322,0.13117,-0.62367,-6.1282,3.6461,1.1515,-0.60486,1.0988,1.4941,0.10259,-0.8765,-0.12018,9.7345,1.6256,-4.0046,-0.17904,-0.9126,0.36852,0.90423,0.45395,-0.76055,-3.6745,11.395,-5.1671,1.1413,-0.86088,-1.6392,0.62175,-0.29984,0.37865,4.9539,8.2511,6.0034,1.5611,-1.716,2.4844,0.36886,0.66638,0.11242
1,5.9471,-0.45011,3.6717,0.008242,-0.25099,0.027133,-0.85264,0.004459,-0.69791,5.5396,1.9116,1.8734,-0.61448,0.46103,-0.66048,-0.674,-0.78438,-0.46881,6.0395,-4.1292,3.0246,-0.12238,-0.08089,0.072798,-1.3283,0.22725,0.83111,-7.1815,-1.185,-0.049082,-1.0295,-0.19214,2.3728,0.09656,-0.57356,0.13291,-9.2479,-0.71847,-1.4359,-1.7848,-0.22455,1.8621,0.64415,0.26,0.14903
9,10.809,-0.77223,4.3314,-0.31496,-0.22565,0.10009,-0.98443,-0.2179,-0.16821,5.5776,10.635,5.752,-0.60925,0.28286,-1.5042,-0.89315,-0.24643,-0.47006,10.648,-3.7293,3.4354,-0.2255,0.052136,0.41245,-0.89155,0.02379,-0.56045,-14.71,-4.9677,-3.1515,1.5062,1.2626,0.69215,1.1151,0.057447,-0.34465,-11.392,-8.4777,1.3535,-1.1277,0.14049,0.34872,1.0539,0.065378,0.53232
3,5.4774,1.825,-3.3366,-0.72946,-0.20223,0.092666,-0.94999,-0.21486,-0.082811,5.8952,6.4513,3.5503,-0.10899,-0.11365,-0.33633,0.42116,-0.56195,0.000548,6.9846,-4.5627,4.0078,0.12883,0.52392,-0.034093,-0.27772,0.45823,-0.61098,-3.4236,-0.97489,-0.83522,0.77433,0.038725,1.7714,0.89653,-0.18072,-0.21337,-4.3916,-3.7975,-0.26571,-0.44801,0.27269,1.592,0.57658,0.82908,0.42366
7,10.695,0.35232,-1.2891,0.12584,-0.1279,0.095699,-0.73449,-0.22909,-0.56595,5.4665,8.3658,2.7463,-0.12709,0.16647,0.18751,0.3185,-0.79039,-0.39657,7.6341,-2.126,7.8243,0.17193,-0.18819,-0.11748,0.15343,-0.056946,-0.93715,1.6022,9.0221,2.766,-0.042604,0.017285,0.035723,-0.70742,-0.56933,-0.33036,-0.13759,-9.7159,1.0762,0.08669,-0.04776,-0.070196,-0.56996,0.78479,-0.056242
0,10.479,-2.0031,2.0855,0.53253,-0.17139,0.17439,-0.82383,0.1594,-0.58811,10.115,0.66244,3.9591,-0.085582,-0.91308,1.5692,-0.064539,-0.008644,-0.73419,11.689,-2.7948,1.3886,1.1792,0.43944,0.91509,-1.2683,1.1643,0.38168,-10.341,-3.1985,-2.2252,-0.068952,-0.093359,-1.367,0.59398,-0.42746,0.41724,-13.697,-0.44984,-2.1052,-1.681,-0.12554,-2.307,0.94171,0.55922,-0.25065
8,18.076,-1.8935,3.2665,0.43583,1.8441,0.30092,-0.48332,0.008581,-0.63181,19.723,2.257,7.3218,-0.99483,-0.45315,-0.40262,-0.52806,-0.42343,-0.3341,19.323,-5.3999,6.8062,-0.49539,-0.17356,-0.29431,-0.5099,0.3164,-0.43928,-19.663,-3.2795,-4.6001,1.0783,-0.8312,-1.667,0.65013,-0.34059,-0.008122,-18.903,3.4749,-3.3321,-0.87455,-0.32269,1.8681,0.64384,0.28419,0.28254
7,6.4047,-0.61806,6.9688,-0.076993,0.2676,-0.035184,-0.15456,-0.015706,-0.95174,-4.6212,-1.7045,8.0183,0.12899,1.4838,-0.76273,0.76864,0.35052,-0.47407,-4.5548,1.6396,7.966,-0.14667,1.0705,0.79591,0.67979,-0.4339,-0.51323,-1.9419,9.0154,1.6505,-0.08155,0.059288,0.21381,-0.30549,-0.84546,-0.32494,-0.16152,-9.7223,3.014,-0.18634,-0.012558,-0.17262,-0.48721,0.81272,-0.20396
1,8.5163,-0.24701,2.5581,0.49406,-0.1294,-0.27609,-0.7318,0.011269,-0.51674,8.6931,5.0477,0.27106,0.74218,-0.11848,0.36796,-0.49936,-0.58871,-0.78358,7.984,-2.3879,2.0938,0.59428,0.63449,1.3642,-0.82461,1.2875,-0.4813,-10.364,0.61838,-2.5816,0.48987,0.080146,-1.0576,0.78807,-0.34701,0.25554,-4.1908,2.5433,-0.56052,-0.72619,0.061029,-0.216,0.68222,1.0191,-0.15117
2,-0.44882,1.9456,-1.6909,-0.9965,0.83125,-1.024,-0.67755,-0.41124,-0.72333,-7.0845,-2.1841,0.48278,0.88906,-0.42775,-0.10444,0.36122,-0.75435,-0.56604,7.7672,-0.60981,-3.5917,-0.91596,-0.7661,-1.5563,0.41389,0.57996,-0.94217,1.7198,17.963,4.3978,-0.48179,0.31309,1.0318,0.60567,-0.24479,0.057366,1.835,-7.8117,-4.8808,0.58195,1.9545,0.54709,0.39532,0.60704,0.082857
1,15.058,-0.77348,2.0655,-0.52342,-0.087873,0.50867,-0.93186,0.16495,-0.37768,12.909,0.80905,3.4741,-0.37847,-0.15763,0.78565,0.003134,1.4149,-1.3922,13.617,-0.85436,2.6241,-0.68417,-0.037709,0.080829,-0.83949,0.85449,0.27661,-5.3335,-2.3515,2.0504,0.27135,0.078663,-1.2564,0.40961,-0.7288,0.31694,-14.651,-4.2274,-0.36726,-0.46746,-0.52204,0.38993,1.0048,0.16786,0.036454
3,8.2707,0.21189,1.2145,-0.75313,-0.15395,-0.069998,-0.72732,-0.15927,-0.60026,3.5648,4.5639,7.6448,-0.21571,-0.74807,0.27602,0.81173,-0.17405,-0.38891,2.8584,-4.3263,7.6202,0.20888,-0.51924,-0.89228,0.080425,0.31503,-0.68037,-8.9379,2.9636,-2.7018,1.3415,0.42515,1.06,0.87916,-0.26016,-0.2966,-7.0174,-1.3088,-0.21711,0.6881,0.6924,1.8477,0.70025,0.68971,0.27215
3,9.7825,-0.46633,1.8724,-0.33656,0.011675,0.087839,-0.70132,0.058239,-0.59479,4.8709,6.5074,5.2473,0.2131,0.09624,-0.547,0.29771,-0.34326,-0.13872,3.8739,-5.4567,7.2989,0.16618,0.42981,0.71544,0.12534,0.4063,-0.71125,-8.6446,3.6485,-0.34277,-0.51342,-0.10864,1.1254,0.53851,-0.76785,-0.00864,-10.296,-0.5894,-2.3828,-0.6176,-0.11757,0.81837,0.83921,0.42801,0.17285
6,8.517,0.61136,5.2242,-0.44577,0.40089,0.49339,-0.89007,0.43499,-0.128,-1.7391,4.6223,7.936,-0.43168,-0.47127,0.43721,-0.33484,-0.25886,-0.88792,-0.020458,-4.8335,8.6836,-0.95397,0.24178,0.21985,-0.2999,0.73495,-0.55151,-8.2951,8.1506,0.70772,-0.52146,-0.48462,2.7757,0.52686,-0.50472,0.29106,-9.158,-11.533,-1.9681,0.1498,-0.44705,2.6692,0.50636,0.58276,-0.40462
9,6.5547,-0.87963,7.1381,0.25003,0.5856,-0.19041,-0.38859,-0.27927,-0.84273,-2.2143,-0.028424,5.0275,-0.85577,1.1338,-0.37042,0.82919,0.40801,-0.32718,-4.4054,-5.9911,2.1393,0.37557,0.098702,1.073,0.7283,0.27026,-0.56474,-10.095,-0.2357,1.3631,0.0681,-0.009704,0.47164,0.75911,-0.5399,-0.25236,-9.6813,0.14108,-1.6666,0.24149,0.091817,0.1427,0.81147,0.51595,0.38781
4,5.9636,0.4905,-0.55575,-0.34136,0.10433,-0.19727,-0.86508,-0.2067,-0.29498,-6.2322,6.5877,5.0803,-0.32513,0.036706,-2.4268,-0.29871,-0.58967,-0.67981,5.3422,-5.2166,5.3097,0.47651,0.44235,0.47244,-0.22187,0.73421,-0.66957,-9.9,-0.33073,-1.8613,1.1817,0.60693,2.7252,0.66725,-0.19051,-0.03946,-9.1703,-1.4679,-0.63224,0.27607,-0.76727,1.8885,0.51716,0.2965,0.22657
4,12.793,0.65718,-0.15772,-1.2218,0.39424,0.33918,-0.97079,0.045388,-0.26679,-4.2286,9.6503,1.8038,-1.0178,1.4436,2.1652,0.29003,-1.0576,-0.88218,-7.0156,-5.321,7.8505,0.27674,-0.68292,-0.47596,0.54892,0.45218,-0.5421,-10.125,4.4858,-1.8644,-1.8442,0.56295,-0.060358,0.34114,-0.40081,-0.090239,-15.187,-3.5104,-1.4268,0.55773,-0.52954,1.8197,0.55592,0.25817,0.19681
5,7.9508,1.2398,5.7886,0.46298,-0.74393,-0.032991,-0.63909,-0.13727,-0.005208,6.4131,4.8424,5.9351,-0.11794,-0.14688,0.13496,-0.88765,-0.041627,-0.15502,5.9957,-4.5758,6.1314,-0.013689,-0.30666,-0.16351,-0.8032,0.016779,-0.64081,-3.2886,14.319,-2.9715,0.16361,0.39404,0.41743,0.42332,-0.50247,0.000773,6.8484,-0.39139,1.2326,-0.34497,-0.11468,0.48157,-0.016027,0.63594,0.071429
0,9.3041,-1.0541,3.302,-0.20559,-0.025785,-0.045332,-1.0332,0.090651,-0.61937,2.3778,7.3216,5.9852,0.10118,-0.070983,-0.51867,-0.32652,-0.60972,-0.8033,1.8255,-6.5476,7.6123,-0.28703,0.32499,0.15828,0.14344,0.96076,-0.97061,-8.3897,3.7769,-3.2152,0.88019,-0.12187,-0.74779,0.5559,-0.37462,0.39924,-10.162,-7.6805,-2.1511,-1.3209,-0.25081,0.70532,0.3259,0.71764,0.12578
7,9.1519,-0.2184,-4.733,0.19192,-0.21277,-0.089203,-0.9424,-0.034987,-0.30463,8.7092,1.6126,7.7636,0.49538,-0.53126,0.11366,-0.076977,-0.018186,-0.9282,7.0168,-2.0696,8.0926,-0.26282,-0.4901,-0.15483,0.000581,-0.009428,-0.93447,0.76347,9.7429,0.82953,0.035039,0.092604,-0.046818,-0.68267,-0.62669,-0.29333,1.2861,-9.8135,-0.97469,0.019215,-0.003304,0.057437,-0.74793,0.62686,0.028731
0,11.661,-0.59804,3.7538,0.031347,0.45959,-0.007895,-0.73357,0.12745,-0.6625,2.6794,10.247,-0.11451,0.14841,0.27526,0.23117,-0.43825,-0.5406,-0.47714,4.5722,-4.3008,7.5016,-0.36329,-0.12955,0.1371,-0.14294,0.67224,-0.95374,-18.231,3.7261,6.8875,-3.0525,0.25043,-1.9095,0.57264,-0.65903,-0.21374,-8.8177,-9.7998,-0.44085,-1.521,-0.8332,-0.87094,1.1738,0.14913,-0.1371
5,9.2746,0.61973,2.9539,-0.036452,0.044828,0.050832,-0.84494,-0.23128,0.019351,-0.55899,5.8324,7.7795,-0.004495,-0.024971,0.042978,0.32577,-0.6472,-0.069305,-0.17881,-0.13047,9.7689,-0.007465,-0.011311,-0.008826,-0.5849,-0.18621,-0.6274,-0.51041,9.3884,-1.3872,-0.78419,1.0676,2.4902,-0.044354,-0.69155,-0.24491,-1.4014,-12.674,-2.7395,0.34345,-0.79954,2.3201,0.16771,0.40225,0.43199
6,10.167,-2.0211,1.8122,0.26721,0.22232,0.00464,-0.82499,0.33582,0.2986,-0.46161,4.882,8.333,-0.089018,-0.31442,-0.040766,-0.41117,-0.12758,-0.79616,-0.58425,-1.5581,9.7282,0.089209,-0.020423,-0.19982,-0.29549,0.55494,-0.64879,-6.6778,4.6442,-1.3436,0.70991,-0.99121,-2.1892,0.42493,-0.35498,0.47511,-9.2377,-9.1092,-0.38235,-0.12106,-0.1081,-1.63,0.58708,0.29701,-0.34866
2,-0.36225,0.64598,-2.9003,-1.9606,-1.4303,-0.96545,-0.79527,-0.34075,-0.60881,-6.7474,-2.6757,3.7662,1.6183,-1.8475,-0.80247,0.4593,-0.84089,-0.29144,3.7714,-3.7461,-3.4801,-2.1049,0.77924,-2.9514,0.22445,0.95684,-0.63788,-3.1496,5.2756,2.6412,1.0694,-0.09016,1.0533,0.62613,-0.28007,0.082663,-1.4933,-17.413,10.667,0.000937,1.0527,-0.5046,0.40184,0.58887,0.075505
0,9.0258,-0.041848,3.835,0.18167,-0.097857,0.036887,-0.62632,0.18547,-0.62733,8.2095,1.7949,0.80499,1.2082,0.78146,-1.4276,-0.33739,-0.016926,-0.9235,8.9965,-3.2346,3.2775,-0.67719,-0.53531,-1.8375,-0.57514,0.67465,0.41957,-12.045,12.634,-8.6661,0.93878,0.33927,0.13117,0.35579,-0.71687,0.38641,-9.1412,-3.9514,-0.72106,0.39614,0.49996,1.1205,1.0919,0.30143,-0.13477
2,13.954,1.1989,4.0861,-0.18331,0.87845,-2.2016,-0.73725,0.16301,-0.98876,-11.039,-6.761,0.33683,-0.14278,-1.2141,1.2047,0.79085,0.4672,-0.44032,6.1913,-12.614,6.9728,0.85759,0.74946,-3.4774,0.67009,0.4282,-1.0637,-31.636,10.48,-4.8873,-0.84387,1.5003,4.6835,0.53153,-0.4988,0.36174,-19.447,9.8664,8.0474,-3.2829,-0.051767,-2.4517,0.37898,0.66494,0.20901
8,11.076,0.18894,0.063609,0.18107,-0.21472,-0.21451,-0.89558,0.1162,0.47036,9.1034,5.5692,0.59777,-0.27338,-0.068055,0.71348,-0.74662,0.62218,0.11418,7.2085,-5.5339,0.92747,-0.29154,0.050626,-0.23168,-0.78217,-0.48861,0.31475,-10.074,-0.10603,-1.6998,0.35077,-0.25621,0.019053,0.83179,0.40423,0.33101,-10.024,-1.5988,-0.98366,0.24496,0.15336,-0.030109,0.88523,-0.27834,-0.29235
1,10.444,-0.33132,1.8008,-0.25501,1.3645,0.28703,-0.77316,0.17207,-0.6316,1.544,9.6701,-0.64801,-0.25952,0.51192,0.92103,-0.38769,-0.5194,-0.43236,3.3536,-6.4631,5.6627,-0.053737,-0.6369,0.00879,0.035719,0.74725,-0.85454,-19.071,14.266,1.6714,-2.2547,0.43965,-0.077392,0.52202,-0.73,-0.19642,-7.0092,-11.135,-1.262,-1.2452,-0.16472,-1.3974,1.1049,0.22451,-0.094065
5,8.6621,-0.69315,3.5811,0.10734,-0.1903,-0.062058,-0.6057,-0.131,0.12087,6.0405,5.678,5.0248,0.02146,0.061304,0.023312,-0.88101,-0.006628,-0.26325,6.3646,-5.741,4.6961,0.085206,-0.29938,-0.066158,-0.84494,0.16325,-0.59645,-7.9488,11.404,-3.1248,-1.2449,-0.54493,1.3288,0.53074,-0.39176,-0.1053,3.1081,-5.8195,-1.2725,-0.925,-0.32419,1.7198,0.078108,0.5435,0.27799
1,13.03,-0.75318,-0.063908,0.10524,-0.02608,0.23423,-0.7491,0.14139,-0.43223,11.926,3.4293,0.075662,0.9434,-0.28193,1.6561,-0.1742,0.39667,-1.3914,12.095,-2.8188,5.1992,0.041952,0.15364,0.88145,-1.1823,0.51639,0.23393,0.24939,-12.029,-3.7288,1.4919,1.1406,-1.2388,0.47002,-0.74775,0.20824,-9.2888,-8.935,-2.4093,-0.98819,-0.088732,-1.1209,1.149,0.30721,-0.020458
3,6.3839,-0.6207,0.25336,-1.6981,-0.69546,0.31573,-0.70856,0.080421,-0.77193,-2.485,12.011,-0.009371,-1.1149,-1.7841,0.18174,0.9214,0.72204,0.47403,-0.077511,-3.9768,7.9688,-1.0364,1.4839,1.7679,0.27017,0.28257,-0.64358,-7.3524,2.2397,-0.27563,-0.51137,-1.1882,1.3133,0.64523,-0.55756,-0.57709,-12.763,6.4148,-2.5584,-1.3141,0.13446,0.49646,0.82465,0.21701,0.39024
8,0.36795,-0.1327,-0.75448,2.056,0.30537,-0.43433,-0.62242,0.4185,0.32799,2.7268,-3.2273,6.9308,1.7848,-0.73223,0.45616,-0.65482,0.16412,-0.25453,1.5151,-1.6988,7.9557,-1.1457,-0.75033,-0.29968,-0.77068,0.29149,0.16703,-1.7264,1.799,-0.97435,1.0344,-0.37067,-0.90563,0.69989,0.082831,0.63286,-3.4057,-0.065618,0.87,-1.4004,0.067551,0.93906,0.63027,-0.26366,-0.30451
7,2.9218,0.15836,10.585,-0.49538,0.11781,0.3212,-0.19005,-0.005087,-0.953,-6.1337,8.8765,-2.4757,0.98855,-1.0928,-1.5215,0.76214,-0.56281,-0.19259,-6.6061,-3.8108,10.183,-0.14594,0.33593,1.0634,0.56292,-0.1034,-0.78504,-3.005,14.978,6.5658,-0.34576,-0.39218,0.6926,-0.27022,-0.79848,-0.4634,-5.0324,-16.989,1.5376,0.50249,0.41312,-0.33296,-0.050748,0.9681,0.079236
6,9.5893,-1.6291,0.74317,0.2371,0.068451,-0.15129,-0.85795,0.33303,0.37362,3.6083,0.68488,9.1227,0.049839,0.076511,0.097057,-0.94329,0.016648,-0.63398,0.67792,-1.1335,9.7046,0.01797,-0.092604,0.028194,-0.54482,0.57877,-0.74372,-3.8084,5.7193,-0.29073,0.94652,0.19292,-1.4497,0.56528,-0.51418,0.24169,-8.6197,-9.1814,-3.1306,0.27897,0.34463,-0.86161,0.71252,0.36477,-0.13348
4,8.1998,-0.021173,2.5509,-1.1854,-0.27273,-0.61326,-0.70263,-0.093114,-0.54025,-7.0848,7.7198,2.4838,-0.31474,-0.81106,-2.1578,0.10183,-0.61738,-0.47935,-0.53015,-5.5808,7.1717,-0.096373,1.036,0.95347,0.4181,0.51083,-0.807,-11.407,2.5207,-1.8904,0.2549,0.75704,2.7406,0.54358,-0.34785,0.09854,-10.681,-1.5726,-1.7987,-0.59695,0.094218,1.275,0.49264,0.41693,0.061346
0,8.8369,-0.077509,1.4683,0.59055,-0.19884,0.28165,-0.66691,0.095361,-0.59228,8.8449,4.1293,0.14043,-0.11491,0.13062,1.8226,0.17724,0.032708,-1.3838,10.367,-2.8638,5.6368,1.1734,1.0298,0.76378,-1.2398,0.70224,0.12098,3.413,-18.591,-6.3491,-0.72362,0.54845,-1.4744,0.47052,-0.67522,0.26052,-10.611,-0.75434,-2.5604,1.0518,-0.093859,-2.7672,1.1136,0.53987,-0.0975
8,9.2163,2.3118,-3.7305,-0.4257,0.40705,0.44735,-0.58838,0.33594,0.44532,11.34,1.4659,2.7117,-2.7244,-0.66898,0.012523,-0.63559,0.26757,-0.15276,8.7353,0.33628,4.7294,1.6279,-0.63901,0.67045,-0.75921,0.2841,0.23716,-6.2671,-9.4868,-1.2939,0.21165,0.41911,1.3422,0.59765,-0.10373,0.76452,-5.479,8.9079,-7.3465,-2.0692,-0.1435,-0.3682,0.64287,-0.10293,-0.35109
4,10.491,-1.0765,-0.23456,0.69729,-0.35518,-0.30842,-0.91588,-0.105,-0.33511,0.59013,10.629,4.2931,0.70159,-0.35662,1.2806,-0.56107,-0.47652,-0.21572,2.3208,-8.1272,6.0863,0.16515,-0.30773,-1.2952,0.18222,0.66688,-0.83725,-10.035,3.4924,-0.72879,0.17541,-0.25203,-0.098814,0.70857,-0.22091,0.001331,-8.0003,-1.9662,-0.85239,-0.64349,-0.82485,0.8559,0.40791,0.45176,0.15862
0,8.7024,-4.1594,0.50796,0.40048,-0.1949,0.37382,-0.73989,0.34591,-0.5896,12.291,3.3727,2.5838,1.9236,-0.42697,4.5117,-0.19457,-0.032573,-0.96276,10.581,-4.192,2.2031,1.3076,-0.16117,-0.22048,-1.1083,0.35351,0.12646,-11.245,-5.7002,-0.38687,-0.45243,0.2197,-1.6271,0.76913,-0.62947,0.24539,-13.211,5.4807,-1.5556,0.079751,-0.2603,-2.1234,1.2281,0.46427,-0.19558
5,8.5121,0.59459,6.6914,0.1358,-0.01946,-0.22069,-0.64752,-0.091507,-0.000888,7.2884,3.9733,5.1299,0.055754,0.086732,-0.042907,-0.93094,0.02824,-0.053397,6.4141,-4.4424,6.5146,0.001681,-0.11985,0.024256,-0.8168,-0.014402,-0.62729,-5.1185,12.84,-2.6087,0.90104,0.16878,-0.63865,0.45572,-0.46704,-0.081245,3.1441,-2.1485,0.23889,0.70138,-0.37855,-1.5417,-0.00269,0.62854,0.10645
1,12.38,-2.0283,0.59079,0.42329,-0.44267,-0.42833,-0.95756,0.081163,-0.42349,9.5118,1.0763,4.8694,0.47885,-0.35664,0.19223,-0.022155,-0.10869,-1.1069,11.506,-2.8464,1.3949,0.41433,-0.39466,-0.96862,-0.49049,1.1933,-0.12153,-11.299,-1.7028,-1.0488,0.3814,-0.29105,-1.0839,0.74412,-0.030225,0.4381,-6.7791,-8.7079,-1.0801,0.4258,0.53095,-0.24261,0.66974,0.82807,-0.14247
9,9.4903,-2.4836,2.6719,0.38907,-0.30584,-0.008743,-0.83791,0.20097,-0.56308,8.9242,5.1472,3.6968,1.5623,1.2844,1.0142,-0.5639,-0.31018,-0.81325,10.706,15.717,11.079,7.9762,3.1324,0.22407,0.10949,0.93458,-0.3187,-9.7679,-0.47053,-1.3318,-0.47657,0.21045,-0.47052,1.0276,-0.37296,0.24974,-7.9231,-5.5092,-0.37226,0.33206,0.063135,-0.12864,0.57492,0.96497,0.15139
9,6.3673,0.90946,6.9892,0.55455,1.3229,0.56612,-0.63083,-0.45321,-0.46913,5.8894,0.64644,2.8422,-1.0125,0.64082,-5.1826,0.88126,0.20278,0.092288,0.97537,-1.4037,7.827,6.6058,4.6795,-0.26707,0.076422,-0.86168,0.1669,-6.7343,0.54983,1.1005,-1.5033,-0.43027,-0.75494,0.63294,-0.20095,-0.48054,-10.617,0.65665,-1.9687,-1.9334,-0.72646,-1.0536,0.55256,0.36725,0.67609
0,8.1714,-0.12786,4.2788,0.043153,-0.19379,0.14058,-0.76328,0.052082,-0.94651,7.2129,1.8452,1.6186,-0.27039,0.41223,-0.54629,-0.67574,-0.69548,-0.77788,8.583,-3.4141,3.6058,0.33345,-0.068963,0.19489,-1.6086,1.4337,0.42884,-6.0371,-6.0025,-0.90735,-1.0148,0.25847,-0.11122,0.043715,-0.88596,0.13298,-10.008,3.1674,-1.1682,-0.60099,-0.33345,1.0064,0.70469,0.35075,0.30986
5,7.0565,1.0603,7.0553,-0.17539,0.39693,0.02034,-0.64937,-0.21738,-0.082378,4.9038,8.2949,-3.488,0.046472,-0.022403,-0.079297,-0.78663,-0.29302,-0.10252,6.5896,-7.2106,1.2973,-0.081934,0.041935,0.15494,-0.98058,0.25261,-0.60723,-3.6746,11.132,3.4583,0.41908,-0.48898,1.0672,0.33161,-0.439,-0.32379,1.8062,-4.5949,-1.7067,-0.3324,-0.56703,1.5282,0.1733,0.46877,0.33135
5,6.8893,0.64347,7.2247,-0.090717,0.037585,0.076072,-0.64804,-0.2132,-0.11937,4.9588,7.1477,-4.3287,-0.030538,0.003749,0.10575,-0.79177,-0.28585,-0.065043,6.0828,-7.5096,1.5995,-0.098737,0.043634,0.055885,-0.9599,0.30092,-0.59936,-2.4474,9.5975,2.621,0.2612,-0.5037,1.677,0.27571,-0.4929,-0.35244,-1.8686,-9.8391,-4.8753,-0.02516,-1.1475,1.6353,0.24267,0.35623,0.36762
2,-5.5316,1.8878,-4.8041,1.4657,-1.1808,-0.41067,-1.1381,-0.014031,-0.42312,-10.996,-3.5071,3.321,-2.2236,-0.93629,-1.4478,0.16825,-0.85385,-0.1479,10.855,1.7823,0.55814,2.7965,-2.0332,-1.8063,0.82853,0.45708,-0.81319,2.0042,12.283,-2.323,0.63108,1.2249,0.99261,0.68765,-0.22219,0.37815,3.403,-8.8593,-12.253,-2.753,-1.2617,1.9999,0.49727,0.56938,0.14023
1,7.3089,-0.027276,-2.3768,1.3806,0.6225,-0.17511,-1.1864,0.12257,-0.33947,8.1201,-0.25219,1.5388,0.55328,0.14914,0.83341,-0.56839,-0.25395,-0.33057,10.056,0.78791,0.90269,1.6438,0.79761,0.76885,-0.38727,1.0495,-0.045374,-11.71,3.9769,-1.3263,0.46791,-0.27004,-1.8161,0.20689,-0.75757,0.28846,-13.321,0.68606,-2.7382,-0.72444,1.2279,-2.1142,0.71835,0.56634,0.13456
7,9.4532,0.06651,-0.12894,0.012887,0.23313,-0.039763,-0.58759,-0.20724,-0.72671,2.1328,7.246,-1.5972,0.95537,0.070694,0.55997,0.42445,-0.84168,-0.044903,2.4717,-5.0926,7.2637,-0.37827,0.13803,0.30039,0.34836,0.063513,-0.88971,0.36729,7.5766,3.2972,-0.033886,0.16734,-0.81174,-0.66939,-0.59326,-0.36078,-1.2462,-8.6085,1.472,-0.24324,0.15348,0.72715,-0.54486,0.80255,-0.05684
2,4.3816,-6.6631,0.81385,-1.652,4.9899,-0.29918,-0.84859,0.17805,-0.60619,5.2533,5.9925,-3.957,-0.11173,0.66249,3.1037,-0.75279,-0.63083,-0.11077,6.0003,0.26096,7.0702,0.47203,-0.05038,-1.3031,-0.24795,0.35982,-1.0491,-6.1015,-14.276,0.52015,2.0486,1.2458,1.2547,0.44753,-0.75074,0.14363,-16.624,-9.9373,0.96891,1.661,-0.63932,3.8468,1.0929,0.26475,-0.12919
2,1.4237,1.1201,0.7041,1.4807,0.34985,0.09425,-0.888,-0.094012,-0.8195,-4.8737,3.8508,1.7586,0.62687,0.88428,0.050581,0.43894,-1.0922,-0.27749,3.1554,-3.7103,0.87918,-0.87018,-0.67319,-1.3133,0.43224,0.87333,-0.8855,-8.0884,10.526,-2.3702,1.1347,-0.28084,-1.88,0.65517,-0.32489,0.35645,3.7869,7.2719,8.3222,-0.31991,-0.17603,0.4747,0.34168,0.63451,0.41624
7,6.3758,-0.035095,7.8052,0.091771,0.00692,0.000156,-0.15608,-0.046782,-0.94432,-8.5147,3.3164,4.7701,0.16335,-0.58507,0.34346,0.95735,-0.060814,-0.055413,-7.3036,-0.46267,7.0656,0.000692,-0.41097,-0.40375,0.86538,-0.27719,-0.30325,1.6569,9.7722,-0.28858,0.16707,0.02369,0.36275,-0.57583,-0.73236,-0.21286,2.7738,-9.3106,0.98777,0.042989,0.094669,-0.37102,-0.71196,0.65078,-0.048137
5,8.7941,2.514,5.3087,0.62835,-0.42858,-0.12041,-0.63906,-0.17553,0.11181,3.4458,7.1737,5.8533,0.081258,0.072239,0.029487,-0.80106,-0.50123,-0.29393,6.1773,-5.6545,5.1075,0.55844,-0.59375,-0.37545,-0.76285,0.19884,-0.60728,-5.734,14.729,1.3967,0.25808,-0.12509,0.71809,0.39546,-0.35359,-0.20837,8.3396,4.3408,-0.81393,-0.69138,0.58547,0.6299,0.13911,0.60393,0.087721
2,9.3607,0.53867,3.6672,1.8727,0.47666,0.47944,-0.81695,-0.16002,-0.70287,0.13389,3.6366,5.4379,0.13963,-1.2885,1.0257,0.16895,-0.57085,-0.93951,1.8773,-6.238,3.3045,-0.14438,-1.5209,1.0708,0.51957,0.3944,-1.0128,-12.377,-0.35526,1.3315,-1.1293,0.015646,-3.2487,0.49185,-0.49667,0.081761,-9.9183,12.148,-5.8039,-0.85411,-0.10486,-1.5731,0.36633,0.59692,0.14506
0,6.5072,1.1178,3.5674,0.007434,-0.40826,0.099138,-0.76746,-0.16824,-0.75025,4.3243,6.3161,6.0186,-0.014667,0.24831,-0.26074,-0.39835,-0.87589,-0.75817,5.9095,-4.1997,6.2152,0.3032,0.082594,0.084717,-0.41024,0.77713,-1.1794,-5.3381,-4.5529,-0.20429,-0.33981,0.11644,1.5753,0.09746,-0.81764,0.009006,-9.6902,0.25593,-1.143,-0.28761,0.21867,1.5985,0.57506,0.42787,0.12284
9,10.325,1.4244,-0.79715,0.5611,0.64673,-0.29989,-0.83557,-0.12218,-0.58562,5.4203,6.1398,-3.2484,3.312,1.7758,0.64737,0.10496,-1.0362,0.060857,3.8284,-10.297,3.3675,-0.16004,0.50942,1.1882,0.15805,0.8965,-0.54812,-11.513,-1.826,3.3964,0.12353,-0.082984,-0.046403,0.96639,-0.37723,-0.38013,-11.376,1.2081,0.4206,-1.642,0.55626,0.44547,0.88977,0.70835,0.12414
2,8.0635,-0.77094,5.111,3.2446,-0.080555,-0.59698,-1.1505,0.21044,-0.52693,-9.0908,4.9388,-0.78581,-0.28659,2.182,2.3575,0.15062,-0.8435,-0.23592,7.6788,-3.5625,-0.22434,-3.7233,-1.3372,0.81374,0.8653,0.19914,-0.88214,-9.8864,9.6819,-1.3661,1.3621,-1.7866,-3.0398,0.65118,-0.30729,0.37912,-5.4747,15.24,-0.48915,2.5146,-0.62972,0.4866,0.26682,0.68837,0.27791
8,16.599,-0.031014,4.2889,-0.085821,1.6979,0.13904,-0.61373,0.46653,-0.2632,5.2172,11.655,10.395,-2.1332,1.0351,-0.021674,-0.45396,-0.14797,-0.62121,12.875,0.037141,1.2574,-1.7717,-0.76826,0.18756,-0.59669,0.22368,0.40598,-14.605,11.179,-3.0952,-1.1431,-0.23649,-1.4031,0.47816,-0.10186,0.50249,-15.167,-4.3888,-2.1972,0.1583,-0.55057,1.4203,0.49328,0.18366,-0.40857
9,9.9385,2.8252,3.3116,-2.2194,-0.40582,-0.5262,-0.61463,-0.16279,-0.78407,5.551,3.1171,-4.507,5.1651,-1.134,0.067917,0.90914,-0.19889,-0.35528,4.9515,-2.5992,-1.4411,-1.697,2.7065,-1.8638,0.87798,0.43947,-0.149,-11.341,0.99212,3.7499,-0.083598,-0.50782,0.21692,0.7477,-0.56493,-0.50404,-8.3913,-1.3659,-0.92511,0.95746,0.69164,-0.37948,0.89006,0.56301,0.3581
7,10.184,0.80525,1.071,-0.052,0.63466,-0.088563,-0.63508,-0.22784,-0.67863,3.9673,7.8528,0.48395,0.31548,-0.16139,-0.17733,0.38196,-0.84747,-0.14185,5.1527,-2.0922,7.7998,-0.049342,0.12299,0.063275,0.25017,0.00626,-0.92157,1.256,8.3822,3.5052,-0.094786,0.062957,-0.45017,-0.67708,-0.57756,-0.37451,-0.41639,-8.9835,1.7595,-0.090956,0.068137,0.3474,-0.54705,0.79985,-0.067584
1,7.3594,0.71638,3.2059,-0.41411,-0.19307,0.007577,-0.81018,-0.20792,-0.70342,-0.79767,8.1651,4.0887,-0.24462,-0.1974,0.54997,0.39565,-0.92776,-0.68506,0.39974,-7.9348,5.547,-0.073495,-0.18839,-0.43904,0.32735,0.74328,-1.2059,-12.853,-1.761,-0.13927,-1.1776,0.088671,2.4059,0.36809,-0.70153,0.10368,-10.315,1.0636,-3.165,-0.53863,0.11576,1.8231,0.40293,0.61263,0.13639
1,6.3514,-2.0631,1.8964,-0.23817,-0.18218,0.034903,-0.60363,0.32175,-0.73268,3.0309,9.3938,-0.84276,-0.12169,0.21665,0.059591,-0.3035,-0.5738,-0.43719,3.078,-8.128,8.1387,-0.072886,0.058886,0.37822,0.19554,0.7162,-0.82071,-10.619,4.1235,-1.1172,-0.87528,-0.10777,-0.53574,0.62131,-0.65757,-0.12003,-12.961,0.91528,-0.97886,-1.0175,1.556,-2.5781,0.98146,0.47682,0.068437
2,23.296,1.5664,-2.3828,-1.1969,-2.7396,-0.39708,-0.86347,0.13285,-0.44715,13.487,20.341,-0.089124,-1.0665,-1.5638,-4.5894,0.19662,-0.48312,-0.60494,15.914,-21.196,2.3629,-2.2599,0.98572,-0.61438,-0.43672,1.1597,0.054434,-23.79,-17.779,-0.93375,-0.14921,0.39252,4.1481,0.95411,-0.27971,0.27692,-18.822,13.25,-3.2735,0.10539,0.3749,2.7973,0.92884,0.82182,-0.11125
5,7.8784,4.6052,4.4807,-0.2541,-0.18121,0.10407,-0.41843,-0.44533,0.033861,-1.8301,5.2087,0.73235,0.85825,-2.6875,-2.4579,0.007491,-0.54775,0.28342,-3.5183,-7.7106,2.5422,-2.1863,-1.4677,4.8347,0.11327,0.5381,-0.43451,-4.4472,8.7188,-0.4203,-0.57051,-0.49178,1.6702,0.46023,-0.46938,-0.17843,-0.3525,-9.6697,-1.834,-0.007994,-0.077442,1.9927,0.26039,0.46703,0.26349
4,8.1879,-1.9968,1.4608,2.9423,0.84058,-0.3669,-0.90628,-0.19069,-0.51692,-14.75,5.0143,-4.2368,0.9231,3.1699,4.3217,-0.21896,-0.9182,-0.10761,1.3835,-6.6546,9.2425,1.0386,-2.3583,-2.2198,0.40722,0.53408,-0.91343,-8.2627,7.1494,-0.12337,1.4502,-0.090075,0.11706,0.65695,-0.07728,-0.10465,-4.6699,-2.4758,-0.86568,-0.27619,0.3246,0.93412,0.37608,0.39703,0.005741
7,9.4678,-0.16946,-2.8047,-0.2774,0.092461,0.062157,-0.94029,-0.011292,-0.34937,7.5887,0.26474,10.701,-0.34358,0.62283,0.089965,-0.12211,0.17444,-0.91773,6.2999,-1.3053,12.709,-0.020679,0.7184,-0.054261,-0.059433,0.049718,-0.93762,1.378,9.1526,0.70775,0.092348,0.049555,-0.55541,-0.61659,-0.70328,-0.27903,1.5719,-9.1995,-0.023775,-0.20489,-0.038373,0.57774,-0.68585,0.70158,0.025707
4,10.742,-1.8709,3.2092,1.0379,-0.32366,0.19281,-0.74911,-0.034188,-0.51395,-0.034693,6.8339,6.2057,0.061779,0.09932,-0.044447,-0.21832,-0.63839,-0.68013,-0.20388,-5.8942,7.4736,0.45332,-0.079228,-0.10431,-0.079932,0.28006,-1.0295,-11.87,-1.7436,-1.8499,0.064392,-0.10862,-1.4107,0.59738,-0.19587,-0.057822,-10.493,-2.4779,-0.6264,0.1403,0.18205,-1.6777,0.43734,0.31503,0.17057
2,5.6943,-3.1341,0.30594,-3.0224,0.82437,0.081098,-0.80188,0.051925,-0.74539,7.8512,1.9081,-0.8065,1.1453,-2.5952,-1.0983,0.62528,-0.49365,-0.75672,-5.9903,-1.3593,-1.9926,-0.26597,2.0954,-0.91251,0.32426,1.0336,-0.57187,0.81385,-6.7959,3.7622,-0.085926,0.038641,-0.21807,0.15933,-0.70188,0.15514,-11.725,-8.196,2.9541,0.2685,0.60037,3.1111,0.70847,0.27916,0.020602
3,14.883,-0.32932,2.0335,0.34135,0.073275,-0.29393,-0.70868,-0.041363,-0.56591,5.7254,6.7866,4.294,0.25294,-0.027837,-0.14558,0.19562,-0.35129,-0.14514,4.7192,-6.6779,5.6164,0.32085,0.009639,-0.82454,0.00409,0.46139,-0.66816,-16.586,5.2153,-1.0727,0.29326,-0.19261,-0.26469,0.68819,-0.32366,0.27195,-8.9777,-2.1152,-3.2127,-0.39426,-0.27194,0.37556,0.49534,0.77287,0.18962
8,6.9083,-0.47856,4.3436,0.008559,0.4977,0.050548,-0.63211,0.4701,-0.26362,3.0687,4.8153,1.9849,-1.7324,-0.078293,-0.62125,-0.37904,-0.3453,-0.60469,4.3506,-5.9857,-2.371,0.033359,-0.65889,0.27351,-0.064915,0.45553,0.63163,-10.588,0.46079,-0.72292,-0.23556,-0.56041,-1.1944,0.46235,-0.033719,0.53062,-9.1599,-2.2325,-0.3312,0.27309,0.25656,0.99922,0.46674,0.052577,-0.47323
8,23.711,-1.8161,-1.5806,-0.26517,0.11088,-0.11758,-0.73147,-0.34635,0.28129,23.869,6.0544,3.212,-1.1446,-0.46549,2.0064,-0.58315,-0.090986,0.50701,25.746,-2.3012,-3.2315,0.43286,-0.77693,-0.31882,-0.52431,-0.41189,0.014457,-19.432,2.9442,0.25551,0.71148,-0.41114,-0.63185,0.4961,-0.055709,-0.35123,-19.481,-3.6881,-2.0774,-0.40665,-0.3567,0.48386,0.37963,-0.20151,0.56483
9,9.1032,2.5607,1.6235,-0.56027,-0.26768,-0.041435,-0.70763,0.15823,-0.28594,-1.5367,13.416,-2.4213,-0.67528,-0.49033,0.23438,-0.22477,-0.7168,-0.12041,5.4241,-1.7659,11.042,0.7594,0.21085,-0.65099,-0.25989,0.49145,-0.56847,-6.1488,-6.967,2.9796,0.42317,-0.57237,0.90639,0.65946,-0.34205,-0.12263,-10.052,3.3257,1.1409,0.57834,0.38806,0.2247,0.74232,0.18979,-0.14256
0,8.6879,0.17396,2.0041,-0.10451,0.22494,0.24255,-0.99462,0.02322,-0.64383,3.2851,7.681,4.3996,-0.009265,-0.27753,0.20694,-0.36369,-0.66285,-0.82153,2.7654,-6.8474,6.7423,0.042458,0.23368,-0.30501,0.028728,0.9317,-0.9876,-9.8318,-0.65994,0.17441,-0.92425,0.66976,2.1724,0.21866,-0.5926,0.49196,-8.3784,-4.5312,-1.0373,-0.24292,-0.57136,1.6695,0.63492,0.50223,0.075233
7,6.8297,-0.030265,-6.8365,0.28677,0.20954,-0.028907,-0.97574,-0.042805,0.009277,3.6487,5.3151,6.965,-0.16298,-0.11545,0.027285,0.44517,-0.3568,-0.68381,2.1582,-0.20879,9.5516,-0.2232,-0.10076,-0.14294,0.37736,-0.23417,-0.76525,2.6428,8.7713,-2.469,-0.44327,-0.21551,0.17255,-0.81583,-0.46141,-0.14373,3.4061,-7.8457,-2.8234,0.41572,-0.19258,0.007647,-0.82944,0.33743,0.21318
3,11.69,-0.22401,-1.621,-0.71453,-0.66073,0.40633,-0.94837,0.075772,-0.41174,-0.87388,9.0012,4.6319,0.13869,-0.46803,1.2961,0.7218,-0.06998,0.3041,-1.145,-5.6003,8.3494,-0.47379,-0.47238,-0.42091,0.61472,0.41385,-0.47065,-8.3391,5.4285,-0.50719,0.74837,-0.61455,-0.5511,0.31652,-0.84711,0.082063,-12.221,0.9714,-1.2137,0.0231,0.1732,-0.40715,0.89821,0.39722,0.015604
7,10.007,-0.25352,4.1482,-0.21937,0.75476,0.094202,-0.63318,0.014917,-0.83361,-4.1404,1.2833,10.835,1.7884,0.16308,-1.6517,0.48356,0.11934,-0.77676,-6.8678,5.1411,7.2683,-1.0221,0.1876,0.6116,0.31467,-0.49712,-0.69008,-0.68563,9.6736,-0.69505,0.27942,0.075393,0.24069,-0.51115,-0.76172,-0.062692,-0.014867,-10.547,-0.87614,0.15687,0.096617,-0.4497,-0.50511,0.75108,0.21083
9,20.541,3.7876,6.1169,-0.7142,0.61227,-0.84212,-0.82489,-0.36658,0.037754,14.276,8.5101,4.3327,6.1107,2.1075,-0.092161,-0.61578,-0.58618,0.17281,21.394,-7.6108,11.301,-5.3916,-0.10364,-0.97788,-0.84937,-0.31455,-0.082483,-28.531,-5.8478,-6.5803,-1.8778,0.57511,2.6627,0.78499,0.3888,-0.32721,-18.862,5.2315,-8.035,-1.8838,-0.86574,2.3749,0.71701,-0.32183,0.46109
6,9.2648,-0.45661,2.2891,-0.26976,-0.28032,0.095299,-1.0231,0.45368,0.1202,-1.4485,9.4493,3.8337,0.02459,-0.273,-0.10375,-0.43735,-0.67479,-0.62215,1.4083,-1.0986,9.3985,-0.28363,0.14193,-0.21343,-0.55746,0.50101,-0.69685,-9.3802,6.9761,-0.88479,0.269,0.14247,0.62455,0.6267,-0.21542,0.25884,-1.0071,-1.1981,1.9083,-0.24139,-0.062122,0.27839,0.45645,0.60832,-0.33856
1,9.2877,-0.044348,4.8748,0.1869,-0.23004,0.32678,-0.86399,-0.031579,-0.67968,7.6475,1.6969,2.0384,-0.80336,0.035979,-0.3252,-0.56913,-0.75518,-0.44856,9.4511,-4.8028,3.2212,0.44357,-0.022724,0.016972,-1.137,-0.10903,1.1394,-7.7595,7.3605,-0.53997,-0.82848,0.064844,0.76432,-0.019235,-0.56916,0.092991,-11.051,2.3697,-1.2185,-0.43378,-0.21344,0.85711,0.71452,0.098942,0.15257
2,12.076,-0.37033,4.5221,1.6025,1.1263,0.31545,-0.77584,0.10305,-0.54358,-0.7649,9.5807,7.5242,-0.13011,-1.3398,1.5184,-0.036613,-0.19361,-0.66993,1.0512,-5.4621,6.9296,-0.31066,-1.9924,-1.6791,0.29338,0.79319,-0.84275,-15.465,-6.7767,-11.726,0.49469,-0.28171,-4.1916,0.65601,-0.52173,0.38361,-14.231,4.2216,-2.0152,-0.47493,0.60472,-2.375,0.66493,0.7928,-0.14141
2,17.47,2.1674,22.109,-0.27641,0.26107,-1.0301,-0.8081,0.11926,-0.50531,22.117,30.862,2.9189,2.2218,1.3307,-4.6387,0.10436,-0.15303,-0.76487,24.165,-20.748,1.2823,0.20484,-0.002676,-4.899,-0.36651,1.1255,-0.26112,-18.556,-15.434,-0.4638,0.46288,0.092523,2.3462,1.0516,-0.094548,0.24514,-10.568,17.005,-11.478,-0.2837,-0.64115,1.8269,0.91282,0.90072,-0.16228
8,27.421,-1.1461,-5.6212,0.23812,-0.27335,0.036837,-0.92394,0.093418,0.43379,29.614,4.2656,-3.7083,-0.32813,-4.164,6.7107,-0.90847,-0.37052,0.10014,36.255,-4.4534,-5.0078,-0.006218,0.42641,-3.6719,-0.96241,-0.03697,0.24431,-52.37,10.65,10.548,4.3235,3.1278,0.18477,0.81373,0.38966,0.40036,-22.972,-10.274,8.8093,-0.55882,-0.3262,-0.20103,0.90602,-0.278,-0.25911
2,7.4983,-1.1979,-0.63789,-0.2328,-0.87713,0.84456,-0.92064,0.085724,-0.81774,2.9411,10.432,0.18901,-0.56352,1.5257,1.591,0.33734,-1.0725,-0.58778,-3.8371,-11.076,3.9842,0.84019,-1.0268,3.5295,0.59047,1.0939,-0.67702,-15.809,-10.055,-2.2028,0.024744,0.10611,1.2168,0.19889,-0.84498,0.14853,-8.0182,-2.0382,-7.3367,1.2727,0.92025,-1.8174,0.75057,0.23477,0.30509
1,9.9605,3.4347,-2.218,-0.79053,-0.067639,-0.23899,-0.75763,-0.00117,-0.44109,10.025,3.6998,0.1618,-1.1744,-0.29116,-0.49179,-0.95912,-0.47623,-1.2347,11.085,-1.9695,4.0044,-0.038078,-1.4144,-2.3403,-1.2074,0.96736,-0.23454,-13.676,-3.0885,-1.9608,-0.66456,-0.11762,2.0148,0.83952,-0.31913,0.20772,-8.8723,-1.7358,0.51132,-0.1923,-0.26322,1.2934,0.84665,0.87113,-0.18227
8,-2.1557,-0.32893,-0.42061,0.46424,0.11634,-0.47058,-0.62455,0.40845,0.33481,0.30465,1.5071,1.1935,-3.1349,0.31753,-0.36786,-0.64317,0.1115,-0.28069,-0.22287,-0.82905,4.0079,2.214,0.59098,-0.48575,-0.73841,0.29453,0.21796,3.8607,7.9715,-1.7947,1.1495,0.019792,-0.18463,0.64648,0.1053,0.58357,1.9169,-7.9802,-0.52235,-0.07831,-0.30759,0.2164,0.62722,-0.24802,-0.28291
2,19.384,-3.3737,3.1389,1.2592,-3.4288,2.311,-0.89263,-0.016363,-0.66717,3.8539,25.765,10.068,0.37403,3.396,2.5406,0.26005,-0.72965,-0.64155,-5.8471,-23.033,5.5112,1.9295,-2.4209,4.2761,0.65798,0.97446,-0.62657,-7.404,-12.803,-4.0341,1.4402,-1.4528,-3.3931,0.1969,-0.6787,0.14679,-18.565,-2.7058,-0.6652,0.552,0.57158,-3.6425,0.6188,0.42322,0.046992
8,12.515,1.1187,1.9145,-0.20284,0.37039,-0.008344,-0.74102,-0.4253,0.13155,12.386,4.7606,1.2847,-1.171,-0.26066,0.93002,-0.56877,0.025255,0.53075,11.665,-4.8993,3.8376,-2.5916,-0.2944,-0.45636,-0.60399,-0.27571,-0.22082,-13.256,-8.9175,-1.1657,-0.11155,-0.1623,-0.39202,0.48666,0.046063,-0.44673,-13.465,2.163,-0.99615,0.77873,0.0362,0.1859,0.42095,-0.31242,0.51355
5,9.6328,0.4917,2.1876,-0.022735,0.16634,-0.090656,-0.57416,-0.19437,0.19614,2.5797,0.96713,9.6529,0.044018,0.083385,-0.12361,-0.29262,-0.17731,-0.2396,1.5306,-1.4764,9.7148,0.098912,-0.006032,-0.071997,-0.62796,-0.12143,-0.51082,-4.039,10.007,-0.4678,-1.1615,-0.39166,0.79341,0.43675,-0.51242,-0.12472,3.1285,-4.8535,0.26097,-0.43615,-0.13092,1.0784,0.14617,0.53153,0.28286
1,9.2181,-0.75824,1.0761,0.69687,-0.16957,-0.27937,-0.74433,0.1241,-0.49168,9.8005,3.9057,1.7067,1.5356,-0.018455,1.2194,-0.33627,-0.39998,-1.0238,12.521,-2.2586,1.4859,-0.26101,1.7622,1.411,-1.4895,1.2697,0.24372,-9.5336,-0.35468,-0.59781,-0.62423,0.50077,-1.4395,0.63164,-0.58602,0.21428,-13.704,1.6737,1.9912,0.97642,0.81549,-2.7252,0.89089,0.79373,0.060314
7,9.3607,-0.62901,-2.5105,0.27242,-0.66532,-0.015894,-0.93997,0.001957,-0.35126,3.9864,-0.68131,8.9247,0.34634,-0.6425,0.071403,0.19309,0.20601,-0.90728,2.4585,-1.592,9.0372,-0.19065,-0.52932,-0.0713,0.30514,-0.10246,-0.88848,1.5707,9.5075,0.48583,-0.0203,0.11184,0.30088,-0.64311,-0.70241,-0.21352,2.1703,-9.4599,-0.93486,0.096964,0.045965,-0.21145,-0.70776,0.67123,0.10164
2,2.6228,-1.3579,-1.6989,0.83755,2.8687,0.012159,-0.48446,0.1521,-0.77375,3.423,6.7431,5.8577,0.13727,1.5353,-1.3363,-0.11312,-0.20179,-0.66086,1.571,-4.5777,6.2302,-0.19731,0.96217,1.5518,0.30599,0.74164,-0.83123,-6.8007,9.6691,-9.5387,1.5904,0.7363,-0.15639,0.38091,-0.74677,0.28779,-1.1311,-8.1491,-0.55598,1.6007,-0.36597,-1.8088,1.0698,0.28451,-0.10057
9,7.5752,-0.052131,6.0267,-0.24275,-0.17723,0.069822,-0.31342,-0.15478,-0.90151,-9.2979,-4.8936,0.9321,0.076218,-0.020186,-0.14962,0.71198,0.478,0.45966,-7.3586,0.99942,6.8798,0.18988,0.18055,0.11348,0.50148,-0.60576,-0.53122,-9.4638,-1.7495,0.33755,0.043126,-0.082719,-0.032046,0.84809,-0.4098,-0.22884,-9.661,-0.71112,-0.79489,0.16736,0.14806,-0.032523,0.76865,0.65775,0.2108
1,7.0695,0.74525,1.3889,-0.74769,-1.1097,0.1143,-0.92948,0.031193,-0.42175,6.8575,1.8769,1.4057,-1.6506,-0.13915,-0.92769,0.23497,0.51809,-0.94983,6.056,-2.2963,2.3737,-0.76046,0.36514,0.36369,-1.071,1.0114,0.006114,-4.6256,-3.4325,-0.81526,0.043036,0.46033,1.5679,0.41226,-0.65846,0.41191,-9.1878,3.4883,-3.4338,0.10247,0.22527,1.7954,0.99672,0.3438,-0.083411
3,8.2174,-0.26948,-2.0105,0.36656,-0.19791,0.16176,-0.86196,-0.15764,-0.38227,5.4199,6.3012,4.6138,-0.29432,0.37062,0.052169,0.57858,-0.60086,-0.37459,7.2919,-3.821,4.439,-0.38634,-0.44169,0.78304,-0.28077,0.35505,-0.60489,-8.1378,4.6087,-2.7433,0.28466,-0.16439,-0.67095,0.80488,-0.42181,-0.2383,-8.7721,-1.2119,-1.1598,-0.13044,0.6356,-0.94963,0.72698,0.34632,0.59554
2,7.653,-0.41056,3.1076,1.8642,0.56377,-0.30788,-0.78914,0.078867,-0.50126,1.1362,6.8436,6.021,-0.42416,-0.94331,1.1865,-0.093971,-0.17447,-0.67268,0.24148,-6.0946,6.7859,0.17533,-1.5762,-0.93611,0.26126,0.79118,-0.81221,-15.497,8.8,-0.73778,0.70518,-1.1153,-3.6537,0.81598,-0.24626,0.40029,-5.2056,13.557,-4.5149,-0.84982,0.39707,-0.49954,0.67341,0.77923,-0.21003
0,9.6046,-0.50709,3.7967,-0.70473,-0.011297,-0.17202,-0.58187,0.16262,-0.67476,10.494,4.9878,1.1143,-1.853,0.12613,-2.1254,-0.66941,-0.43575,-1.0515,11.288,-2.9359,3.3086,0.87467,-1.0273,-1.6727,-0.43664,0.98116,0.017444,-15.282,-0.88007,-0.7457,1.5305,1.5208,2.4087,0.65293,-0.44978,0.48113,-10.636,-3.2001,-2.0797,-1.042,0.038448,1.1979,0.86278,0.59123,-0.11833
4,9.1358,-0.25438,3.2157,-1.5013,-0.54482,0.10515,-0.72546,-0.21448,-0.52442,-4.4172,10.415,5.1585,0.11204,-0.83639,-2.2468,-0.036887,-0.75228,-0.38982,1.6197,-8.6394,10.316,2.3185,0.95602,1.8122,0.396,0.57062,-0.81628,-14.026,-5.2002,0.51795,-0.95604,-0.47045,2.7082,0.52939,-0.15608,-0.1659,-11.062,-5.0895,-0.53705,-0.015953,-0.051384,1.88,0.52038,0.41,0.1042
8,24.222,-1.6045,8.2241,0.20727,0.70872,0.39265,-0.42101,-0.034596,-0.66851,25.535,2.9855,6.3263,-0.18939,-0.29067,-0.13573,-0.46369,-0.47685,-0.27045,23.547,-6.3989,6.0465,-0.62509,-0.23878,-0.055057,-0.44283,0.3683,-0.43536,-23.816,-9.5818,1.3966,0.77534,-0.74597,-1.4713,0.57372,-0.38728,0.0009,-24.356,9.4898,1.1399,-0.41494,-0.28524,1.4611,0.5824,0.31506,0.27956
4,6.837,-1.1734,-1.0402,0.79304,0.63938,0.15694,-0.84778,-0.031205,-0.33486,6.4177,4.2582,7.2602,0.34883,0.59415,-0.88452,-0.33988,-0.80007,-1.0189,-6.424,-9.1225,4.9638,0.38477,-0.51559,1.6678,-0.03121,0.56828,-0.63237,-8.2674,-0.40798,-2.4755,0.12852,-0.10601,-2.0384,0.5669,-0.27399,-0.022504,-9.0763,0.58952,-2.6439,-0.66623,0.62838,-1.4703,0.58063,0.21183,0.1805
8,22.702,-6.8582,4.803,0.2144,0.021623,-0.005468,-0.7353,-0.34877,-0.22473,27.536,6.8783,-4.0242,0.69048,1.8796,0.62302,-0.37201,-0.58963,0.36152,25.659,-4.4922,3.0884,-0.57275,1.2927,-0.61719,-0.40735,-0.091339,-0.63152,-15.107,-27.736,0.83228,-0.17441,-0.071242,-0.18721,0.51087,-0.29471,-0.4221,-13.035,15.873,-1.5041,-1.5154,2.7497,0.88436,0.33713,0.18889,0.67789
9,6.473,-2.1755,1.5493,0.98742,-1.9092,-0.040423,-0.62034,0.21855,-0.73144,12.146,8.9671,1.9643,-0.18768,-3.3412,-4.5546,0.72883,-0.53615,0.030126,5.5086,2.5024,3.4013,3.1316,1.0564,2.537,0.20587,0.013581,-0.86434,-5.042,-12.399,-12.688,-4.5519,-0.009617,1.2916,0.61868,-0.6679,-0.10053,-7.8746,-4.1985,-2.4151,-2.0826,0.18674,-1.6326,0.62828,0.63458,0.19112
1,9.8465,-5.5694,4.5067,0.13601,0.38918,-0.067188,-0.53248,0.45244,-0.71337,0.20079,9.9954,2.0258,0.42131,-0.25654,0.11156,-0.063439,-0.54841,-0.48981,1.7425,-6.989,8.2755,-0.036068,0.069421,-0.17838,0.28887,0.67545,-0.83727,-11.969,10.284,1.7834,1.2246,-1.0761,-0.092323,0.87682,-0.31581,0.1988,-14.151,-13.376,2.5081,1.2364,-0.56133,2.1466,0.82564,0.68498,-0.22469
9,6.0655,-0.65604,0.46463,-0.29608,0.60149,0.28458,-0.62939,0.34337,-0.51584,9.75,-3.3028,-3.7581,-0.47838,-0.36694,0.108,0.087994,-0.68042,-0.4955,-1.5011,-4.1377,3.8023,-1.683,0.69977,-0.76431,-0.53219,0.61681,-0.47988,-9.7412,14.327,-4.2183,-1.6941,-0.35092,0.074493,0.56824,-0.70658,0.16166,-8.7219,-15.91,5.7763,-0.33043,-0.67516,0.32437,0.8273,0.37429,-0.16456
9,9.3796,2.1201,3.2717,0.063396,-0.13957,0.33781,-0.74257,0.0408,-0.72781,4.4862,8.9834,-13.405,-2.7842,-1.6763,-3.559,0.34446,-0.69173,0.67761,3.3132,-7.5817,5.4204,-0.9272,0.69073,-1.0768,-0.057306,0.95579,-0.48892,-9.3394,3.1298,-2.6886,-0.30487,0.068314,0.40496,0.76257,-0.62055,0.54857,-8.6627,-1.8758,-1.5101,0.39949,0.18405,0.27714,0.7894,0.69279,-0.22907
8,0,0,0,0,0,0,0,0,0,0,0,0,0,0,0,0,0,0,0,0,0,0,0,0,0,0,0,0,0,0,0,0,0,0,0,0,0,0,0,0,0,0,0,0,0
1,8.0656,-0.019163,5.0701,-0.17131,-0.30749,0.15629,-0.83848,-0.024028,-0.71517,7.627,1.9852,2.2829,-1.0329,0.23153,-0.40525,-0.72181,-0.76866,-0.41463,8.7417,-4.496,3.8469,0.025538,-0.23225,-0.401,-1.277,0.28285,0.90519,-8.3634,4.463,0.51438,-1.7312,-0.17734,1.3349,-0.027202,-0.60965,0.10528,-10.205,-3.8604,-2.7886,-0.73763,-0.10516,1.1531,0.67708,0.15213,0.14496
1,6.6464,1.0124,2.5942,-0.57272,0.21743,0.33722,-0.74853,-0.24067,-0.71693,-0.2524,6.3841,6.1685,-0.40243,-0.13268,0.47434,0.22565,-0.65781,-0.75161,1.9622,-4.9118,6.0891,-0.15893,0.31101,-0.27664,0.046402,0.44259,-1.154,-8.7966,-3.2152,-0.93969,-1.7463,0.46025,2.8913,0.27982,-0.68832,0.14423,-8.3199,-5.7364,-2.0125,-0.69919,0.044762,2.0324,0.49305,0.59148,0.049468
5,6.3987,0.82494,6.7227,-0.056365,-0.000667,0.008197,-0.65758,-0.19923,-0.099804,4.9888,7.0825,-4.2136,-0.049487,-0.059513,0.10771,-0.74075,-0.28076,-0.17599,5.6714,-7.5058,1.4717,-0.021409,0.098705,0.003025,-0.88052,0.36967,-0.6716,5.7127,3.2689,0.95756,0.28406,0.55687,-1.0213,0.13219,-0.57567,-0.39283,-1.6813,-11.201,-6.2503,0.8974,0.31465,-0.95285,0.32834,0.28827,0.30662
2,0.84925,-5.5665,-3.3604,1.9941,-0.16226,-1.2521,-0.811,0.30479,-0.60462,4.854,5.2673,-2.5062,-0.06468,0.92079,-2.9084,-0.72823,-0.56811,-0.27561,4.6758,-1.1758,8.2055,0.31094,0.14361,2.1993,-0.2114,0.47018,-1.0233,-16.278,29.299,-12.088,-5.2955,4.194,-0.10887,0.53384,-0.71108,-0.037187,-7.7952,-2.47,2.3589,-2.6698,0.76743,-3.6419,1.0931,0.24768,-0.068417
0,9.0994,0.58476,4.1823,-0.46175,-0.005373,-0.18157,-0.71594,-0.010317,-0.9795,10.907,3.4569,2.2065,-1.8352,0.58995,-1.4596,-0.90828,-0.73361,-0.23469,11.582,-4.2602,3.4012,-1.2746,-0.99875,-2.1061,-1.1954,1.4332,-0.27509,-16.558,-3.5931,-1.7978,0.6381,0.4669,2.6729,0.50769,-0.52567,0.35143,-9.343,1.7243,-2.8642,0.20969,-0.11306,1.5753,0.44757,0.6469,0.24527
5,8.195,2.584,5.3504,-0.24294,0.11767,0.40559,-0.51635,-0.32795,0.010859,6.4063,4.8984,5.4212,0.066321,-0.19272,0.15011,-0.88378,0.035204,-0.23482,6.4959,-5.4418,4.8306,-0.056959,0.2001,0.22802,-0.8996,0.1387,-0.57189,1.6905,6.5664,-0.054526,-0.12593,-0.16758,0.73217,0.3183,-0.56154,-0.28251,-1.0861,-13.128,-3.1259,-0.80649,-0.073398,0.1247,0.40273,0.32039,0.25027
6,10.135,0.42536,-1.937,-0.21047,0.049916,0.24387,-0.91735,0.40095,0.48111,-3.4956,7.2753,6.3533,-0.13073,-0.16037,0.041905,-0.2663,-0.4663,-0.78204,-1.7441,-2.5246,9.5272,-0.23584,-0.1217,-0.11599,-0.37997,0.57005,-0.6908,-6.9389,9.6759,-2.1667,-0.46662,0.21263,2.0452,0.44601,-0.48707,0.34308,-6.4992,-8.5668,-2.238,-0.29931,-0.67639,2.1038,0.46943,0.6993,-0.2351
5,7.7774,-2.1557,3.7705,0.67821,0.50314,-0.04125,-0.81507,-0.052104,0.033071,-0.67046,8.3051,5.1326,-0.065653,-0.13455,-0.049767,-0.11162,-0.48272,-0.093595,0.1706,-1.779,9.7863,-0.038286,-0.12498,-0.17348,-0.48345,-0.1195,-0.61215,-8.5811,15.903,-0.11048,0.53554,-0.32454,-2.0954,0.27511,-0.45546,-0.17634,-2.1849,-12.239,-1.7779,0.42077,0.84774,-2.7307,0.20816,0.48943,0.19867
7,8.374,0.32332,5.1928,-0.29348,0.31579,-0.12631,-0.52726,-0.11621,-0.79476,1.7936,2.8,8.9982,-0.30793,0.305,-0.58821,0.3726,-0.27909,-0.82328,0.53926,0.50471,9.5338,-0.20882,-0.004054,0.1396,0.40712,-0.13938,-0.84096,0.56472,9.5861,-0.29442,-0.12932,-0.12583,-0.41891,-0.49164,-0.80173,-0.18127,1.4335,-9.6415,0.08999,0.17086,0.072944,0.42134,-0.60836,0.75199,0.042412
0,12.992,-0.4722,5.56,-0.010774,0.32821,-0.059369,-0.63467,0.18879,-0.63217,10.402,2.3784,1.534,0.60634,-0.40621,1.0968,-0.46765,-0.11516,-0.63072,12.408,-2.9547,3.24,-0.29642,0.52245,0.78294,-0.54802,0.70136,0.30493,-16.099,7.1996,-1.092,-0.96266,0.14708,-0.84779,0.3442,-0.73596,0.33409,-12.662,-6.0936,-1.151,-0.48043,0.14211,0.22813,1.1076,0.1846,-0.094962
1,6.1475,-0.52081,1.2604,1.0309,0.22794,0.025199,-0.88519,0.099681,-0.54407,6.1979,0.4141,3.103,1.5262,-6.4e-05,0.15247,0.081262,-0.072352,-0.81013,7.5795,-2.0798,1.7007,0.21375,0.59882,0.81087,-0.954,1.154,0.175,-9.1508,-1.2401,-1.9068,0.76894,-0.11626,-2.2052,0.64762,-0.38961,0.43191,-9.575,3.17,-1.2179,1.1678,0.087903,-2.7114,0.89232,0.6698,-0.24583
9,10.572,-9.318,-13.467,-0.48451,-1.0015,0.69989,-0.082916,0.23082,0.86913,2.397,-7.4517,-3.7126,0.005298,-0.27708,0.9004,-0.1992,0.46505,0.71512,37.59,-16.162,14.702,3.7942,-2.6492,-2.5233,-0.89282,-0.12829,-0.13874,-8.1564,4.5119,-3.9159,2.1831,-0.035498,-1.4092,0.8552,0.020495,-0.095014,-8.9514,1.7188,0.001884,2.1685,-0.063659,-0.62589,0.40668,-0.74496,0.08785
1,10.034,-0.77918,4.1875,-0.081279,-1.0512,-0.009876,-0.70194,0.16351,-0.54232,-0.91369,8.547,5.7843,-0.030993,0.437,-0.89629,0.084706,-0.17604,-0.62035,-0.93645,-7.7278,7.2897,-0.26981,0.751,0.46654,0.49598,0.82067,-0.62599,-10.61,-1.4949,-2.338,0.58793,-0.38856,-1.0909,0.779,-0.3046,0.42347,-6.1427,0.36994,0.042253,-1.5469,0.050038,-1.2875,0.55577,0.90106,-0.1893
6,9.4089,0.44139,0.060767,-3.193,0.055128,1.045,-1.0147,0.46117,0.13853,-1.0038,10.044,4.5837,-0.27306,-0.62917,-0.007494,-0.45222,-0.6678,-0.64706,1.1786,-2.1508,8.7407,-0.24666,0.43964,-0.37017,-0.51396,0.56898,-0.66365,-9.7983,8.1532,0.54243,1.5071,-0.35211,0.87789,0.6069,-0.23752,0.26578,-1.3641,-1.6138,-0.16551,-0.48239,0.12482,0.63464,0.41608,0.66262,-0.34932
6,8.4658,-0.81068,5.2151,0.71939,-0.33095,-0.58266,-0.85555,0.50982,-0.12497,-2.0111,5.5987,8.0244,0.42546,0.34941,-0.18663,-0.3535,-0.23117,-0.89448,-0.50456,-5.1041,8.1384,0.20166,-0.12185,-0.47743,-0.28219,0.81465,-0.47215,-10.491,10.291,-0.52391,-0.5695,0.00955,-2.6849,0.52491,-0.43509,0.34425,-7.1933,-10.289,-1.4668,0.34628,-0.10808,-2.8654,0.48513,0.60838,-0.43289
8,8.9428,0.36407,1.2138,-0.001957,-0.20985,-0.20864,-0.78057,-0.39825,0.10605,7.6749,3.0219,0.94702,-0.45322,-0.2356,-0.62817,-0.65936,-0.11698,0.41325,9.5172,-1.7368,1.5403,0.53931,-0.28352,0.085738,-0.54169,-0.4658,-0.098835,-9.3498,0.2863,-0.65245,0.1831,0.11865,0.17368,0.47034,0.13119,-0.52149,-10.34,-1.0398,-0.049469,-0.28136,-0.18514,0.019425,0.42047,-0.32292,0.54204
2,56.514,-22,84.194,8.8586,2.1424,-0.81114,-0.94257,0.26606,-0.49784,1.4581,12.365,0.90409,0.18235,1.9381,-1.877,-0.60129,-0.54,-0.38536,6.3062,-9.0173,7.5723,-0.38854,-0.47201,-0.094015,-0.2266,0.75453,-0.92958,-27.286,3.4359,-9.4809,-1.6424,1.0304,-5.6693,0.60851,-0.67117,0.11111,-29.656,15.481,8.9347,1.7804,0.81877,-3.9,0.87798,0.50131,0.1915
6,8.6914,1.4184,3.9991,0.71253,0.039687,-0.39191,-0.92571,0.26217,-0.074844,2.0769,7.8049,5.6256,0.11265,0.10269,-0.20804,-0.76928,-0.44598,-0.55806,1.5449,-4.4062,8.5536,0.060214,-0.22214,-0.068565,-0.68715,0.64258,-0.57091,-12.43,10.175,-0.028806,-0.22309,-0.010857,-1.5207,0.69166,-0.18626,0.21943,-5.0631,-4.591,-3.5271,0.61728,0.51497,-1.649,0.58799,0.62875,-0.1014
0,8.8595,1.3641,1.8887,-0.25459,-0.034866,-0.03418,-0.76058,-0.26112,-0.75907,4.6886,6.656,5.788,-0.008473,-0.64514,-0.19088,-0.37243,-0.85059,-0.78071,5.948,-4.1154,5.8389,0.019761,0.020375,-0.49418,-0.45669,0.8114,-1.1715,-14.883,-3.4083,-2.3534,0.67965,0.019164,2.3135,0.46149,-0.58281,0.11703,-11.328,4.1558,-2.488,-1.6027,0.023917,1.8707,0.34269,0.64891,0.24036
6,9.7443,1.018,2.7576,-0.07136,-0.03777,-0.076134,-0.93463,0.27391,0.1722,1.9121,1.7665,9.575,-0.079364,0.051848,-0.22972,-0.81456,-0.051666,-0.75709,1.9857,-0.74139,9.4429,0.04293,0.060009,-0.16354,-0.62781,0.53894,-0.71637,-8.6276,6.0926,-3.3616,-0.71884,0.1033,0.43443,0.63399,-0.099468,0.28939,-2.0573,-5.3481,0.46198,-0.26261,-0.028999,0.29425,0.55585,0.63551,-0.18923
3,6.1099,0.016655,0.64475,0.8382,-0.34578,0.1498,-0.73785,-0.052971,-0.6111,3.2293,4.2341,6.1809,0.074751,-0.42514,0.74486,0.77432,-0.15379,-0.45394,3.4492,-4.7113,6.9197,-0.21866,-0.5083,-0.19136,0.051435,0.26421,-0.70872,-8.0704,1.7035,-1.8726,-0.046508,-0.36831,-1.8215,0.82866,-0.40076,-0.19919,-7.4426,-4.9991,0.33355,-0.12599,0.026398,-1.9279,0.80725,0.48289,0.3251
9,9.5049,-1.1882,1.1304,0.084475,0.91352,-0.3028,-0.94481,-0.38163,-0.2166,-0.020251,9.6157,-4.4012,-0.62352,0.50432,-0.066793,0.19423,-0.4002,0.86941,-0.68816,-2.6703,9.9006,0.098777,-0.5068,-0.24355,-0.08106,-0.31533,-0.89757,-9.5997,-1.2834,1.1091,-0.077192,0.10423,-0.041375,0.72666,0.002104,-0.67561,-9.7557,0.11778,1.3259,-0.02417,-0.10281,0.064512,0.87127,-0.023854,0.49413
0,8.9677,-0.056726,2.1875,0.60992,0.029334,0.11726,-0.82425,0.13132,-0.64488,9.2473,0.45954,3.0973,0.40812,-0.44121,0.96212,-0.3425,-0.018169,-0.74427,9.5575,-3.2762,0.98616,1.5525,0.23272,1.1829,-1.6446,1.6752,-0.10936,-9.4754,-1.5963,-2.8503,0.74677,0.10957,-1.3575,0.56447,-0.40557,0.45482,-11.277,1.2895,-0.95418,0.69566,0.03552,-2.2498,0.799,0.6325,-0.24388
9,10.046,-2.5486,2.8521,-1.2742,1.1344,-0.024834,-0.8168,0.66364,-0.25865,6.054,4.8776,-5.9606,-1.3876,-0.62466,0.5006,0.001036,-0.91057,0.25282,9.4285,-5.2529,1.8156,2.55,1.2775,3.5157,-0.16441,0.79894,-0.46747,-6.3431,-6.1339,0.59014,-1.0716,-0.16031,1.5997,0.66022,-0.51428,0.4438,-8.9259,-1.3443,-2.0715,-0.026773,-0.44617,1.1339,0.78943,0.48091,-0.30752
3,10.235,-0.2723,1.541,-0.55533,0.47985,-0.077824,-0.75376,0.005021,-0.60122,-1.4699,7.8311,6.6119,-0.10025,1.0022,-1.0718,1.0842,0.25693,0.13541,-0.37336,-6.4592,8.1693,0.15976,0.75265,0.66883,0.36138,0.27821,-0.55337,-6.9318,7.8313,-1.39,-0.8186,0.5176,1.5473,0.5745,-0.71989,-0.074684,-10.457,3.2629,-0.40029,0.54557,-0.072523,0.82685,0.71304,0.44525,0.44796
6,9.7593,-1.1346,-0.65206,0.023814,-0.11554,0.26262,-0.76706,0.21254,0.35746,0.84459,4.2532,8.7538,-0.027587,-0.11825,0.12313,-0.37252,-0.12938,-0.67428,-0.055332,-1.1086,9.6475,-0.1125,0.14162,0.001868,-0.39769,0.46807,-0.62985,-1.958,1.5701,-1.117,-0.080728,0.34003,-0.39002,0.51014,-0.38467,0.37026,-8.2266,-12.15,-0.59596,0.081602,0.187,-1.0851,0.64338,0.062841,-0.3044
2,-3.3912,0.4736,-1.9755,-1.0027,-2.0012,-0.26893,-1.0834,0.035788,-0.58272,-10.619,-2.1002,0.18059,-0.045465,1.9951,0.10912,0.15428,-0.85373,-0.19447,10.984,-2.3191,0.58031,-0.19915,-3.0871,-2.0887,0.85116,0.23821,-0.79658,5.865,19.539,-8.6829,1.857,-0.1821,0.66107,0.6498,-0.22575,0.38273,3.2538,-1.8525,0.6746,0.5076,-0.90931,3.256,0.39763,0.64806,0.13772
1,13.431,-0.025074,0.7113,-0.047403,-0.43531,0.6299,-0.78461,0.16326,-0.39465,6.924,4.5004,5.4926,-0.91667,-0.87719,1.1946,0.71646,-0.19634,-0.15605,4.7218,-6.7394,6.61,-0.68496,-0.14726,0.027043,-0.99909,1.0235,-0.96056,-13.936,8.4129,2.4327,1.8438,1.2547,-0.82663,0.26391,-0.85601,-0.052883,-13.303,-0.83133,-0.31516,-0.59656,-0.63041,0.24183,1.048,0.14897,0.063882
7,9.2771,0.90913,6.5852,-0.22853,1.1873,-0.2442,-0.46825,-0.19798,-0.81598,1.7458,10.028,0.86881,1.0234,0.36743,-0.48824,0.46402,-0.82473,-0.046619,2.8708,-2.9736,11.149,-0.64087,0.41811,0.014716,0.31939,0.10266,-0.89866,1.0305,7.5107,3.809,-0.43888,0.13558,-0.80114,-0.59556,-0.65375,-0.39189,-0.086677,-8.7976,1.5564,-0.48098,-0.062142,0.80138,-0.45182,0.86186,-0.035119
2,2.1906,-0.30346,-0.099447,-0.025396,-0.072664,-0.43459,-0.8876,0.2241,-0.42742,-7.989,0.93597,0.40066,0.51683,0.74433,-0.3974,0.076033,-0.83508,-0.2781,3.2531,3.0012,-0.75583,-0.2375,-0.89368,-1.4403,0.19419,0.99496,-0.44257,-4.1821,17.231,-3.4968,0.58318,-0.65912,-1.0008,1.0685,0.002008,0.30617,1.802,0.01561,-1.6474,-1.1869,0.94589,1.0019,0.74687,0.93343,-0.42481
1,9.2623,-0.68321,2.2728,-0.028253,0.11015,-0.12141,-1.1377,0.093832,-0.41729,1.521,7.757,6.0731,-0.056201,0.51185,-0.60809,-0.21171,-0.58073,-0.78916,2.1453,-6.5943,7.2299,-0.1581,0.37228,0.33538,0.057729,1.0026,-0.88514,-10.236,-0.099066,-1.7367,0.12757,-0.16222,-1.5363,0.60908,-0.4602,0.34892,-6.4688,2.9151,-3.0588,-1.4692,0.024547,-0.36544,0.25888,0.71446,0.17666
5,9.8926,-0.32614,1.8457,0.043868,0.0323,-0.023125,-0.59085,-0.2417,0.18701,0.97255,6.366,7.3368,0.072421,-0.01428,-0.015632,-0.17981,-0.52458,-0.17047,0.93862,-3.204,9.7732,-0.014143,0.009778,0.0265,-0.44501,-0.1329,-0.59092,-1.1605,8.1649,-0.2579,-0.56425,-0.23052,1.5741,0.22183,-0.57143,-0.31875,-3.2811,-12.594,0.81164,-0.48059,0.22249,1.2777,0.2436,0.41859,0.20447
7,9.5615,-1.9323,-0.035374,0.051899,0.16756,-0.007773,-0.90931,0.28018,-0.62816,0.85291,5.8207,7.949,0.15798,0.91954,0.51301,0.40613,-0.48269,-0.69877,3.2174,0.52226,9.6506,-0.081632,-0.30919,-0.62502,0.22268,-0.15683,-0.89963,2.3585,8.9968,1.7695,-0.13735,-0.47174,0.38914,-0.72568,-0.59968,-0.20874,2.0587,-9.4563,-0.90821,-0.41691,-0.36455,-0.40784,-0.73858,0.61408,0.13469
0,13.656,0.43533,2.8566,0.33912,0.36176,-0.24177,-0.84489,0.038372,-0.55499,13.033,1.1689,4.4313,0.28507,-0.004434,-0.35447,-0.35055,-0.27087,-0.97587,10.875,-2.6466,2.2342,0.62695,-0.99017,-1.1165,-0.86136,1.2322,-0.37735,-12.775,4.0013,-4.7126,0.738,-0.21638,0.34031,0.73164,-0.022749,0.41614,-12.719,6.6749,5.6102,0.84128,0.8832,1.2113,0.81431,0.64124,-0.24804
5,9.327,-1.8396,1.8297,-0.061856,0.14741,0.3301,-0.62541,-0.19103,0.16603,1.0482,6.6579,6.7279,-0.16991,-0.06914,0.13504,-0.20461,-0.53026,-0.14281,0.94069,-3.5429,8.7294,-0.24606,0.16378,0.055673,-0.4109,-0.046828,-0.62538,4.1762,5.626,0.79658,0.27524,0.198,-0.42679,0.12491,-0.61357,-0.33862,-2.4392,-10.919,-0.37696,0.58061,-0.29737,-0.66272,0.27438,0.37689,0.22189
8,0.047294,-0.1042,-0.53329,-1.9998,0.78145,0.34646,-0.79753,-0.37161,0.14852,0.03677,2.1074,0.84879,-0.55587,-0.031945,-0.57939,-0.66723,-0.11019,0.43778,1.9752,0.44624,1.6168,1.5697,0.3705,0.18877,-0.59376,-0.42237,-0.030745,-1.9634,-1.0633,-0.3348,-0.75521,0.057996,0.038624,0.49115,0.082263,-0.46597,-2.2811,-3.3998,-0.70279,1.9754,-0.1021,0.77949,0.45107,-0.32807,0.49698
1,7.6858,0.36472,2.8188,-0.30365,0.21233,0.029135,-0.75776,-0.18119,-0.75436,2.2461,7.9044,5.4776,-0.18131,-0.32895,0.18653,-0.021291,-0.86953,-0.64461,2.3497,-6.7434,6.101,-0.020061,-0.027392,-0.37526,0.058675,0.82757,-1.1263,-12.059,-3.2134,-1.634,-2.0071,0.066984,2.4179,0.26123,-0.72332,0.12491,-9.5115,-0.5958,-1.7423,-0.75909,0.19934,1.5103,0.41591,0.63865,0.10026
6,8.7852,-0.94381,1.9728,-0.59617,0.17397,0.25711,-0.85206,0.34377,0.19311,-0.29909,3.8888,9.1412,-0.27582,-0.2613,-0.13684,-0.45434,-0.02396,-0.78361,-0.53203,-0.93254,10.063,-0.012189,0.095789,0.10772,-0.32325,0.53204,-0.65836,-8.1,7.2585,-3.5887,-1.0875,0.56371,2.2515,0.43496,-0.29956,0.49348,-10.975,-9.1029,0.14114,-0.43605,0.10785,2.7544,0.58424,0.28629,-0.36036
4,14.11,-1.6795,5.4471,-1.0337,-0.025499,-0.056937,-0.93471,0.029075,-0.36683,-5.2377,8.0777,1.1439,-0.62899,-0.12189,-1.1448,0.060296,-0.65498,-0.70779,-0.45109,-7.3994,5.9817,0.21631,1.854,2.2643,0.49145,0.52429,-0.71892,-13.948,4.3988,-0.9804,-0.16782,0.95321,2.514,0.39636,-0.44025,-0.074464,-11.928,-2.0597,-3.887,-0.38568,-0.15514,1.32,0.49568,0.36205,0.19225
7,9.8936,-0.66249,0.90121,-0.13299,-0.23221,-0.018483,-0.83838,-0.040128,-0.50436,3.3825,3.6671,9.6493,-0.1234,-0.079171,-0.3488,0.18016,-0.30065,-0.87909,3.9331,-3.2327,9.6715,-0.16399,-0.20603,0.18566,0.12353,0.14001,-0.92997,-0.25947,9.0025,-2.1916,-0.29771,-0.080492,0.5992,-0.41837,-0.86687,0.074117,0.14936,-8.0411,-5.1953,-0.27979,0.54408,-0.45441,-0.47068,0.6849,0.5063
1,7.8378,-1.0377,1.0398,0.16488,0.31355,-0.23197,-0.80043,0.04538,-0.39994,8.6472,0.6955,3.2471,0.12329,0.60225,-0.98011,0.47699,-0.41896,-0.27365,9.0741,-0.84486,2.8775,-0.023885,0.20855,0.41628,-1.6065,0.43661,-0.67937,-9.5831,0.76613,-2.7458,0.7313,0.22983,-1.1951,0.73153,-0.47597,0.30879,-7.868,0.7266,0.043223,1.5131,0.57887,-1.5673,0.70188,0.96742,-0.068708
5,6.9372,0.92873,6.8446,0.065608,0.005391,-0.038778,-0.65512,-0.20864,-0.08886,5.1698,7.8147,-3.4305,0.032095,0.00181,-0.040095,-0.79148,-0.27128,-0.095682,6.5773,-7.2112,1.5488,0.035538,-0.060595,-0.042979,-0.97911,0.26535,-0.60884,-4.7026,10.457,2.7779,-0.06282,0.35555,-1.705,0.3255,-0.44726,-0.3271,-0.7185,-7.9185,-4.7032,0.25207,0.63895,-1.532,0.2492,0.41645,0.32242
7,8.8323,0.35661,4.3177,0.13506,0.47503,-0.088108,-0.60079,-0.054157,-0.77031,-3.6272,2.8544,8.3011,0.12102,0.17861,0.063211,0.60342,-0.037379,-0.75973,-3.4645,-1.4662,8.7774,-0.033563,0.045491,-0.061142,0.52573,-0.15616,-0.78882,-2.5478,9.2117,-2.0022,0.16976,0.04802,0.036588,-0.23825,-0.93164,0.039397,-1.7946,-8.8585,-4.0353,0.20457,0.0221,-0.12193,-0.33421,0.80412,0.43282
7,10.778,-0.041943,0.25341,0.44727,-0.28165,0.2833,-0.63034,-0.22759,-0.67518,2.7667,10.089,-2.0466,0.36504,0.047759,0.021161,0.4564,-0.82233,-0.000998,4.9257,-3.7867,9.8037,-0.19883,0.11984,-0.1279,0.24784,0.008744,-0.92601,1.0955,8.6266,4.0084,-0.2451,0.004137,0.11825,-0.73108,-0.5089,-0.36599,-0.87238,-9.2714,2.3596,0.11057,-0.017908,-0.002183,-0.5963,0.75989,-0.082462
8,1.5195,-0.000166,-0.7826,0.36332,-0.21987,-0.15189,-0.72361,-0.31987,-0.3358,-0.18768,1.5727,1.0839,-0.17128,0.074337,-0.34044,-0.39979,-0.58462,0.38449,-0.099979,1.0011,0.30046,-0.10909,-0.12557,-0.12901,-0.44475,-0.010557,-0.64474,-1.2036,-0.97196,1.7437,-0.028938,0.39028,-0.19185,0.46847,-0.25412,-0.51658,0.41758,-2.182,-0.92497,-0.55938,-0.010395,-0.16647,0.49408,0.15173,0.59169
3,5.8732,-1.0916,3.8327,-1.6926,0.57124,-0.049263,-0.70246,-0.12633,-0.63085,6.5301,0.28925,2.8468,1.0198,0.64833,-1.3835,-0.19993,-0.95009,-0.40479,8.8974,0.15811,6.0408,0.21098,0.75824,1.3248,-0.35004,0.29097,-0.61219,-7.179,0.5837,-1.1017,-0.56617,0.051246,1.0829,0.8817,-0.24308,-0.35166,-7.0739,-3.4002,-0.85767,-0.049188,-0.098286,1.0471,0.81344,0.50831,0.31183
4,4.9354,0.046466,-0.11862,-1.1438,0.36737,0.12623,-1.042,-0.16961,-0.15436,-7.0192,10.769,1.1302,-0.45557,-1.5858,-0.73278,-0.23958,-0.61647,-0.12338,3.8535,-6.7879,3.4932,-0.31403,0.50302,-0.076413,0.19707,0.63067,-0.91408,-6.1994,9.1409,0.6404,1.6524,-0.08419,2.6117,0.6163,-0.24134,-0.11429,-7.0295,-1.2028,1.4454,0.039787,-0.37009,2.6594,0.40643,0.42123,0.15791
3,8.4219,-0.03085,-3.0194,0.37131,-0.10859,-0.004807,-0.91493,-0.20186,-0.18633,7.7182,4.0781,4.2321,-0.11089,0.01087,0.4917,0.21505,-0.63108,-0.72204,8.2841,-3.2486,3.7497,-0.20506,-0.40467,0.14251,-0.44214,0.28427,-0.58691,-7.9738,2.0456,-2.4347,0.46723,-0.16922,-0.88594,0.80094,-0.4651,-0.18765,-9.4816,-5.8833,-3.1894,0.52704,0.095801,-0.50827,0.74437,0.15188,0.64048
3,7.7423,-0.14026,3.3117,1.4762,1.0707,-0.54365,-0.81482,-0.060154,-0.67751,3.2155,8.8247,0.8784,0.45295,-0.14819,-1.403,0.84847,-0.003156,0.41173,6.7193,-0.66878,6.068,0.09405,0.86815,0.4755,-0.29183,0.32681,-0.72988,-8.2817,1.0201,-0.3524,0.31556,-0.51625,1.8669,0.83832,-0.16392,-0.41677,-8.1179,-2.688,-1.2642,-0.020931,-0.057137,1.3459,0.79618,0.45365,0.50911
5,9.6329,-0.41142,3.095,-0.064032,0.095879,0.1004,-0.59227,-0.1943,0.13993,2.6886,0.49528,9.4095,-0.033218,-0.030328,0.03445,-0.27623,-0.15865,-0.2366,1.3294,-1.0669,9.7777,-0.10043,0.05466,-0.018188,-0.62583,-0.12377,-0.52106,0.44494,6.2644,0.4211,0.66587,0.16234,-1.7494,0.24741,-0.59199,-0.23768,-2.6867,-12,-3.6453,1.0126,0.14233,-1.2354,0.37787,0.36926,0.28022
4,-8.4957,6.237,8.512,-0.47961,0.32881,0.68603,0.51546,-0.13375,-0.62476,0.62314,8.9847,-4.2696,0.13621,0.33915,-0.34393,-0.2275,-0.91918,0.24608,0.83095,-9.7454,2.6587,0.33326,-0.40319,0.13327,0.15324,0.72768,-0.66918,-14.622,-0.71375,-0.40315,-0.13404,-0.52068,-1.4151,0.63582,-0.16676,-0.15519,-13.293,1.2072,-0.2678,0.31028,0.6538,-1.3859,0.457,0.42555,0.13241
0,6.2124,0.34248,1.5683,-0.1649,-0.073632,0.31533,-0.81599,0.048419,-0.5953,7.6452,-0.029093,2.2682,-0.18257,1.1378,-1.7295,0.009184,0.010819,-0.74592,5.928,-0.92316,2.3965,-0.85643,-0.021373,-0.080542,-1.2536,0.95236,-0.20987,-7.2387,-3.9604,-2.727,-2.367,0.24958,1.7923,0.52699,-0.45844,0.47017,-7.664,0.21316,-1.8144,-0.58607,0.17744,1.2346,0.93127,0.48133,-0.17501
7,9.0432,0.19641,2.9269,-0.11925,0.63509,0.092038,-0.5581,-0.047991,-0.80041,-2.2294,-2.0135,8.518,-0.55563,0.91066,-0.5205,0.41684,0.64785,-0.60665,-5.6928,2.275,7.0275,0.32477,1.5422,1.2333,0.56142,-0.63451,-0.4593,-3.9711,8.8101,-1.7429,0.14813,0.11131,0.076682,-0.13009,-0.95129,0.026237,-3.1155,-8.4417,-5.1231,0.51969,0.017517,-0.22152,-0.2188,0.77431,0.54419
0,9.0536,-1.9971,6.8294,0.12091,-0.10675,0.3866,-0.71123,0.15879,-0.68577,4.6817,8.4641,-0.53754,0.24022,0.45795,-0.14079,-0.49537,-0.50553,-0.45047,5.9569,-4.3684,6.4607,0.042883,0.64797,-0.20399,-0.21812,0.69309,-0.92743,-9.1839,-4.0113,0.47587,-1.2321,-0.16089,2.3441,0.60546,-0.66861,-0.00019,-8.86,1.0145,-0.17033,-0.72323,0.28754,1.03,1.1721,0.39977,-0.18441
9,7.9798,-1.7416,2.4862,-1.4822,-0.78871,0.31029,-0.96636,-0.36319,-0.2667,-6.9857,8.254,-4.3224,-0.2801,-0.75208,-0.73582,0.1031,-0.75644,0.60171,2.6953,-6.1019,7.4055,-0.11178,1.1455,-2.5952,-0.20858,0.15949,-0.92577,-15.249,14.99,3.0249,2.0042,-0.43423,0.60597,0.71095,0.46709,-0.51022,-14.225,0.049311,0.16192,-1.6344,0.80505,1.3792,0.92026,-0.15964,0.31127
6,10.493,0.24449,4.2423,1.3562,0.21692,0.33915,-1.0228,0.45608,0.098559,-2.8245,9.0208,3.293,-0.089237,-0.81301,0.3134,-0.44117,-0.70108,-0.6187,0.83887,-1.7557,10.139,-0.22869,0.39921,-0.47627,-0.5079,0.58032,-0.63701,-8.8806,6.2254,-0.086458,-0.21229,0.09405,1.2522,0.59676,-0.32072,0.27838,-6.0497,-5.1825,-1.0429,-0.56459,-0.31853,2.276,0.48234,0.58372,-0.32992
8,-4.7037,-1.2932,0.023313,0.45022,0.57856,-0.19476,-0.4421,0.006632,-0.67517,-3.2907,1.1826,0.38711,0.96711,0.038316,-0.048189,-0.53416,-0.4174,-0.33011,-1.8078,0.53723,-0.25962,0.98406,-0.20261,1.4047,-0.47599,0.3936,-0.41271,-3.0017,18.364,-2.5101,0.38038,0.026566,0.19157,0.66184,-0.28903,0.068357,2.1721,-9.2477,-0.27924,-0.85872,-0.10251,0.30451,0.64804,0.19779,0.30152
4,-7.6545,7.0957,1.1412,-1.2867,-0.94566,1.3447,0.62667,-0.33091,-0.43671,3.3534,9.9743,-2.3012,0.65689,-0.70804,-1.2994,-0.32932,-1.2799,0.23832,-5.7779,-11.159,1.7654,0.059231,-0.72416,2.499,0.119,0.7232,-0.46401,-9.8968,2.3823,-1.4247,-0.56163,0.55244,-1.3614,0.5661,-0.28915,-0.13337,-11.611,-3.9171,-0.28636,-0.71574,0.55741,-2.0053,0.5339,0.37272,0.1658
2,-2.8231,-2.2728,-1.4046,-1.0915,2.5062,1.4401,-1.0126,0.38278,-0.74204,-4.5747,-2.5922,-5.2493,3.1272,-3.3974,-0.30596,0.93496,0.40509,-0.29349,-14.123,0.87245,0.75185,-0.8002,0.43333,2.0152,0.16449,1.1654,-0.61396,1.5063,17.304,-12.602,1.7779,0.078242,-1.7334,0.097643,-0.68086,0.38613,5.1731,-17.058,-2.6973,-2.1973,-0.023109,-1.7318,0.82517,0.19816,-0.036741
1,5.4554,-0.70336,3.1365,0.37708,-0.035046,0.03392,-0.86636,-0.035274,-0.69063,5.2335,3.1362,3.3208,1.4234,0.11382,0.18356,-0.95116,-0.3769,-0.17471,6.188,-2.8871,0.73139,0.21199,0.33365,1.3831,-0.96467,1.7416,0.29971,-9.243,0.89882,-1.676,1.0343,0.096868,-1.6853,0.50006,-0.35459,0.16234,-7.9541,1.7813,-0.19692,0.71542,0.40374,-2.6539,0.32732,0.55881,0.14724
9,9.7104,-1.2858,1.5299,-0.14532,-0.25829,0.31174,-0.8826,0.24045,0.27691,-0.22495,11.455,-0.38263,0.35551,0.42928,-0.53258,-0.53639,-0.77826,0.072742,3.6192,-5.379,7.956,-0.030395,-0.32522,1.0049,-0.55714,0.54457,-0.49524,-9.8589,-0.11631,-3.6521,-0.85473,0.63768,-0.4481,0.78702,0.58512,0.16995,-10.314,-1.3266,0.8036,-0.32453,-0.42443,-0.5263,1.0007,-0.29111,-0.055512
9,-2.8929,0.50822,1.9891,3.1225,-0.6445,0.24606,-0.88943,-0.35083,-0.16082,32.549,4.7951,-7.4013,-15.503,-1.4093,6.0887,0.79861,-0.32674,-0.20813,18.188,-16.545,37.817,1.909,-9.3656,-5.0853,0.56889,-0.54768,-0.46577,-1.5759,-5.7649,-3.5175,0.17546,-0.64983,-0.19671,0.95542,-0.10534,-0.19846,0.67144,-1.3553,-1.5894,-1.1747,-1.2585,0.36481,0.89126,-0.010672,0.30516
1,14.614,0.17821,0.40709,-0.037504,0.23317,0.32916,-1.128,0.1292,-0.29728,-0.62401,10.051,7.099,0.3311,-0.33401,0.9321,-0.10571,-0.56501,-0.82173,-0.099137,-7.7593,8.2245,-0.38123,-0.22854,-0.23919,0.22906,0.97678,-0.82852,-21.24,17.794,-0.37346,-1.2717,-0.030907,-1.5815,-0.025902,-0.84127,0.21702,-12.777,-8.1213,-3.2191,-0.27974,-0.14997,-0.77792,0.92013,0.35203,0.050104
0,13.456,-0.087703,1.7255,-0.64927,0.24659,-0.39493,-0.7776,0.094184,-0.59068,14.49,6.3635,1.3442,-0.74572,-0.49133,-0.37358,0.016942,0.15671,-1.9275,13.598,-2.8486,2.2849,-0.4894,0.003157,-1.364,-1.1915,0.87135,-0.12138,-14.75,4.4321,1.6397,1.2382,-0.77258,0.98813,1.0456,-0.024444,0.25616,-12.689,-2.0872,3.9539,-0.019427,0.47881,0.084021,0.83592,0.8119,-0.49918
7,10.396,0.51095,-1.2973,1.4917,1.1635,-0.051879,-0.79593,0.42951,-0.57259,7.3136,6.259,4.4307,-0.20369,0.89815,-0.42189,0.4547,-0.58632,-0.56873,7.9465,-1.4905,5.9357,0.51217,0.91914,-0.2161,0.21095,-0.068949,-0.903,-0.30229,10.192,2.0413,0.018943,0.019016,0.099583,-0.69907,-0.60318,-0.26076,0.29189,-9.3435,-3.2056,0.28911,-0.034812,-0.1178,-0.69747,0.6422,0.18493
3,9.3358,1.2963,0.65673,-0.41078,0.033823,-0.027867,-0.75653,-0.27001,-0.51803,3.4635,7.8447,4.8689,-0.091,0.37832,-1.1189,0.68372,-0.608,-0.24701,6.8619,-3.7386,5.6291,0.17332,0.69279,0.89362,-0.16852,0.29519,-0.67201,-9.1975,4.677,-2.1419,0.073048,-0.12362,1.3748,0.71794,-0.58339,-0.20741,-9.2165,-2.3735,-1.6486,0.1141,-0.062594,0.44278,0.67425,0.28659,0.65917
6,9.8052,-2.85,1.3984,0.17286,-0.08192,0.060522,-0.84743,0.4141,0.31443,4.1589,0.43835,8.7313,0.031389,0.020322,0.090331,-0.98034,-0.00477,-0.58437,0.17942,-1.1924,9.9934,-0.000378,0.17672,0.025065,-0.49912,0.56539,-0.77259,-2.9258,5.5386,-0.46548,0.73344,0.22728,-1.1893,0.56047,-0.5298,0.2338,-8.1265,-7.4266,-3.3863,0.47619,0.25442,-0.90256,0.71606,0.35463,-0.13477
7,-0.42267,-3.0427,10.143,-0.1845,-2.5376,-0.08143,-0.23095,0.022035,-0.9438,-16.133,4.2258,9.2756,0.97818,0.46169,-0.34799,0.84576,-0.46955,-0.10056,-14.14,9.3449,6.5367,-0.51677,0.33847,-0.29089,0.58362,-0.22143,-0.74183,1.6713,8.0538,2.9449,0.78904,-0.56511,0.26674,-0.40023,-0.74578,-0.45984,-1.2266,-7.8977,0.92118,-0.53612,-0.22653,-0.86685,-0.15664,0.96065,-0.013777
4,4.3023,0.43218,-2.5255,-0.4128,0.15101,0.36526,-1.029,-0.10808,-0.18296,-4.1763,9.7242,3.662,-0.24835,-0.55691,-1.5935,-0.26084,-0.57706,-0.38139,4.2122,-3.1459,7.2292,-0.17973,0.96357,0.4214,0.1438,0.43503,-1.0262,-7.8616,-0.21688,2.582,1.3772,0.45403,2.4051,0.58824,-0.30701,-0.10144,-5.5168,-5.4959,-0.63694,-0.98076,-0.27868,1.4607,0.37882,0.45717,0.16648
8,9.3014,-1.7076,2.5741,0.19427,0.018332,-0.18742,-0.71039,-0.36392,-0.32377,9.6523,3.2278,2.0521,0.25467,-0.37942,-0.4112,-0.45055,-0.56551,0.36355,7.9699,-4.7878,4.3309,-1.8068,0.05844,-0.2332,-0.32549,0.10287,-0.72985,-11.889,2.0357,-0.25819,-0.018358,-0.57598,0.055275,0.52695,-0.42821,-0.38336,-12.078,0.56806,0.058683,0.437,-0.47117,0.22923,0.46501,0.26587,0.55837
2,8.9419,-0.89214,2.3831,1.8173,-0.080133,-0.016,-0.82633,0.11749,-0.48026,3.5234,4.5296,5.2229,-0.53052,-1.0996,1.6293,-0.064381,-0.18729,-0.66999,3.6254,-5.8253,6.8716,-0.36044,-1.6514,-1.086,0.27342,0.72995,-0.87817,-17.45,3.3877,-1.3863,0.86362,-1.1413,-4.082,0.71022,-0.39275,0.43813,-10.703,5.1275,-4.8248,0.02358,0.86284,-1.1886,0.64303,0.77683,-0.17647
0,7.8588,-1.6806,2.2352,1.2107,0.020698,-0.087093,-0.75526,0.19573,-0.64617,7.6205,2.999,2.012,2.754,0.99421,-0.53649,-0.30086,-0.31961,-0.95015,9.4977,-0.8463,1.5832,1.3503,0.55704,1.2878,-1.7525,0.63002,-0.13065,-9.3109,-1.9538,-2.0876,0.26903,0.32016,-1.2162,0.85203,-0.45017,0.28711,-8.9458,1.7107,-0.43708,-0.34649,0.14954,-1.969,0.97396,0.88182,-0.1787
2,13.361,1.2976,3.2262,-1.17,0.86799,0.29711,-0.81456,0.19643,-0.52367,9.0815,6.0189,-1.2601,-1.5855,-1.2135,-3.0056,0.18628,-0.5116,-0.53778,1.9092,-12.471,0.90371,0.58659,0.65529,-0.058485,-0.57924,1.1015,-0.073846,-8.7571,-10.131,0.1616,-0.087468,0.40623,3.0909,0.7908,-0.43105,0.33995,-20.117,-7.3161,1.2615,-0.44989,0.77771,3.7986,1.0858,0.59171,-0.15237
6,9.4812,-0.047714,0.15988,-0.097135,-0.032575,0.38035,-0.77066,0.28861,0.29347,1.2567,4.3383,8.4958,-0.093526,-0.16972,0.004272,-0.45209,-0.12259,-0.64797,1.6492,-2.2095,9.3088,-0.17637,0.35068,0.023775,-0.44361,0.54763,-0.52727,-1.1343,2.2162,-0.79289,-0.98313,0.031462,0.8249,0.49078,-0.51004,0.33292,-6.8238,-6.8347,-9.9234,-0.35979,0.050899,0.19432,0.63408,0.34767,-0.021502
5,9.2207,0.10349,2.9437,-0.031356,0.25584,-0.006197,-0.82473,-0.26191,0.028626,-1.4501,6.9234,6.9608,-0.12259,-0.068415,0.024104,0.33444,-0.62011,0.06725,-0.63126,-1.5772,9.9522,0.37657,-0.069265,0.005344,-0.5707,-0.12609,-0.69818,1.2551,5.4534,0.3056,-1.0236,0.62595,2.1801,-0.13514,-0.72875,-0.23225,-0.32042,-11.323,-3.52,-0.77909,-0.56014,1.4511,0.19935,0.37256,0.43018
6,9.1434,-0.054711,3.8953,0.84992,0.15677,-0.40751,-0.89982,0.44322,-0.050149,-1.7013,5.4051,8.0365,0.27149,0.40848,-0.22031,-0.39499,-0.22523,-0.86121,-0.058397,-3.9965,8.9272,0.31949,-0.20984,-0.16639,-0.27367,0.74918,-0.55909,-10.39,9.2131,1.2719,-0.34253,0.33569,-1.8147,0.54393,-0.38367,0.31729,-4.1073,-6.9195,-0.90214,0.23464,-0.15182,-2.4763,0.3505,0.70873,-0.47237
9,7.5214,-0.10234,3.1853,0.44683,2.1699,-0.22647,-0.68216,-0.15059,-0.70352,-4.176,0.18429,7.0205,-4.8649,1.0172,-2.9054,0.74687,0.20811,-0.64152,-2.7477,-1.6766,7.8245,4.9869,0.93468,2.0169,0.41072,-0.49721,-0.75203,-8.8486,0.81179,-0.88935,0.33931,-0.26167,-1.4203,0.9707,-0.33816,-0.15724,-4.3797,1.7891,-0.085641,-0.4022,0.17207,0.017016,0.59955,0.89644,-0.11561
7,9.7855,-0.70346,0.41782,0.052477,-0.25216,-0.072535,-0.76752,0.097471,-0.63602,2.7382,-0.44226,9.6713,0.35184,-0.83464,0.28165,0.39545,0.22066,-0.83807,1.7417,-1.6496,9.453,-0.26969,-0.78618,-0.49429,0.4267,-0.15135,-0.83347,1.9149,9.1745,1.0793,-0.030062,0.050569,0.15954,-0.70474,-0.62438,-0.24481,2.724,-9.1658,-0.89775,0.07587,0.10057,-0.12258,-0.76295,0.60892,0.024809
2,30.178,3.2518,-3.5517,-7.976,0.16989,-0.22057,-0.92595,-0.03133,-0.51011,5.2068,7.3916,-3.5521,0.57099,0.28151,1.4639,-0.72923,-0.6939,-0.16517,5.8913,-2.9778,9.8976,-0.056371,0.50461,-0.9038,-0.40204,0.40988,-1.0327,-21.024,-14.411,0.59563,0.72462,-0.22567,4.3772,0.61186,-0.66205,-0.040906,-13.908,4.04,-2.974,2.8319,-0.76263,2.1851,0.92338,0.51192,0.10959
1,8.5641,1.9229,-0.48689,-0.14788,0.12546,0.14008,-0.78269,-0.053618,-0.40149,2.4529,9.0716,2.7562,0.015148,-0.15606,0.52811,-0.26823,-0.30481,-0.56262,3.7911,-5.6557,6.7206,0.17663,-0.15723,-0.57982,-0.11439,0.88175,-0.83127,-12.679,-0.82024,-2.1112,0.84542,-0.35634,2.4644,0.61745,-0.54799,0.2524,-10.024,-1.744,-2.0573,-0.88872,-0.15981,1.5303,0.92543,0.75893,-0.074162
5,7.8723,0.10144,5.3105,0.53765,0.33258,-0.11602,-0.64365,-0.092505,-0.0088,8.7372,2.2198,3.7911,0.13861,0.071295,-0.22718,-0.89965,0.21868,0.043056,7.3631,-3.057,5.5485,0.048345,-0.023356,-0.005109,-0.83897,-0.13071,-0.60042,-4.3049,11.78,-2.7869,0.37401,-0.59848,-2.3722,0.35356,-0.54958,-0.044092,-0.014503,-10.634,2.1574,-0.34662,-0.027794,-2.4268,0.17694,0.5913,0.10347
4,4.6653,0.72135,1.4372,-1.8116,-0.29767,-0.75335,-0.71032,-0.36444,-0.52404,-6.3744,5.8592,3.6711,0.43635,-0.46524,-1.5472,-0.054991,-0.66169,-0.42873,5.982,-4.2525,5.9768,0.55898,0.24294,1.4598,0.11703,0.63096,-0.84133,-10.587,2.2076,-2.0077,0.39227,-0.43162,2.2023,0.58072,-0.12442,-0.14749,-8.7293,-0.1193,-3.3961,-0.092021,0.22738,2.5213,0.47636,0.40692,0.046637
8,9.8746,-0.65504,2.3175,0.084792,-0.11136,-0.059202,-0.80023,-0.3513,0.146,10.378,3.7953,4.3111,-1.9441,-1.4119,-0.55035,-0.62177,-0.079535,0.46394,10.171,-2.0454,1.0957,0.5827,-0.021773,0.63759,-0.60549,-0.38327,-0.093744,-9.5853,-0.1624,-0.88988,-0.14263,-0.04796,0.025713,0.44817,0.20141,-0.50738,-9.3071,-0.62525,-2.2885,0.059702,0.15016,-0.11357,0.43579,-0.40936,0.46045
8,2.2129,-1.0535,0.61795,-0.031845,-0.3255,-0.19234,-0.74437,-0.30901,-0.27414,1.0484,3.3914,0.69651,-0.5105,-0.047688,0.38282,-0.41178,-0.55065,0.41122,2.8677,-1.5619,1.1319,-0.24838,0.33328,-0.087923,-0.4281,0.000509,-0.64649,-1.4672,2.9433,-1.5759,-0.24879,0.97379,-0.11875,0.46614,-0.30933,-0.4835,-2.0379,-2.8139,0.10156,0.037871,0.4584,0.017142,0.46962,0.13779,0.60604
2,-0.15533,-1.1206,-2.2932,2.2507,-0.79205,0.29533,-0.85611,0.33599,-0.4113,5.1575,-3.5298,0.052628,0.85264,0.21224,2.9687,0.09055,-0.55044,-0.54648,-5.4937,-9.2333,0.56892,-0.19961,-0.18009,2.0267,-0.63192,1.1038,-0.064443,-4.2929,8.8822,-3.0704,-0.55015,-1.8838,-1.1357,0.64839,-0.67065,0.36581,-4.5088,-3.8458,0.56339,-0.095636,-0.51081,-1.8015,1.2245,0.37122,-0.21001
3,10.921,0.50152,2.3073,-0.71601,0.047543,0.05641,-0.68812,0.021524,-0.60688,4.5807,7.7647,4.5833,0.11782,-0.030959,-0.29466,0.2584,-0.37591,-0.10028,4.2731,-5.8965,6.9995,-0.11892,0.59595,0.63774,0.015566,0.41405,-0.72366,-10.5,4.4942,-0.42446,-0.66379,-0.13173,1.3634,0.48667,-0.80685,0.004101,-10.926,1.2378,-2.3999,-0.81345,-0.11256,0.94914,0.85319,0.43629,0.19514
9,3.4658,0.11858,4.2158,0.2415,1.3347,-0.20347,-0.30435,-0.054088,-0.94386,-2.217,-2.104,3.476,-0.51003,0.14371,-0.54017,0.60938,0.75075,-0.20853,-3.6385,1.5419,-1.9479,0.57993,0.5128,0.17594,0.53152,-0.27934,0.76769,-5.6797,-0.42717,-2.9252,-0.73647,0.74125,1.0542,0.82966,-0.63381,0.008297,-5.2052,-13.435,2.2076,0.54357,0.19462,-1.0329,0.70057,0.77198,0.32094
0,9.0864,-1.2602,1.5357,-0.12624,0.62862,-0.046435,-0.78038,-0.20468,-0.76197,4.3064,5.4196,6.5484,-0.062574,-0.083477,0.87839,-0.39443,-0.79514,-0.74046,5.3008,-5.566,5.9007,0.10056,-0.59629,-0.16445,-0.29655,0.88757,-1.2123,-9.4279,-6.0942,-2.2449,0.44692,0.61462,-1.169,0.070768,-0.8031,-0.2265,-10.04,2.0569,-2.3999,-0.71857,-0.75044,-1.8262,0.64971,0.31387,0.14678
3,4.6355,-3.8992,-7.9392,1.5437,0.062555,0.16526,-0.66809,0.53951,0.44504,3.5954,4.0996,8.457,-0.34859,-0.49615,1.2468,0.51565,-0.49581,-0.11056,3.7236,-3.5475,2.4739,0.68525,-5.077,-1.1197,0.037252,0.37303,-0.8001,-12.793,1.6181,-2.0018,0.64416,0.46694,-2.4126,0.88273,-0.2983,-0.11162,-6.4476,-5.6562,-0.25912,1.3881,0.001954,-1.7238,0.58871,0.70868,0.51887
4,14.07,2.1091,4.314,-1.4431,-1.053,-0.2705,-0.7371,-0.16841,-0.48055,-2.5269,11.976,2.7716,-0.53466,-0.25882,0.033226,0.11134,-0.77811,-0.75286,-4.2219,-7.1386,5.5028,0.71261,1.0715,0.84031,0.44761,0.46948,-0.69176,-12.093,0.097761,-0.46876,0.90774,0.11371,2.1074,0.48094,-0.20709,-0.13019,-14.242,3.1768,-2.194,0.52194,0.21801,1.8002,0.61408,0.29503,0.12299
9,10.574,-0.71046,1.7366,-0.93833,0.59857,0.1699,-0.7943,-0.38137,-0.19592,3.409,0.94174,-7.6297,-1.8615,-1.4483,0.62324,0.008846,-0.84854,-0.12699,6.7413,-7.162,3.8259,-1.8633,0.64746,2.4072,-0.63298,-0.010939,-0.64126,-20.646,16.126,3.1887,-1.5331,0.91865,0.24777,0.89055,-0.12526,-0.092859,-6.5057,-7.2601,-3.5954,0.89602,-0.44578,-1.9756,0.6847,-0.46155,0.2292
7,9.7165,-0.98317,-0.81572,0.024541,-0.47839,0.12791,-0.85109,-0.071273,-0.4515,4.5265,3.5331,8.7102,0.081039,-0.32706,0.26683,0.18762,-0.4528,-0.7959,3.0117,2.4245,8.9713,-0.010731,-0.18412,-0.36041,0.31656,-0.28053,-0.82722,1.8962,9.4883,-0.47825,-0.014596,0.049811,-0.10913,-0.64168,-0.67812,-0.21538,2.7433,-9.4814,0.74772,-0.13257,0.11478,0.074573,-0.73974,0.61952,-0.004228
8,1.7891,0.33125,-0.42563,-0.072657,-0.4924,-0.15544,-0.4561,-0.003116,-0.67089,-0.006987,1.3438,0.14962,0.18663,0.29376,0.36698,-0.51867,-0.37264,-0.40699,-0.37583,-0.27675,-0.19236,-0.032421,0.31216,-0.26955,-0.46348,0.41051,-0.41959,0.29143,-0.32999,1.957,0.67232,0.23438,0.16595,0.6509,-0.32157,0.042496,-0.33591,-0.95946,0.62851,0.25077,0.020343,-0.30902,0.65027,0.24443,0.27334
6,10.113,3.8943,1.7064,0.065652,-0.13407,-0.30698,-0.96271,0.26199,-0.098998,-4.0091,5.191,6.2237,-0.049896,-0.002153,-0.21632,-0.094568,-0.41469,-0.86417,0.047827,-4.0805,9.7402,-0.11114,0.089954,-0.15389,-0.26732,0.6828,-0.62215,-9.1071,8.4372,-0.59163,-0.78115,0.095664,0.71154,0.60576,-0.31404,0.28187,-1.3841,-4.5711,0.51445,-1.3275,-0.43108,1.9031,0.3267,0.76379,-0.37795
1,7.8355,0.32887,2.819,-0.80925,-0.65039,0.19871,-0.77668,-0.25476,-0.7275,-1.5819,9.7145,3.6096,0.23354,-0.90403,0.86406,0.4722,-0.96945,-0.5707,1.1024,-7.9175,4.6623,0.055936,-0.4549,-0.71654,0.32473,0.72983,-1.2389,-13.039,0.19582,-1.9907,-0.040704,0.29927,2.1863,0.41586,-0.62369,0.15811,-11.277,-2.7537,0.32692,-1.081,-0.019541,1.6559,0.31089,0.67859,0.1278
1,12.766,-0.50856,-1.1573,0.31023,0.11608,0.16203,-0.79331,0.063548,-0.40708,2.4246,10.617,3.5361,-0.049722,0.11625,0.63718,-0.23909,-0.29771,-0.56841,2.0178,-8.119,8.2573,-0.24112,-0.39805,-0.20797,0.082351,0.95478,-0.7389,-2.8844,-10.793,-0.59781,0.90634,0.4429,-0.87293,0.38156,-0.75351,0.20533,-9.3102,-8.5339,-3.2872,-0.14166,-0.25689,-1.1233,1.1083,0.36557,-0.010671
3,20.159,1.2591,2.3452,-0.037327,-0.077562,-0.017289,-0.71955,-0.10867,-0.62159,1.6352,6.0308,5.7967,-0.90856,-1.0754,1.8639,0.52615,-0.7282,-0.45345,1.6501,-4.9416,10.754,-0.19438,-0.39156,-0.26239,0.24426,0.27308,-0.71406,-7.8211,-1.9588,1.2829,-0.13061,0.18722,-0.14608,0.91102,-0.49111,-0.4071,-14.434,-4.4753,-2.4671,0.4133,-0.41948,0.65373,0.76593,0.30961,0.42174
5,7.7474,1.6216,5.7997,-0.28704,0.094691,-0.070849,-0.62497,-0.22445,0.077516,-1.0995,9.552,4.1906,-2.1082,-0.62679,3.6108,-0.26689,-0.55772,-0.29804,2.687,-7.7917,6.1574,-0.33561,-1.3931,-2.3559,-0.52275,0.15996,-0.67007,-8.274,12.822,1.4185,-0.19649,-0.014102,1.2941,0.39703,-0.37071,-0.20218,1.4145,-5.6453,-0.2081,-0.78089,-0.13188,1.7926,0.18483,0.56136,0.12531
0,7.9907,0.17702,2.5624,0.34553,-0.13861,-0.17117,-0.63754,0.006742,-0.61379,8.03,6.3163,0.73782,1.4186,-0.1146,0.99978,-0.13379,-0.61726,-0.79976,10.736,-2.6068,2.125,-0.094977,1.5349,1.4923,-1.0134,1.0068,-0.48745,-9.9052,-0.93761,-1.1601,-0.31207,0.23583,-1.138,0.66087,-0.54011,0.2831,-11.221,1.411,2.199,2.1375,0.86574,-1.6405,0.92584,0.9511,-0.009161
9,9.79,1.2337,0.87952,-0.14954,-0.39268,-0.20591,-0.93383,-0.29196,0.11801,-3.995,9.4309,3.3042,1.6314,-0.11504,-1.5506,0.261,-0.8413,0.028461,7.9683,-2.4928,5.5764,1.1232,0.19946,0.67141,-0.59902,0.26078,-0.67556,-9.0861,2.1985,1.0403,0.25484,0.074638,-0.1292,0.84549,-0.10148,-0.46825,-9.4319,-1.7666,-1.9555,-0.027584,0.17087,0.073893,0.82763,-0.12343,0.35946
2,-1.9512,3.4355,-6.0976,-1.5492,0.22808,-0.41027,-1.1197,0.026312,-0.49083,-13.395,9.5494,-1.0531,2.5367,-2.1744,-3.6144,0.1504,-0.85784,-0.18943,8.0773,-6.0527,5.8885,4.3153,-0.6714,-2.1708,0.76529,0.5972,-0.86428,-2.4013,2.2147,1.5309,1.7242,0.2109,2.7504,0.6579,-0.32139,0.33643,-9.493,-19.443,2.405,3.0478,0.3835,-0.16407,0.43808,0.55902,0.20845
0,11.815,-1.561,5.06,0.45804,0.56532,0.33693,-0.73879,0.03816,-0.97627,11.612,2.6513,3.1759,0.77381,-0.58048,1.1999,-0.72197,-0.74915,-0.60336,12.384,-3.8916,3.5939,0.30204,0.11264,0.45238,-1.1698,1.826,0.56986,-16.046,-1.4189,-0.092769,-0.13139,-0.35721,-1.1297,0.16561,-0.86513,0.010187,-12.627,-9.2413,0.13162,-0.77782,-0.24217,-1.688,0.74338,0.2423,0.34063
6,9.9788,2.7331,1.5959,-0.14247,-0.15566,0.16528,-0.79473,-0.058167,0.31432,1.4232,2.1036,9.8059,-0.002136,-0.025112,0.052479,-0.46692,0.024662,-0.62348,0.81497,-0.46457,9.8241,-0.13147,0.17507,-0.13899,-0.48813,0.41119,-0.61041,-11.513,6.8679,-2.7501,-0.22454,0.083272,0.97825,0.64972,0.098651,0.14954,-1.0372,-3.1239,-1.1645,-0.35349,-0.48687,1.3984,0.44082,0.65037,-0.1465
2,-0.2563,2.6922,0.225,0.14048,0.63252,-0.28632,-0.66299,-0.39128,-0.75035,-11.947,-1.0951,2.0662,1.6675,0.43928,-0.22457,0.32913,-0.91726,-0.27742,8.9267,-1.5806,-0.85351,0.71316,-1.9312,-1.5143,0.42855,0.63276,-0.93676,0.68056,17.639,-1.1381,0.76417,-0.45234,0.41536,0.54803,-0.32685,0.10074,4.548,-12.274,-4.9278,0.72516,0.96642,0.45397,0.33621,0.65301,0.06653
9,6.9429,-7.4503,0.81639,-0.7586,0.55484,-0.046204,-0.63424,0.54619,0.14922,3.2526,6.1516,-3.6607,-1.9777,-0.72948,0.8577,-0.5923,-0.50631,-0.096032,2.0224,-4.3901,9.5955,0.13569,0.64462,-0.34197,-0.25988,0.65319,-0.38314,-11.114,5.1024,6.0789,0.81089,-0.27705,1.3166,0.60232,0.027657,0.45189,-14.758,5.8501,15.967,1.6995,0.92152,1.3016,0.6951,-0.022032,-0.25111
5,9.5571,-1.866,1.8684,-0.076348,-0.000953,0.085833,-0.61383,-0.21186,0.17506,-0.023303,7.8691,5.1823,-0.055934,-0.026755,0.097119,-0.1549,-0.56278,-0.026495,0.41127,-5.5393,8.4265,-0.10239,-0.007906,0.013683,-0.3787,0.058649,-0.64401,-4.4687,10.321,-1.7499,-0.14922,0.009017,-1.5015,0.2766,-0.55209,-0.18105,0.094556,-9.0375,2.9598,0.40442,-0.15929,-1.4003,0.14829,0.57193,0.062721
4,6.2791,-1.7503,1.4231,1.5395,0.2667,-0.072424,-0.66354,0.10945,-0.62835,6.2574,4.1175,6.59,-0.45481,0.10012,-1.0359,-0.25259,-0.88209,-0.77642,-9.3514,-5.3935,5.3456,-0.19109,-0.5098,1.1439,0.36204,0.56862,-0.52163,-7.8688,0.61773,-1.9985,-0.090584,0.010605,-1.6095,0.461,-0.28199,-0.16091,-12.205,0.22984,1.0103,-0.67683,-0.65729,-2.3624,0.58187,0.25145,0.026546
1,8.8941,0.015224,0.72417,0.96969,0.4627,0.22963,-0.88798,0.15309,-0.50487,8.2583,-0.51035,2.2603,0.86884,0.13912,-0.053991,0.54192,-0.012677,-0.79085,10.954,-3.1356,1.1952,1.5419,0.20426,1.1481,-0.81212,1.0554,0.14867,-9.2502,-2.6594,-3.2432,0.61263,-0.1545,-1.8486,0.6147,-0.45828,0.44846,-13.746,3.2803,-1.1715,-0.26789,0.078988,-2.6753,0.98966,0.58598,-0.10769
6,9.2309,-1.187,1.5266,-0.1069,-0.084621,0.24149,-0.8874,0.34512,0.28329,3.2064,0.80005,9.0562,0.031819,-0.21556,0.21851,-0.92236,-0.019353,-0.65605,0.85181,-1.1846,9.6447,-0.071916,0.1144,0.093948,-0.55707,0.5564,-0.74523,-2.3305,4.4554,0.42642,-0.50471,-0.15589,1.0978,0.5703,-0.54078,0.2014,-7.3699,-9.6983,-5.1501,-0.16911,-0.077521,0.6388,0.71311,0.36193,-0.14421
2,-1.8922,0.13518,0.062126,0.64053,0.71533,0.75521,-0.71335,-0.12918,-0.81359,3.6815,-1.7619,-3.78,-1.3432,-1.4773,0.3352,0.55895,-0.65942,-0.62151,-3.2324,0.75994,-0.1564,-0.12668,0.8845,0.13533,0.33558,0.90445,-0.78673,2.1486,4.1208,-2.8636,-2.4597,1.4271,0.45566,0.1382,-0.70755,0.023599,1.0661,-20.119,3.9462,0.41569,-0.55695,1.3186,0.73393,0.19166,0.014742
9,7.8556,2.1369,3.4134,-0.8304,-0.069499,0.19522,-0.50001,-0.44231,-0.71562,35.023,2.7526,4.6524,3.5124,-7.1072,8.2468,-0.42977,-0.82724,-0.3449,16.823,-14.752,13.168,-2.4355,-4.1721,-6.6584,-0.15301,0.18754,-0.92316,-10.975,0.42719,-5.2293,0.44054,-0.24081,-0.56996,0.81043,-0.24876,-0.49241,-6.5202,7.5378,-0.03859,1.5348,-0.29679,-1.1718,0.71679,0.15575,0.73545
1,10.156,1.8197,1.0163,0.67092,0.64385,-0.10506,-0.80408,-0.18193,-0.69491,2.655,9.8497,7.3352,0.59766,-0.71898,-0.42402,-0.1886,-0.81408,-0.52981,2.691,-6.8055,6.7226,-0.21258,-0.42618,-1.1428,0.002297,1.0977,-0.95862,-12.334,-6.4427,-0.2267,1.5535,-0.66293,1.3903,0.59425,-0.39346,0.15326,-10.333,3.4541,-0.24233,-0.56172,-0.006449,1.6705,0.23489,0.71176,0.054444
0,8.7767,0.21631,2.3189,0.82357,-0.092477,0.097432,-0.69935,0.17705,-0.70079,3.1263,7.9552,-1.4155,0.25129,-0.094979,0.33626,-0.4874,-0.62363,-0.38806,4.9731,-1.8599,7.0394,0.49716,-0.36,-0.73904,-0.14589,0.73516,-0.87228,-15.921,1.0603,-2.3818,0.37772,0.081814,2.3987,0.83883,-0.40205,0.075089,-7.5816,3.9805,-1.4451,0.93701,0.10862,1.5992,1.0019,0.42591,-0.067514
2,7.5386,-0.20382,1.2777,1.0577,-0.64195,-0.33615,-0.86088,0.22631,-0.43161,-4.0343,6.0109,0.68139,0.78139,0.86762,-0.14322,0.000522,-0.53031,-0.54,4.3553,-1.5053,-1.0812,0.75392,-0.9919,0.50179,0.20045,1.0538,-0.40226,-14.533,6.9245,-0.33255,0.80417,-0.053226,-2.6509,1.0265,-0.17551,0.33348,-5.0773,7.4923,-2.6713,2.9289,-1.4475,-1.7213,0.78122,1.0007,-0.49303
8,3.456,0.13736,0.28668,-0.35423,0.26871,0.078247,-0.62829,0.46616,-0.27543,-1.1242,5.1992,-1.8177,0.51628,0.14853,-0.17803,-0.20135,-0.69337,-0.32324,0.99137,-4.7502,-1.9413,0.677,0.024387,-1.0606,0.26566,0.37819,0.66128,-0.62601,-3.3559,1.1139,0.77152,0.10025,0.51995,0.49973,-0.055434,0.48399,-0.23605,1.0639,-0.18671,-0.39246,0.18409,-0.56877,0.4667,0.12054,-0.4592
3,-5.9081,8.2139,5.6902,-0.80356,0.37446,0.74787,0.50268,-0.10749,-0.83722,3.445,8.2646,-3.4807,0.040087,-0.63677,-1.2337,0.88447,-0.43986,0.50773,4.3678,-7.9609,5.1234,-0.14327,0.067572,0.82728,-0.087378,0.5905,-0.47807,-11.487,1.8982,-0.84723,-0.60928,0.21256,-0.83124,0.86296,0.094943,-0.4227,-9.622,-0.56124,-3.5316,2.7186,-0.19396,-1.3154,0.51816,1.0292,0.29762
4,-7.0111,6.5015,2.0823,-1.8169,-0.53397,1.0468,0.62765,-0.34021,-0.41873,2.2543,9.1028,-3.1375,0.26905,-0.83334,-1.4706,-0.25074,-1.4419,0.14972,-3.4496,-8.682,3.588,0.43268,-0.6841,2.5339,0.11345,0.69505,-0.59067,-11.204,1.8149,-1.6898,-0.16514,0.28211,-1.3137,0.60098,-0.25487,-0.12002,-13.775,0.24112,-0.63199,-0.34385,0.80719,-2.3607,0.51571,0.38971,0.17075
0,8.7266,1.7196,1.9086,-0.061759,0.76643,-0.16894,-0.75266,-0.28103,-0.74336,4.0909,6.3129,6.3851,-0.06212,-0.31986,0.22408,-0.3595,-0.82252,-0.73479,5.4506,-4.8576,6.5524,-0.28612,0.048853,-0.81085,-0.36276,0.88521,-1.1547,-9.729,-0.95945,0.30793,1.5157,-0.9408,1.2184,0.51211,-0.46347,0.13736,-11.34,7.3394,-2.3181,-1.1638,0.85692,0.78446,0.29634,0.68826,0.12354
2,5.6561,2.8148,3.0048,1.4113,1.4402,-0.29931,-0.81462,0.085007,-0.63989,3.7824,8.6169,-1.331,-0.65977,0.5803,0.55127,-0.61941,-0.65742,-0.2715,7.4288,-4.4984,4.0999,-0.44419,-2.2276,-1.7096,-0.54434,0.41933,-1.0044,-15.669,1.802,2.1042,1.5026,-0.3113,-3.4431,0.82376,-0.34535,0.12148,-1.6361,6.9097,11.961,5.2924,0.78968,0.15616,0.66406,0.73188,0.076804
4,10.115,0.85476,2.8047,-1.4049,0.029382,-0.44224,-0.76297,-0.12328,-0.50388,-2.3259,7.9138,5.0618,-0.40969,-0.062692,-1.2366,-0.20431,-0.65438,-0.6189,0.20904,-6.1375,6.6894,0.063649,0.75839,0.47732,0.095749,0.47858,-0.95132,-11.761,1.0621,-1.394,-0.3795,0.17784,2.1211,0.50118,-0.30211,-0.18132,-11.226,-1.4427,-2.4337,-0.25394,-0.33618,1.3175,0.51543,0.21867,0.26847
9,11.493,0.47677,0.35823,-0.32765,0.021551,-0.077558,-0.78265,-0.4278,0.12134,10.076,5.8497,6.2096,1.7285,1.7548,1.0358,-0.55355,-0.67651,0.18493,9.5908,-19.145,22.043,3.6946,6.0346,2.0963,-0.43289,-0.10865,-0.72205,-9.6789,-0.063022,-1.1436,0.75803,-0.53905,-0.43444,0.80859,0.086086,-0.26424,-10.36,1.568,0.27961,-1.2263,-1.3629,-1.3216,0.69619,-0.12819,0.57015
9,9.7072,-1.2887,3.4391,0.14404,-0.10002,-0.25464,-0.76295,0.32838,-0.011012,4.0636,7.9511,0.91739,0.54644,0.41688,0.53461,-0.6198,-0.47564,-0.21178,3.7712,-3.9133,4.9086,0.38877,0.17236,0.65331,-0.58825,0.50831,-0.40559,-9.8796,-1.3549,-1.4748,0.054046,-0.10208,-0.49031,0.68596,0.16078,0.44194,-9.262,-2.2347,0.29968,0.42015,0.44976,0.33397,0.78064,-0.13512,-0.25412
6,8.4725,0.91866,2.8199,-0.028558,-0.33284,0.40696,-0.91584,0.4093,-0.043157,-1.0893,5.0257,8.854,-0.57178,-0.3881,0.037947,-0.4468,-0.24474,-0.87087,1.7431,-4.1183,8.9069,-0.33328,0.21408,0.19897,-0.44821,0.69686,-0.57897,0.83526,1.7341,1.9324,0.30334,0.39797,0.55632,0.43851,-0.66625,0.23808,-7.686,-10.518,-2.2559,0.060517,-0.47104,0.22626,0.60309,0.50645,-0.33533
2,11.343,2.8491,-6.4939,-5.3182,-2.0114,1.4058,-1.2494,0.13946,-0.4115,-1.8749,11.849,-0.14105,1.6187,-2.1216,-3.6809,0.77257,-0.53732,-0.66922,-8.1115,-17.476,6.3258,-0.91605,0.58054,-4.4814,0.41201,1.0898,-0.52663,-14.694,-4.7484,-0.3966,-0.19741,0.62421,1.6103,0.05911,-0.76396,0.2499,-23.419,-2.4769,-4.9938,0.30329,-0.55084,5.2824,0.68424,0.47726,0.14103
6,8.766,0.71276,5.1068,0.29778,-0.37456,-0.13269,-0.91356,0.30729,-0.084588,1.7354,7.6617,4.1599,0.17149,0.26478,-0.000847,-0.75716,-0.53404,-0.50326,0.24159,-4.4731,8.9168,0.12984,-0.21071,-0.17911,-0.604,0.68809,-0.57991,-6.014,4.4679,0.24944,0.9663,0.88689,-2.3308,0.63949,-0.4243,0.17439,-8.5996,-8.6628,-6.8105,0.65861,0.45255,-1.7089,0.68647,0.47811,-0.067771
0,9.7537,-1.0849,1.6994,0.31862,0.43528,0.54342,-0.80663,0.19232,-0.59032,11.159,0.51313,3.6546,-0.42268,-0.9919,1.8647,0.18342,0.16282,-0.59429,5.3231,-11.278,3.3814,-1.3148,-0.060554,-0.39676,-0.35137,1.5089,0.081769,-6.4362,-13.922,-3.0793,0.90952,0.57573,-0.75179,0.55257,-0.5363,0.42136,-12.238,4.9148,-4.9526,0.31462,-0.51283,-3.3772,0.9804,0.4259,-0.17037
5,8.9342,-0.32688,3.2581,0.10512,0.087479,0.036231,-0.84764,-0.21751,-0.003766,-0.61204,6.3208,7.0742,-0.1064,-0.10308,-0.028585,0.31902,-0.64149,-0.024851,-0.037996,0.14555,9.8102,-0.022606,0.10844,0.021496,-0.59823,-0.20023,-0.61846,4.2938,5.3763,0.85294,1.269,-0.51565,-1.559,-0.138,-0.70722,-0.28715,-1.4043,-13.718,-3.4954,0.23912,0.41396,-1.4386,0.21682,0.34272,0.43411
0,7.3915,0.52146,1.9575,0.12685,-0.21023,0.18899,-1.0412,0.052875,-0.59179,3.2007,7.4484,4.6805,0.035466,0.080557,-0.14444,-0.38317,-0.66642,-0.79112,3.0278,-5.763,6.4253,0.18044,0.33773,0.020633,-0.01166,0.95509,-1.0059,-8.5315,-1.8475,-0.61442,-3.2435,0.80903,1.0202,0.035692,-0.68862,0.4053,-9.2238,-0.65587,-1.3587,-0.2181,0.22585,0.8943,0.68644,0.45696,0.051431
8,-2.1543,-0.36597,6.2323,1.2671,0.40478,0.034206,-0.73988,0.37388,-0.39495,-6.8895,1.6509,4.9056,0.22433,-0.12655,-0.061119,-0.614,-0.25053,-0.24513,-9.3543,6.7922,1.7605,1.2559,1.1555,1.4062,-0.7162,0.38286,0.12147,1.1166,6.434,-7.2329,2.2722,-0.30552,-0.66393,0.63552,0.001343,0.51472,3.5475,-6.1614,-6.8045,-1.6588,-1.9172,-0.16673,0.59421,0.10542,-0.35449
1,9.856,-0.88017,3.8278,-0.12006,-0.57931,-0.12967,-0.69905,0.16077,-0.54554,-0.92423,8.6835,5.112,0.07744,0.41388,-0.91494,0.093646,-0.17994,-0.61828,-0.61477,-7.5216,6.6506,-0.1302,0.85219,0.32131,0.54013,0.79485,-0.64213,-9.9942,2.6165,-4.0929,-0.14627,-0.35908,-1.2443,0.81623,-0.23783,0.40524,-4.2198,-11.982,-3.692,0.49664,1.2376,-0.94131,0.5213,0.95183,-0.14137
0,6.8591,-0.01028,1.8117,-0.19676,0.28813,0.15457,-0.81868,0.11183,-0.58971,8.5318,0.50287,2.8535,-0.88672,0.72982,-1.3675,0.008169,0.081259,-0.71931,7.3134,-1.0895,2.8874,0.20035,-0.059114,-0.5348,-1.2365,1.0379,-0.25329,-9.2215,-3.5129,-1.9161,-2.0852,0.37054,1.8201,0.55116,-0.34139,0.52027,-8.0222,-0.98939,-3.3658,-1.1391,-0.068723,1.4576,0.93352,0.47996,-0.23484
6,6.0092,-8.4347,1.2732,-0.003162,-0.043239,0.28666,-0.37514,0.88017,0.12893,10.172,0.73527,5.5155,0.93889,0.56444,-1.8158,-0.53492,0.42007,-0.3893,-4.3561,5.0096,6.4356,0.33281,-0.49184,0.52519,0.60921,-0.21572,-0.51016,-14.623,5.812,-3.5597,-0.21847,-0.42135,-2.0874,0.63123,0.09632,0.21498,-5.4039,-6.8451,-0.5628,0.035776,-0.13553,-2.0273,0.52777,0.55406,-0.21232
8,-2.5381,-6.6,5.0244,0.33531,1.0552,0.050392,-0.92421,0.21933,0.38001,-1.7727,-0.0042956,0.15382,-1.5656,0.52123,0.28386,-0.98111,0.14798,0.0706,8.7793,3.8394,-0.94963,-1.1093,-1.6908,1.8225,-0.91797,-0.1037,0.19901,-18.088,-3.154,-0.38728,0.23995,-0.9227,0.3254,0.8475,0.32985,0.22274,-10.458,-7.5505,-1.5023,1.1043,-0.43384,0.23745,0.89499,-0.31826,-0.24166
2,3.8615,-1.4334,3.6658,-1.2838,-0.70031,0.91881,-0.79839,0.20854,-0.6202,5.1876,5.8702,-2.9475,-0.21373,-0.17026,1.8405,-0.72014,-0.66728,-0.16731,7.815,-4.2552,7.1829,0.83675,-0.74679,-0.29368,-0.41358,0.5403,-0.92992,1.6203,-6.1746,6.7822,-2.0305,0.22097,-1.592,0.39763,-0.79366,0.024656,-12.684,-9.8457,-5.6441,-2.8216,-0.53912,3.2299,1.1927,0.14933,-0.17434
1,12.231,-1.4774,3.2613,0.44687,1.186,-0.23174,-0.81357,0.13492,-0.58624,1.2918,12.219,1.6191,0.73489,0.31464,0.3721,-0.2568,-0.4241,-0.50732,3.7987,-6.3731,6.6894,0.11614,-0.25332,-1.1559,0.002034,0.70315,-0.89637,-11.48,8.388,1.5446,0.61669,-0.47252,-0.15846,0.93281,-0.20538,0.20072,-12.37,-23.239,-1.5302,-0.41178,-0.026763,1.6271,0.89549,0.58684,-0.14536
7,5.9132,-0.47106,8.1799,-0.13831,-0.63813,0.48375,-0.23931,0.052276,-0.93992,-11.535,2.9159,5.7969,2.4363,0.18257,0.19257,0.759,-0.56856,-0.19067,-13.519,3.4019,9.9653,0.47858,0.40563,-0.0039,0.51842,-0.21839,-0.79903,0.13994,9.4794,4.3394,-0.41923,-0.84796,0.93878,-0.33625,-0.77355,-0.46222,-3.1144,-12.469,2.676,0.49964,0.034406,-0.77243,-0.085328,0.96862,0.045115
8,16.424,-1.6912,3.9324,-0.42112,0.30613,0.07414,-0.77207,-0.33597,0.22399,14.961,4.0332,2.2158,1.5074,-0.19401,1.2181,-0.60874,-0.11748,0.47452,14.449,-2.2793,2.7487,0.58432,-0.89891,0.42233,-0.57486,-0.39432,0.025078,-13.097,-5.013,1.624,0.06538,-0.64272,-0.06805,0.49735,0.060495,-0.44642,-14.698,6.646,-6.0474,-0.44014,-0.68161,0.068632,0.41458,-0.26737,0.55024
8,5.9333,1.0965,2.1186,0.11159,1.8294,0.26056,-0.80709,-0.34758,0.10652,5.1903,3.8028,1.9655,2.394,1.341,-0.93444,-0.62774,-0.021616,0.47916,7.5019,-4.4657,-0.9514,0.35401,1.6448,0.25121,-0.5742,-0.40359,-0.12815,-7.5038,4.3251,-2.6845,-0.49207,-1.1176,-1.3579,0.47171,0.03617,-0.51139,-7.2463,-4.6649,-2.9848,0.87577,-0.63408,1.4757,0.46417,-0.29026,0.51964
1,11.014,0.30199,5.4107,-0.21175,-0.1612,-0.22933,-0.87891,-0.12977,-0.64634,10.577,2.4803,4.9133,-0.62757,-0.11876,0.066712,-0.6818,-0.5993,0.041416,7.7852,-4.1022,1.9819,0.22391,-0.067705,-0.52241,-0.46563,1.4871,-0.39136,-11.372,-0.96785,-2.2942,1.2967,0.065218,-1.0487,0.71339,-0.093534,0.16085,-6.7424,-7.7883,-0.13944,1.4199,0.14484,-0.26423,0.049569,0.64712,0.041336
6,9.3749,0.21013,-2.168,-0.46541,-0.024263,0.28205,-0.92306,0.37814,0.47596,-3.7084,7.2419,5.7419,0.021624,0.042417,-0.097932,-0.22536,-0.48053,-0.78785,-1.7157,-2.005,9.4379,-0.15011,-0.10262,-0.039845,-0.38702,0.5246,-0.72352,-7.1808,10.28,-1.6617,0.047782,0.41016,0.74797,0.5063,-0.35895,0.30934,-1.8224,-7.5612,-1.2598,-0.42792,-0.29967,1.2895,0.36296,0.79362,-0.23508
5,8.6366,-1.6365,3.9567,-0.42571,0.59776,0.30552,-0.79781,-0.034843,0.053084,-1.6738,9.9385,2.9406,-0.19118,-0.11312,0.1409,-0.17002,-0.54472,0.022387,0.35272,-2.4119,9.6207,-0.27703,0.10498,-0.25632,-0.5171,-0.11107,-0.59685,-2.3757,7.7856,1.7021,-0.29101,0.2429,2.7893,0.18752,-0.53782,-0.30267,-5.8409,-14.098,-0.70774,-0.15246,-0.41603,2.3353,0.31091,0.33593,0.17237
0,12.274,-0.29206,5.5189,-0.47466,0.40721,-0.14961,-0.77922,-0.034017,-0.94309,10.83,2.9665,3.2038,-0.51493,0.14398,-0.4078,-0.80376,-0.65703,-0.20849,10.273,-2.5092,2.1662,-0.98534,-0.28488,-0.95814,-1.012,1.6446,-0.83303,-11.635,4.8899,-3.4472,1.3254,-0.26628,0.17093,0.6447,-0.27059,0.3612,-10.01,-1.5051,-2.4194,1.8272,0.65385,1.1591,0.27899,0.73387,0.3046
1,11.236,-4.31,5.6637,0.83233,0.62335,-0.47262,-0.71803,0.33569,-0.64735,1.2475,9.969,1.5618,0.42505,0.63743,-0.35824,-0.22569,-0.59206,-0.4503,1.2692,-7.3362,7.5765,-0.072054,-0.38145,-0.35439,0.27953,0.70977,-0.8341,-12.688,3.3075,0.17754,0.29538,-0.17541,-1.0356,0.86328,-0.3445,0.22565,-11.021,-5.4862,2.7346,2.6443,0.007789,1.2877,0.69344,0.72533,-0.03878
2,0.051839,-2.4736,1.3957,-1.5227,-0.78073,-0.19013,-1.0816,0.24219,-0.57187,12.277,-1.0987,3.3118,-0.94926,-2.4029,-1.2817,0.71728,-0.50325,-0.66355,-9.6916,-4.8321,5.1945,-1.2329,0.64107,-1.3032,-0.20687,1.2102,-0.39286,5.0679,-21.614,5.6081,-6.2036,-1.6496,-1.4886,0.11788,-0.70793,0.31997,-1.5518,-13.988,-6.5604,-2.4253,-0.61283,0.61938,0.99464,0.20132,-0.10341
8,8.874,0.42181,1.3702,0.3637,1.1279,-0.30804,-1.0019,0.089228,0.28466,12.358,1.481,3.4745,-0.41422,0.23434,0.13429,-0.92893,0.37694,0.22138,-0.43485,-3.8153,1.9026,1.2539,0.090097,1.3138,-0.94532,0.40322,0.20943,-11.1,6.0555,0.40145,0.54797,-1.105,-0.65653,0.82266,0.45118,0.37085,5.4601,-3.7054,0.10379,-1.3287,-1.2543,-0.2202,0.91828,-0.3481,-0.3423
9,11.593,-1.4692,1.9875,0.1908,0.012623,-0.18204,-0.69092,-0.38895,-0.366,9.7686,1.5197,5.5073,-0.34307,-0.26947,-0.48953,-0.78163,-0.36047,0.019838,7.8378,-4.4014,3.7005,0.56832,-0.037843,-0.50626,-0.26821,0.12358,-0.78801,-11.552,3.3559,-0.77622,0.58185,-0.61385,-0.28204,0.79247,-0.036258,-0.17847,-7.8821,-2.3881,-0.99684,-3.6277,1.2216,-1.5584,0.55289,0.51986,0.3996
2,0.78907,0.76376,0.95655,0.71999,0.008625,-0.29144,-0.86356,-0.036264,-0.50453,-9.3053,0.64536,2.2825,0.9389,0.41122,0.85655,0.16356,-0.83735,-0.14051,5.8962,2.4495,0.55841,1.4695,-3.9993,-0.36476,0.53378,0.94336,-0.12406,-4.4403,18.613,-1.6071,1.0107,-0.27961,-1.3433,0.77001,0.034491,0.46606,2.7812,12.977,-0.18078,-0.92637,0.093469,0.5525,0.9335,0.71256,-0.35673
1,8.8887,-0.41674,3.188,-0.030187,0.081231,-0.14397,-1.1261,0.092432,-0.40865,1.2215,7.1205,6.4364,0.06742,0.532,-0.67748,-0.19343,-0.51486,-0.84168,0.96138,-6.3857,7.2929,0.065702,0.54545,0.35245,0.15677,1.0313,-0.80771,-8.8899,5.0482,-4.0797,0.08642,-0.40015,-1.647,0.64147,-0.39387,0.35848,-6.7535,0.48931,-0.34205,-0.83115,0.11785,-1.0337,0.2566,0.75149,0.14942
9,12.151,0.9197,1.4208,0.84013,0.30984,-0.13903,-0.9304,-0.36967,0.021247,-6.6573,-1.9175,7.5104,3.6905,-4.3471,2.8916,0.81347,-0.10793,-0.41258,-11.027,3.7792,-4.7979,-0.14675,0.098857,0.98663,0.50024,-0.78261,-0.000804,-11.053,1.5376,-3.3586,-1.3537,0.31092,-0.59969,1.0064,-0.02269,-0.13982,-10.876,-2.8664,4.2744,-0.27263,0.62598,-0.46782,0.93363,-0.22616,0.050805
0,8.6353,-1.2365,2.3371,-0.60121,-0.2735,0.12495,-0.75486,0.24659,-0.59869,8.219,2.9642,0.62163,0.20317,0.42509,-2.1824,-0.16995,-0.052242,-0.80258,7.556,-3.4734,3.265,-0.42814,0.18813,-0.049422,-1.0598,0.4626,-0.13378,-3.9402,-7.5943,0.4891,-0.66249,-0.25084,1.1228,0.59737,-0.62491,0.37277,-10.04,-0.89897,-1.4993,-0.24514,0.21025,0.95515,1.188,0.49446,-0.14155
9,7.1881,0.91498,0.84664,-0.29081,1.2705,0.60386,-0.86784,0.18786,0.3035,0.39531,4.6972,-6.0133,2.4363,-1.0033,-3.8749,0.41542,-0.79582,-0.098529,5.6171,-2.4956,-0.40323,5.5216,2.1692,3.908,0.60518,0.39035,-0.53514,-7.8016,0.34615,2.3765,0.58402,0.10904,0.21583,0.78451,0.19884,0.42228,-6.295,-7.3482,-0.10097,0.53993,0.19025,-0.32872,0.89422,-0.003738,-0.35703
1,10.491,-4.0388,6.114,-0.14852,-0.4276,-0.18944,-0.659,0.32269,-0.65624,2.073,8.5821,0.11921,-0.002253,-0.39143,-0.17905,-0.13228,-0.65334,-0.48267,1.9084,-5.521,8.8185,0.14632,-0.42316,0.30142,0.19816,0.69937,-0.81866,-10.328,3.49,0.14943,0.63625,0.23351,-0.68873,0.84427,-0.43328,0.18063,-8.6997,-5.1141,0.22581,-1.9278,-0.52337,2.0296,0.61328,0.79111,-0.043858
4,3.6898,0.21385,-2.4398,-0.75561,0.33852,0.25615,-1.0356,-0.14803,-0.11925,-4.9917,8.6537,2.3821,-0.32911,-1.2834,-1.5182,-0.26133,-0.60006,-0.23667,2.5056,-6.3748,5.7274,0.73085,0.16253,0.29641,0.19939,0.62667,-0.88421,-5.134,5.8556,1.7308,1.1408,0.27226,2.3188,0.61157,-0.24352,-0.11622,-6.0129,-1.3745,-0.14254,-0.22029,-0.057072,2.7702,0.42531,0.41722,0.18491
3,7.8017,-0.81985,-0.69578,0.44143,-0.73417,-0.26087,-0.81841,0.084765,-0.66078,1.9896,11.937,1.4011,0.38306,-0.027784,1.4621,0.95764,-0.35089,0.20892,5.544,-5.6344,5.5305,1.0501,-0.92555,-1.9637,-0.018087,0.45224,-0.63811,-8.36,5.9101,1.3703,-0.084761,-0.17315,1.202,0.78783,-0.079151,-0.56048,-8.4326,-3.6571,-0.85834,-0.019417,-0.7233,2.5645,0.66995,0.72325,0.37191
9,9.9317,-3.0449,-1.8423,0.64272,-1.1399,0.93848,-0.7835,0.26423,-0.49378,6.1074,4.8285,3.2916,-2.3361,-0.34609,-1.5455,-0.47128,-0.27185,-0.78126,10.517,-0.23639,-6.9227,0.7091,-2.0991,2.1822,0.35532,0.73626,-0.42621,-8.0197,0.97876,-5.1855,0.16932,0.053182,1.2154,0.69612,-0.66498,0.16784,-11.07,-11.711,-1.0639,-0.57152,0.50286,-0.58054,0.50628,0.8239,0.29273
8,1.7244,-0.015335,0.75598,0.2185,0.030486,0.10503,-0.62852,0.4573,-0.29341,1.2484,4.3716,0.5861,1.7091,-0.15452,0.28486,-0.38796,-0.37527,-0.58757,1.525,-0.56283,-3.0121,-0.60255,0.57777,-0.2796,-0.001261,0.48708,0.60171,-0.38056,0.58351,0.9981,0.48646,0.11873,0.63419,0.47419,-0.083057,0.50542,-0.070024,-4.575,-0.60232,-0.34137,-0.49121,-0.80458,0.45406,0.13834,-0.46355
2,12.611,-0.6189,3.7022,1.727,0.40475,-0.01659,-0.89757,0.060033,-0.83917,-1.3849,10.161,2.7396,-0.20263,1.0921,0.53307,0.31972,-1.1061,-0.37954,1.7088,-10.046,1.5225,0.27425,-1.2734,-0.32591,0.57145,0.84505,-0.94091,-20.281,3.5675,-3.3882,0.55754,-0.23019,-3.2794,0.43912,-0.62084,0.27087,-12.934,10.095,0.95017,1.6399,0.69291,-2.3933,0.36913,0.65859,0.41627
4,12.738,-2.7902,16.702,-0.91034,-0.30549,-0.45724,-0.87079,0.18013,-0.46189,-1.8292,10.138,-0.87758,0.43673,0.65843,2.5247,-0.11745,-1.7631,-0.42477,-5.3376,-7.05,5.4022,0.8823,1.0995,-1.9533,0.46359,0.47357,-0.58639,-8.6293,1.7311,0.35534,-0.99248,0.94662,0.25716,0.43274,-0.25497,-0.16494,-18.362,-2.2421,-0.25967,-0.64166,-0.23458,2.2634,0.6358,0.22394,0.064651
0,13.635,-2.1164,3.4255,-0.078681,0.46914,0.18917,-0.65031,0.084464,-0.61373,14.414,4.1483,-2.2364,0.91012,0.12331,1.4408,0.54871,-0.073721,-0.87844,14.712,-4.3258,5.4738,-0.84211,0.70559,0.98278,-1.2764,0.57625,0.19832,-18.406,7.0782,0.1606,-1.1442,-0.15859,-0.13917,0.50761,-0.62865,0.27443,-11.951,-11.55,-2.7203,-1.1441,-0.37518,-1.0122,1.1077,0.39614,-0.044727
6,9.8402,-1.8379,2.2659,0.73112,0.18429,-0.0136,-0.8791,0.47822,0.012422,-0.96857,6.3283,9.7831,0.38893,0.18691,0.2639,-0.36645,-0.2579,-0.88269,-0.49729,-4.7351,9.2398,0.25731,-0.23513,-0.036025,-0.1667,0.80024,-0.48357,-3.6524,6.1869,-1.3673,0.56876,0.013017,-1.9209,0.45508,-0.566,0.3329,-8.9404,-9.3563,-1.1952,0.38956,0.12927,-1.4271,0.56527,0.5224,-0.42947
6,8.288,1.7577,4.8677,-0.41032,-0.16682,0.1872,-0.92008,0.25207,-0.13087,1.275,7.8451,5.1087,-0.13031,-0.13443,0.109,-0.71575,-0.51357,-0.55232,1.0082,-4.8472,8.4087,-0.068782,0.078267,0.02801,-0.63643,0.68271,-0.56132,-11.583,10.178,-0.18794,-0.18864,-0.36985,1.7465,0.69214,-0.24221,0.1951,-5.1123,-4.2441,-2.8037,-1.414,-0.37818,1.7775,0.58576,0.61504,-0.089548
5,7.025,1.1146,7.1397,-0.26634,0.15899,0.16053,-0.64873,-0.2218,-0.09877,4.7019,7.41,-4.7436,-0.11811,0.074779,0.087629,-0.72791,-0.31569,-0.16468,6.0956,-7.4033,1.1876,-0.16969,0.039125,0.18303,-0.90345,0.32062,-0.65865,-2.867,10.608,2.6905,0.28407,-0.50141,1.5586,0.28786,-0.47232,-0.3568,-1.5568,-8.8894,-5.3455,-0.086325,-1.4559,1.7022,0.22296,0.364,0.37997
3,7.8059,-3.1185,1.0897,-0.012011,-0.3139,0.19231,-0.86077,0.14651,-0.46775,6.3237,4.2567,5.5451,-0.089864,-0.48441,1.1353,0.18393,-0.49462,-0.24334,6.2591,-9.1429,3.9751,-0.75228,-0.90612,-0.66401,-0.20196,0.50651,-0.58306,-7.9724,1.9105,-2.5097,0.009912,0.12956,-1.2342,0.8933,-0.19826,-0.15707,-8.0472,0.77009,-1.0179,-0.94196,0.94445,-1.2794,0.76533,0.16971,0.65821
0,9.583,-3.4089,0.8021,1.0498,-0.18782,0.028192,-0.74913,0.3089,-0.59139,10.958,3.3716,2.9419,1.6637,0.085443,1.4137,-0.23588,0.081637,-0.95003,10.689,-2.4591,1.8355,1.455,-0.001501,0.86657,-1.7063,0.62903,0.57275,-9.9286,-2.0015,-1.4374,-0.066289,0.23906,-1.2865,0.73757,-0.59565,0.26667,-15.135,1.6863,0.47146,-1.8905,-0.11033,-2.4054,1.1499,0.62154,-0.18927
9,19.531,-4.8535,6.9633,-1.1877,0.42018,0.31776,-0.59154,0.34136,-0.64139,29.049,6.8058,9.3413,-1.2982,-3.206,-1.711,-0.78477,0.20922,-0.44455,-0.52285,-7.5423,1.6111,1.2373,0.13981,3.9188,0.64411,0.59547,-0.27742,-19.389,-8.2295,-5.8838,1.7156,-0.58466,-2.1814,0.75297,-0.49088,0.38324,-18.798,6.9318,1.3018,1.5179,-0.54738,-1.4121,0.659,0.69141,0.15416
7,8.7099,-0.22045,4.7113,0.37143,0.23203,-0.14572,-0.51579,-0.077044,-0.80538,-0.76048,7.1168,-2.7057,-0.82562,1.6529,1.2263,0.60582,-0.72312,-0.10157,0.37845,-4.0425,8.9608,1.2454,-0.57613,-1.3884,0.41422,-0.095672,-0.86716,0.97698,9.3036,4.1313,-0.058076,-0.044559,0.51197,-0.63645,-0.60418,-0.3989,-0.40764,-10.222,1.4727,0.098469,0.20328,-0.6016,-0.5007,0.8326,-0.017279
6,8.3157,1.621,5.2016,-0.76863,-0.068707,0.17948,-0.92363,0.22353,-0.15618,0.52778,8.8198,4.6473,-0.18486,-0.26208,0.20429,-0.67069,-0.60211,-0.51298,1.1945,-4.559,8.6336,-0.13247,0.20047,0.031854,-0.64095,0.68077,-0.56404,-10.041,8.5665,-0.3659,-0.4118,-0.67021,1.8461,0.6878,-0.31528,0.16561,-8.2584,-6.8375,-4.7563,-1.1591,-0.63863,2.1208,0.62734,0.55168,-0.055516
6,9.6042,1.0166,2.9165,-0.07762,0.18298,0.082901,-0.86239,0.31543,0.18362,0.005233,4.6191,8.5677,-0.25219,-0.06738,-0.01153,-0.46618,-0.12124,-0.76711,0.50182,-0.96603,9.4847,0.1042,0.032482,0.13628,-0.36975,0.49244,-0.66887,-9.7632,5.5102,-3.1775,-0.62128,0.60202,1.2253,0.51648,-0.13752,0.42222,-3.9115,-5.1947,0.98821,-0.76108,-0.047424,1.8047,0.48765,0.50039,-0.37088
6,9.8536,0.26898,-0.27078,0.08017,-0.079609,-0.041482,-0.85856,0.29648,0.40023,3.093,1.2127,9.2294,-0.009928,0.055625,-0.071219,-0.90547,-0.009129,-0.67144,1.0778,-1.2606,9.3662,0.023544,0.034167,-0.10567,-0.56236,0.5729,-0.73895,-8.9414,7.4648,-3.059,-0.53512,0.047713,0.42384,0.63983,-0.10337,0.28677,-1.4105,-4.0812,0.1979,-0.31952,-0.031045,0.22299,0.5633,0.6217,-0.20665
0,7.7957,1.2145,3.2972,0.21345,-0.081193,0.051312,-0.805,-0.16887,-0.71729,4.3917,6.5254,5.0284,0.53941,0.8199,-0.32611,-0.40634,-0.85269,-0.66908,5.4036,-4.703,6.2407,0.22455,0.27647,0.8162,-0.36752,0.7813,-1.081,-5.5266,-0.40167,3.4901,-2.3544,0.53065,0.019663,0.038717,-0.81348,-0.088215,-10.02,-3.0209,-2.5682,-0.93967,-0.12255,1.2192,0.64101,0.3561,0.12274
9,4.8868,1.5505,-1.7677,-1.2907,0.66632,-0.081244,-0.93714,-0.35249,0.11216,17.616,15.387,8.2194,4.9628,-3.5446,7.2611,-0.60834,-0.71455,-0.17399,16.348,-7.6084,1.13,-3.8925,-10.015,-10.444,0.43361,-0.13827,-0.87995,-4.8703,-2.4199,-2.104,1.8728,-0.73428,-0.58708,1.0021,0.17611,-0.14418,-3.7793,2.5082,3.0711,1.881,0.71046,0.35864,0.93053,-0.24579,0.099047
8,25.03,-4.9951,7.442,-0.009635,0.26539,0.11464,-0.72346,-0.35994,-0.27235,26.79,10.047,-0.36956,0.7193,1.1939,0.12687,-0.41957,-0.54737,0.40654,22.964,-9.3175,7.8479,0.25159,0.061805,-0.50264,-0.31484,0.093172,-0.71462,-11.123,-35.359,3.3182,-1.4146,-0.49769,-0.70833,0.52875,-0.31881,-0.42972,-20.221,26.775,-5.5588,0.26341,1.3966,1.0109,0.36423,0.18989,0.65347
0,11.35,0.069758,3.8047,-0.18986,0.024988,-0.077751,-1.0648,-0.000491,-0.59997,2.3163,8.0385,6.4269,-0.15046,-0.57269,-0.58606,-0.36049,-0.61139,-0.82751,2.2473,-7.1547,7.5706,-0.13885,0.34318,-0.14265,0.042634,0.92503,-1.0263,-13.117,2.0645,-1.6989,0.31561,0.061177,-0.65529,0.60514,-0.35258,0.39518,-11.449,-9.1132,-2.8148,-1.6915,0.17829,0.117,0.30908,0.69105,0.24088
7,9.4554,-0.60393,-1.5544,0.21424,-0.85628,-0.002327,-0.90725,0.020986,-0.43945,3.4135,-1.1286,9.1865,0.3158,-0.62833,0.094696,0.25726,0.2495,-0.88488,1.8344,-1.7479,9.6809,-0.19024,-0.50838,-0.18186,0.35677,-0.12605,-0.87085,1.1091,9.3245,0.74688,-0.063127,0.052319,0.3834,-0.61832,-0.72721,-0.20469,2.1476,-9.3309,-1.4654,0.13405,0.16098,-0.24876,-0.68873,0.6878,0.12157
2,5.4509,0.42509,1.3886,1.6417,0.47513,-0.21495,-0.8783,0.002161,-0.84784,-4.3168,5.1054,2.9731,-0.45858,0.84635,0.40908,0.31471,-1.0812,-0.4036,3.2459,-3.3165,2.016,-0.58523,-1.8344,0.13934,0.70667,0.521,-0.93308,-11.17,10.885,-2.0412,1.3333,-0.37394,-2.9468,0.57493,-0.39161,0.36688,-2.2263,13.033,0.40992,1.3786,-0.15148,0.11403,0.36379,0.66732,0.36107
0,8.4867,-0.44901,3.1354,-0.15418,-0.010012,-0.01398,-1.0627,0.005466,-0.60748,2.9295,7.4814,5.5286,-0.026429,0.36845,-0.39622,-0.36937,-0.62187,-0.82647,2.898,-6.4405,6.2083,-0.1348,0.40232,0.22525,-0.012472,0.96147,-1.0508,-8.3633,1.3224,-3.4993,0.92149,-0.10908,-1.0251,0.50911,-0.47818,0.34314,-7.0318,-0.38605,1.3373,-1.0939,-0.11069,0.59328,0.27534,0.7221,0.22297
9,13.68,-6.1293,-3.4213,1.0357,-0.74928,-0.69166,-0.73179,-0.44241,-0.03119,-4.5373,-10.765,-13.875,-0.39367,-6.6637,1.257,-0.18518,-0.49565,-0.61786,9.8681,-5.7796,1.6996,0.72427,-0.96015,-0.91112,-0.57117,-0.3007,-0.53676,-12.962,-5.4438,-15.579,0.28717,-1.244,1.3455,0.75881,-0.097945,-0.31573,-14.762,-3.6012,-0.90751,-1.8352,-0.69579,0.79874,0.76277,0.005971,0.35072
5,7.5398,1.2586,7.2107,0.2141,-0.32568,-0.12297,-0.6513,-0.21305,-0.083679,5.075,7.5904,-4.4202,0.006274,0.041708,-0.037378,-0.7379,-0.29106,-0.15598,6.1011,-7.7534,1.3012,0.095611,-0.070833,-0.20906,-0.89324,0.34571,-0.66883,-4.1451,16.353,5.2243,-0.030618,0.40721,-0.26924,0.34368,-0.42117,-0.28909,4.5694,-2.2853,-2.8052,0.50144,0.67767,-0.99421,0.099535,0.44239,0.41466
7,9.9987,-0.9567,-0.14779,-0.084083,-0.21963,0.00126,-0.80659,-0.028702,-0.53854,2.0522,5.0557,7.6089,0.11402,-0.056228,0.040267,0.32419,-0.39482,-0.79334,2.3581,-2.7271,8.3791,-0.07463,0.009018,-0.042006,0.2486,-0.031657,-0.90691,1.4984,8.7124,-0.90731,-0.17206,-0.035626,-0.31528,-0.6691,-0.69613,0.016091,1.5729,-8.3112,-3.0608,-0.21315,-0.23038,0.2018,-0.68349,0.5978,0.33829
6,9.7242,0.5828,1.752,0.28899,0.62046,0.021174,-0.84031,0.37247,0.18683,0.14199,3.2782,8.9961,-0.20615,-0.029603,0.075896,-0.50717,-0.007515,-0.74985,1.287,-7.7925,4.9492,0.053584,-0.008825,0.000692,-0.90485,0.93903,0.046644,-9.3336,5.7221,-3.5137,-0.6336,0.53651,1.2921,0.5114,-0.13353,0.43264,-2.9821,-4.2356,0.68083,-0.90165,0.35935,1.8779,0.46927,0.50797,-0.3909
9,8.5369,-5.2861,-1.1527,1.4661,1.5971,-1.6073,-1.1013,0.32114,-0.1309,7.7844,5.2142,0.92643,-0.39645,0.27897,1.1396,-0.83203,-0.63911,-0.099906,7.8896,-9.1129,-6.2694,4.4801,-2.7381,4.5742,0.3632,0.95123,-0.32593,-8.2781,2.4678,-0.70135,-1.4676,-0.31267,0.11955,0.85727,-0.77849,0.04286,-9.7724,-1.3643,3.1603,-0.7356,-0.61063,0.24208,0.71176,0.87333,-0.2083
8,19.633,2.1088,8.0535,0.48437,-0.12579,-0.4097,-0.62535,0.44578,-0.25978,2.5974,16.84,1.2835,1.0652,-0.19304,1.0212,-0.39912,-0.4259,-0.50047,10.114,-23.061,-10.916,2.2432,0.84083,-0.39367,-0.071997,0.40869,0.64682,-24.613,5.6845,3.1766,-0.1344,-0.47469,2.4743,0.42068,-0.10035,0.54305,-15.557,11.728,6.7709,2.4083,-0.94588,-2.521,0.43287,0.057009,-0.48598
8,8.1682,-2.8118,-2.0633,0.16007,0.45691,0.32368,-0.59216,0.35731,0.43709,9.1296,2.075,1.1367,0.17043,-0.34812,-0.24989,-0.60565,0.17622,-0.29904,10.412,-1.3549,1.3624,-1.1357,1.5224,1.7566,-0.77902,0.24766,0.17036,-9.0781,-0.22512,-0.74504,-0.51338,-0.038905,-0.15101,0.65271,0.055716,0.63332,-9.534,-0.13379,-1.1623,-0.13099,0.11491,0.12855,0.63091,-0.28132,-0.25899
5,8.7303,-1.915,4.5715,0.16572,0.14613,-0.10694,-0.80053,-0.058933,0.038598,-1.0096,8.497,5.0152,0.11872,0.066337,-0.092628,-0.13397,-0.49903,-0.079358,-0.33904,-3.3789,10.127,-0.020311,-0.015691,-0.1223,-0.50765,-0.098114,-0.5999,-3.9967,9.6623,-1.2865,0.64775,-0.40171,-2.9258,0.25199,-0.48525,-0.22504,-2.3063,-12.237,-2.6211,0.6942,0.65923,-2.3663,0.25329,0.42243,0.21839
9,10.06,3.2037,1.1754,0.31077,0.68462,0.23319,-0.7912,-0.37377,-0.45796,17.387,13.536,-0.58729,-0.47426,-2.7493,-2.6533,-0.10075,-0.50871,0.88467,4.9276,-9.2295,3.7874,-0.00721,-0.000303,2.9452,-0.11085,0.44705,-0.8458,-8.5055,2.1612,-4.1849,0.5852,-0.11775,0.48073,0.66745,-0.73813,-0.009585,-10.044,-1.9794,-1.2691,0.19813,0.10031,0.21365,0.59379,0.81551,0.26377
1,7.3892,1.8098,0.29131,-0.50884,0.047652,0.25624,-0.75066,-0.10339,-0.39576,7.3872,3.9587,4.1572,-0.13091,0.086665,-0.39087,0.97137,-0.068867,-0.38207,8.0129,2.5764,2.4204,-0.11561,0.48417,0.4186,-1.4988,0.064502,-0.72611,-9.2335,-1.9784,-1.5266,-1.2614,0.032221,2.2739,0.45668,-0.67479,0.32351,-10.055,-0.98222,-0.71775,-0.55572,-0.015473,1.6392,1.0043,0.52499,-0.030025
4,5.5244,1.275,-1.0015,2.207,-0.18227,-0.091129,-1.0078,-0.14053,-0.26925,-6.6868,10.51,2.0886,0.56864,-0.68658,0.79927,-0.23675,-0.56498,-0.19632,3.3077,-6.0226,7.3006,0.001103,-0.15714,-1.1462,0.18936,0.6022,-0.90319,-6.7039,5.0046,-0.73077,0.15798,0.14434,1.6364,0.65001,-0.17335,-0.11064,-5.519,-1.563,-0.29159,-0.36393,-0.17523,1.7547,0.31297,0.44746,0.14954
2,2.2336,2.8921,-2.3882,-0.51201,1.8818,-0.31658,-0.42783,-0.01417,-0.79693,1.4611,7.709,4.5786,0.25419,0.9167,-2.7411,-0.10067,-0.14205,-0.68101,0.9286,-5.8348,6.2759,-0.26375,1.9512,1.0448,0.25138,0.7379,-0.8947,-6.3624,-0.34373,1.1363,0.18292,0.67073,2.7186,0.79635,-0.23984,0.35209,-2.2687,-6.2381,-0.029032,1.4831,0.89833,0.72228,0.63638,0.77132,-0.19817
1,11.71,1.4828,3.3637,-0.60395,0.35431,-0.19556,-0.86235,-0.11666,-0.67563,13.26,3.0975,4.0747,-1.1679,0.22071,-0.49737,-0.63068,-0.55821,0.059175,11.834,-4.0325,3.0421,-1.4125,-0.63273,-2.9495,-1.1766,1.6906,0.35814,-11.907,5.5438,0.56178,0.29717,-0.95783,1.5028,0.70155,-0.087238,0.13995,-16.035,-1.2765,0.21421,-1.1,0.23287,1.8377,0.17857,0.64991,0.007126
9,11.311,0.13804,2.1856,-2.5667,-0.41835,-0.90307,-0.81506,0.2722,0.18581,-6.3385,2.7911,1.0726,-2.0799,-1.4301,-0.59388,-0.21349,-0.6589,-0.49453,2.8439,-5.0294,4.1704,4.8321,1.1168,-0.41383,-0.4313,0.7472,-0.043111,-13.461,-1.4576,1.4658,2.1161,0.24058,1.959,0.56398,0.48479,0.36585,-12.777,-2.6237,-1.9084,0.28078,0.23085,1.8657,0.72516,-0.26532,-0.28132
4,11.42,0.42588,-0.8734,1.27,-0.10239,0.12466,-0.85962,-0.072939,-0.2226,2.899,7.4205,6.1143,-0.60593,-0.53081,2.1553,-0.18807,-0.79662,-1.0184,2.6114,-9.8368,8.3264,-1.7474,-0.44727,-0.82795,0.11566,0.56555,-1.1586,-3.6864,-2.0076,-0.15923,-0.66175,0.58207,0.2907,0.51261,-0.32905,-0.13378,-12.349,-2.8821,-1.9539,-0.95171,-0.69556,1.2766,0.62514,0.12252,0.23058
2,7.0248,-0.53872,2.0957,-1.6161,0.32694,0.32769,-0.88636,0.08451,-0.84358,3.2222,7.7655,2.6454,0.55569,-1.8935,1.2042,0.56866,-0.97249,-0.59428,-4.8929,-6.4175,3.4966,-0.57063,1.4088,-0.61791,0.23075,1.312,-0.60543,-1.6255,-16.925,-3.8075,-3.8991,-0.66529,0.41808,0.12407,-0.87094,0.11009,-12.369,-8.1794,-1.6863,-2.8495,-1.2181,2.6109,0.71057,0.35705,0.31361
8,0.22462,0.2122,-1.033,0.17619,0.070639,-0.0539,-0.72447,-0.31985,-0.31133,0.8402,-0.34542,0.20824,-0.014532,0.23607,-0.23651,-0.38946,-0.57655,0.38903,-0.078635,0.10642,0.45268,0.028855,0.12881,0.07648,-0.45025,0.001093,-0.62782,-0.97568,5.1542,0.64585,0.56469,0.43613,-0.35805,0.46558,-0.27566,-0.49526,0.41918,-2.0658,0.20194,0.039022,0.24489,0.076152,0.45124,0.19206,0.60073
5,7.656,-1.4535,5.5744,-0.20676,-0.73651,0.13651,-0.66052,-0.021489,-0.023392,8.4043,2.1916,3.6694,-0.3604,-0.2419,0.27996,-0.86162,0.23025,-0.033267,5.136,-4.8573,6.6336,-0.077353,0.11424,-0.1471,-0.76283,0.13855,-0.69679,4.2711,5.6456,2.0206,0.74462,-0.26995,-0.88736,0.12098,-0.66281,-0.12385,-2.5016,-11.427,2.1908,0.51546,-0.13525,-0.71724,0.41518,0.39322,0.15091
8,14.992,-1.0656,-4.3777,-0.64688,0.35621,0.1785,-0.5562,0.34744,0.48466,17.271,2.3152,-2.6498,1.5355,0.81909,-1.0924,-0.61566,0.16955,-0.31408,20.71,-2.5008,-2.3474,-1.0307,0.1716,-0.97039,-0.78265,0.33604,0.15262,-10.039,3.3711,-6.7688,-0.58904,0.38233,0.57804,0.67927,-0.34127,0.81507,-11.702,-3.9809,-5.1186,0.073398,0.10784,-0.65775,0.67147,-0.010506,-0.40905
7,3.1418,-2.6283,9.0881,-0.30089,-2.3868,0.10284,-0.21345,0.21044,-1.0003,-2.6948,-1.9411,7.8043,1.3927,0.5281,2.7781,0.39587,0.12151,-0.87099,-6.826,5.7357,4.3198,-1.5567,-1.7511,-1.2908,0.54181,-0.65586,-0.42618,-0.41178,8.0178,3.5459,0.33254,-0.071096,0.91795,-0.36064,-0.8235,-0.3269,-0.22207,-7.9266,0.49174,-0.5547,0.32419,-0.77999,-0.35098,0.89795,0.099694
7,5.2251,-0.72703,8.6369,-0.24105,0.44793,0.11764,-0.32961,-0.11498,-0.90066,-2.0766,12.429,-1.0134,-0.071004,-1.2656,-0.63274,0.64564,-0.70033,0.062041,-0.60847,-1.1239,10.813,-0.46454,0.65283,1.456,0.52986,-0.002876,-0.80511,1.6693,7.5926,4.3137,0.40797,0.12727,-1.1182,-0.47011,-0.70365,-0.46059,-0.18284,-8.6747,1.7005,-0.55723,0.04574,1.2269,-0.28419,0.93024,0.019637
5,8.2927,2.089,5.7415,0.012975,0.030164,-0.056129,-0.62326,-0.23368,0.082878,3.6559,7.6159,5.474,-0.03491,-0.0681,-0.049561,-0.80358,-0.49739,-0.27981,5.9319,-5.395,5.6249,0.070896,-0.11195,-0.10221,-0.81291,0.2152,-0.6122,-5.9921,16.695,-0.32223,-0.36557,0.25417,-1.4738,0.37189,-0.41277,-0.17974,1.4971,-2.9937,-0.19033,0.078707,0.05015,-1.9446,0.16356,0.58533,0.10091
8,28.415,-2.0905,8.4672,0.24553,0.82728,0.22401,-0.45402,0.009225,-0.64571,31.516,2.3595,6.3375,-0.14718,-0.36394,0.34242,-0.51465,-0.46731,-0.18435,29.666,-4.2751,5.339,-0.80776,-0.24682,0.24693,-0.48136,0.32463,-0.43041,-26.38,-9.4597,2.6568,0.4261,-0.58431,-1.1845,0.55392,-0.40548,0.012997,-27.335,8.6784,2.9265,-0.29619,-0.31487,1.1915,0.57579,0.33663,0.25639
7,8.0927,0.90372,6.047,-0.48969,0.61452,0.00711,-0.47374,-0.1421,-0.82675,-1.9431,1.1266,8.7791,-0.35482,0.081631,-0.80326,0.5723,0.17983,-0.76292,-1.4187,-1.3194,9.6782,-0.16431,0.31322,0.82133,0.35295,-0.20356,-0.86443,0.037633,8.9137,1.6102,-0.088669,0.13711,-0.55169,-0.40013,-0.82833,-0.27285,0.34835,-8.8118,1.9801,0.22015,-0.10429,0.71324,-0.45387,0.85822,-0.01115
0,10.699,-0.062726,2.2843,0.59954,-0.74224,0.093492,-0.83476,-0.18754,-0.68704,4.4199,6.3537,6.6508,-0.10317,-0.15729,0.37761,-0.42179,-0.81108,-0.7042,5.7252,-6.2392,5.1875,-0.14716,-0.41283,-0.13864,-0.4641,0.71932,-1.1714,-11.089,-0.07831,1.2669,0.51428,0.29843,-1.1757,0.24181,-0.71925,-0.18378,-13.964,-0.21156,0.1213,-0.16901,0.28909,-2.1775,0.56542,0.38651,0.23041
2,5.0824,-5.997,-4.1751,2.7241,-2.2048,-0.19221,-0.77641,0.28347,-0.63306,4.7665,11.253,-5.7996,0.67231,0.50571,-3.2828,-0.7538,-0.60806,-0.1735,9.2857,-7.2632,9.7645,-0.090166,0.003029,2.5463,-0.30122,0.35232,-1.0875,-36.782,-13.684,9.2437,-0.66437,-0.76753,3.3156,0.55063,-0.71982,-0.035561,-47.776,-2.1115,-3.6524,1.1047,1.0601,-3.995,1.0788,0.28996,-0.020541
3,12.65,-3.4629,1.6505,1.5312,0.58086,-0.39812,-0.77131,0.094761,-0.7013,2.8936,10.03,1.3483,0.90816,0.056098,0.21351,0.86536,-0.82905,0.193,3.1426,-6.6878,6.4364,0.98425,-1.1467,-2.0436,0.2473,0.44327,-0.54435,-26.491,16.981,3.055,0.42613,0.77022,-1.4091,0.83564,-0.00544,-0.4877,-9.3462,-2.5198,-0.90947,-0.86604,-0.49585,0.31454,0.5448,0.80974,0.30651
7,9.5473,-2.0342,-0.49826,-0.1054,0.2234,0.004481,-0.90006,0.21978,-0.6535,3.0977,6.8903,6.3297,0.054164,0.19006,0.043638,0.41567,-0.5304,-0.65019,4.79,-0.93101,8.7242,0.046413,-0.004613,-0.26535,0.17954,-0.040372,-0.91523,2.0639,9.0866,1.2539,-0.028231,-0.086744,-0.14003,-0.73802,-0.58203,-0.20398,1.9303,-9.258,-2.0962,-0.14058,-0.075042,0.063802,-0.72899,0.60996,0.18731
9,11.431,-0.053941,0.98012,-0.76798,0.37941,-0.40053,-0.77624,0.26638,0.30766,0.40929,0.76095,-3.29,-2.945,-2.7626,-1.1948,0.17778,-0.10075,-0.80209,11.188,-3.1946,3.4958,-2.2855,-0.13038,-1.3671,-0.8509,0.17285,0.015271,-11.856,-3.4425,-4.9661,0.7767,-0.45625,2.0409,0.7771,0.44097,0.48618,-8.9044,-2.2631,-4.386,-0.56901,-0.24431,1.0744,0.78588,-0.32494,0.14146
9,0.60086,4.4859,2.6335,0.90307,-0.65175,0.84742,-0.47835,-0.39378,-0.73282,0.28563,19.324,-9.2121,0.97797,-4.5571,5.3152,0.57557,-0.58002,-0.50317,14.545,1.8565,-10.527,-0.27591,-4.2894,-2.2486,0.79087,0.42374,-0.20388,-6.4326,9.0976,2.409,-1.4549,0.21629,0.52946,0.617,-0.6636,-0.3141,-3.3891,4.06,0.28148,-0.72936,-0.059984,0.11763,0.88842,0.004196,0.46989
0,11.998,-1.0979,4.3991,0.24255,0.66847,0.29848,-0.77788,0.003315,-0.9375,11.949,3.3702,3.154,0.81678,-1.0663,2.2669,-0.73623,-0.86627,-0.57304,13.757,-3.8964,3.6813,0.72849,0.44432,0.89726,-1.0713,1.5648,0.23925,-10.976,-2.3921,-3.1739,0.15821,-0.33097,-1.1178,0.26089,-0.80199,0.017856,-12.186,-7.4704,-0.42716,-0.52957,-0.2103,-1.6727,0.77032,0.1787,0.33799
2,22.276,0.18123,2.8405,3.3682,0.62477,0.60306,-0.78741,-0.10051,-0.46782,7.2319,25.125,-15.578,2.5242,3.624,-0.25026,-0.12222,-0.67304,-0.10324,9.9786,-28.174,4.5175,3.4976,-1.7862,2.0673,0.12128,1.0972,-0.39636,-22.899,-11.218,-6.6891,-0.42443,-0.079079,-3.2553,0.4857,-0.61399,0.31857,-28.553,3.2616,-1.9068,-0.66955,1.469,-3.4373,1.0232,0.58545,-0.003875
3,8.8258,-1.0721,-2.1587,0.16814,0.30488,-0.051818,-0.97788,0.077461,-0.37229,0.81538,7.8045,4.646,0.63262,-0.96881,0.484,0.67359,-0.049603,0.2251,0.65635,-6.6787,6.085,0.013373,-0.17179,-1.0508,0.48607,0.48733,-0.4752,-8.8821,1.6577,-0.5308,-0.34129,-0.059184,0.041625,0.69389,-0.43283,0.14076,-7.3482,-5.8835,-3.0864,0.026062,-0.14749,1.3442,0.53969,0.72834,0.12207
4,13.404,-1.1926,1.6812,0.62602,-1.4064,0.48637,-0.85028,-0.082572,-0.26729,0.86271,6.5374,5.3655,0.36901,0.61055,-1.2444,-0.10441,-0.70467,-0.96108,-2.9012,-8.6176,4.6319,-0.42272,0.21528,0.9832,0.21955,0.55675,-0.79768,-13.577,0.010364,-3.6778,0.45855,-0.062263,-1.421,0.66443,-0.12848,-0.004026,-14.381,-0.1795,-2.2709,0.97811,1.3644,-2.1381,0.44535,0.32028,0.23556
1,9.371,1.0595,4.016,-0.65702,-0.37889,-0.00642,-0.81433,-0.097469,-0.68368,-1.2925,6.7445,6.9212,-0.34538,0.79605,-0.59057,0.35254,-0.67113,-0.85827,-0.35705,-5.774,7.9532,-0.19423,1.1269,0.43075,0.32033,0.55682,-1.0287,-6.1161,-0.93947,-0.5591,0.016209,0.63933,1.5047,-0.06467,-0.81244,0.10489,-12.233,-4.1652,-1.1975,-0.5807,0.13611,1.6129,0.69013,0.37051,0.056358
9,8.5154,-3.7571,-1.5055,-0.2049,-0.30928,-0.30146,-0.88899,-0.071305,0.49387,4.7021,8.7655,-0.62015,0.88354,0.38847,-0.24716,-0.69712,-0.44399,0.47971,5.0684,-12.019,-4.2106,1.2159,-1.9056,4.7989,-0.70969,0.55113,-0.36993,-9.8293,4.1941,0.28021,-0.40959,-0.99791,-0.094968,0.59756,0.70591,-0.32933,-9.8732,-0.2263,5.9877,-2.4992,0.9484,0.6499,0.81975,-0.49064,0.007367
3,9.3948,0.54512,-0.3506,-0.012483,0.18973,-0.18835,-0.91166,0.009834,-0.50606,0.41603,8.9854,3.9174,0.025576,0.3803,-0.89841,0.65367,-0.18002,0.26946,0.65389,-6.781,7.4922,0.11359,0.31348,0.57978,0.43358,0.5871,-0.45078,-9.233,5.0437,-0.66009,-0.10016,0.28422,1.2391,0.4795,-0.72298,0.13053,-9.4521,-0.78972,-0.97895,-0.82876,-0.44512,0.93278,0.86329,0.42736,0.048207
5,8.0897,2.1568,4.9439,-0.06556,0.15366,0.034452,-0.54645,-0.2828,0.039695,6.42,4.3504,5.4164,0.14894,-0.092438,0.011177,-0.87627,0.053573,-0.24288,6.8953,-5.1718,4.6826,-0.089348,0.12055,-0.013147,-0.91885,0.053142,-0.53415,-2.4839,7.5417,-0.46211,-0.87219,-0.5582,1.9809,0.40386,-0.51704,-0.21625,-1.0469,-12.616,-2.1526,0.063576,0.083464,1.9488,0.33869,0.40803,0.24828
4,10.587,1.9328,2.4252,0.39077,0.28357,0.013832,-0.77365,-0.34014,-0.49042,-3.6423,8.1507,6.9227,1.1195,-0.86193,0.93084,-0.34471,-0.55352,-0.37098,1.1779,-7.5834,8.5818,0.64921,-0.89409,-1.2856,0.32414,0.55054,-0.9181,-10.581,1.0317,0.13082,0.93751,-0.21846,-0.10864,0.69773,-0.022217,-0.15265,-6.2785,-3.9487,0.40687,-0.87375,-0.22866,1.3409,0.39253,0.41609,-0.056915
0,6.879,-0.40346,2.3774,0.29028,-0.004677,-0.14948,-0.65363,0.037436,-0.61841,6.1135,5.3218,0.67957,0.61846,-0.34453,0.95661,-0.2649,-0.50974,-0.77109,9.6412,-2.3062,1.1571,-1.0863,1.9627,1.6463,-1.1951,0.99141,-0.80541,-8.3235,0.46209,-1.8777,0.61816,-0.020494,-1.1387,0.61102,-0.46756,0.32426,-8.0736,3.6546,0.44706,2.4414,0.60444,-1.0679,0.81437,0.85774,-0.20396
4,9.8387,-2.9348,1.2421,0.84008,-0.18466,-0.45999,-0.85398,0.028449,-0.40064,-0.56112,9.5962,4.1037,0.12806,-0.50842,0.67443,-0.42408,-0.67045,-0.40848,0.42162,-8.0233,5.4138,-0.07633,-0.53069,-1.3972,0.31994,0.6436,-0.76745,-10.755,0.063338,-1.163,-0.39919,-0.61638,-0.65388,0.68383,-0.2508,0.019787,-7.3976,-2.6178,-1.0116,0.73576,0.55512,-0.24046,0.38059,0.48627,0.14693
2,18.177,0.7745,3.4559,-1.36,0.52088,-0.23144,-0.97545,-0.15284,-0.74685,1.6147,15.874,3.9429,0.072773,-1.0124,-0.47602,0.67262,-0.85647,-0.60355,0.63984,-18.372,6.047,-0.8481,1.4908,-0.64947,0.19699,1.3301,-0.65857,-17.13,-9.5755,-3.5801,-2.1384,0.025191,3.2404,0.3042,-0.74186,0.20915,-19.05,3.6908,-7.3732,-0.83557,-0.92121,3.3864,0.55112,0.55404,0.34688
5,8.1241,2.1091,4.417,-0.3547,-0.31951,-0.26802,-0.64215,-0.14703,0.13514,3.8304,6.9119,5.4786,-0.02553,0.030266,-0.2384,-0.81808,-0.46016,-0.2883,2.6627,2.6617,9.8081,-1.0354,-0.076924,0.06859,-0.62575,-0.22183,-0.34159,-5.5672,10.036,1.1948,0.33068,0.48052,-1.94,0.3587,-0.40853,-0.24776,-1.3451,-9.4526,0.46295,0.39099,-0.18865,-1.8884,0.26455,0.51417,0.096723
5,8.3392,-0.55308,5.3868,0.06036,0.12768,-0.10812,-0.79235,-0.10113,-0.002747,4.0282,9.0914,0.27243,0.10114,-0.060673,-0.11825,-0.78729,-0.3354,-0.21097,7.3119,-3.8384,4.9664,0.15773,-0.045202,-0.20118,-0.99773,-0.079328,-0.64597,-4.9537,12.39,-0.49715,-0.10185,0.56073,-2.6825,0.25512,-0.48246,-0.19952,-2.8896,-10.685,-2.3353,-0.3611,0.57106,-2.4743,0.24539,0.46488,0.17646
6,9.7337,-0.8831,-1.3211,0.026996,-0.057628,-0.13431,-0.93882,0.41711,0.4446,-2.0578,6.0551,7.1656,0.23508,0.007141,-0.034552,-0.40532,-0.32016,-0.88297,-0.26984,-0.80285,9.7799,0.12789,0.014383,0.014203,-0.43487,0.49751,-0.79805,-3.5081,5.7349,-2.5755,0.85099,-0.59197,-2.185,0.33792,-0.59794,0.39474,-7.1897,-11.372,-1.1457,0.10901,0.51262,-1.9248,0.54573,0.62451,-0.28883
3,9.206,-1.5087,1.5058,0.15612,0.015031,-0.036624,-0.86846,0.034168,-0.5638,3.0782,5.8398,6.6407,0.3759,0.69696,-0.4418,0.52433,-0.45564,-0.074621,3.8064,-5.1815,8.6393,0.18428,0.5016,1.0388,-0.002694,0.37419,-0.68187,-9.5899,3.3674,-0.88548,-0.65861,-0.30768,0.65495,0.85382,-0.41554,-0.20986,-10.037,2.6161,-0.91056,-0.054907,-0.12395,0.40892,0.73066,0.042544,0.70096
1,12.651,-0.86721,-1.2506,0.098983,0.35127,-0.029995,-0.95186,0.24083,-0.41924,9.5536,1.6168,3.4431,1.1035,-0.23549,1.3722,-0.16221,0.34625,-0.81082,-4.2143,-2.7473,11.209,-0.45554,0.25143,-0.12328,0.82701,0.059957,-0.85864,-6.8738,-3.7259,-4.5518,0.92669,0.88277,-1.1276,0.39776,-0.65173,0.37023,-13.02,-14.869,0.55953,-1.1621,-0.99216,-1.8187,0.96649,0.22726,-0.037669
6,9.7574,-0.46172,-1.0141,0.35597,0.086248,-0.47449,-0.96903,0.40265,0.41545,-1.6616,6.4381,7.2273,0.16953,0.035075,-0.18892,-0.4687,-0.37503,-0.84905,0.042368,-1.0541,10.405,0.10852,-0.12406,-0.17506,-0.51223,0.42918,-0.80385,-9.0739,10.663,-2.3556,-0.46308,-0.87357,-2.5073,0.45245,-0.44816,0.34816,-4.8559,-9.1545,-1.447,0.28536,0.34042,-2.3663,0.41901,0.75945,-0.22393
3,10.935,-0.75756,0.96252,0.060857,0.34686,-0.33731,-0.78274,-0.062493,-0.57884,2.1927,6.0208,8.5828,-0.19156,1.1537,-1.2079,1.001,0.16778,-0.23691,1.7826,-5.7279,7.8816,0.071114,1.2375,0.70047,0.27958,0.29347,-0.55797,-10.744,7.4808,-1.3024,0.17822,0.14365,1.5973,0.78686,-0.56335,-0.059893,-10.47,0.17748,-1.9225,-1.1288,-0.40581,0.6108,0.71413,0.42547,0.44914
5,8.359,2.014,6.0222,0.30314,-0.10959,-0.08867,-0.61941,-0.2377,0.080818,3.8918,7.3264,5.2832,0.066955,0.15829,-0.010836,-0.8242,-0.47717,-0.25898,6.0354,-5.6777,5.3812,0.14339,-0.28419,-0.15459,-0.82293,0.21871,-0.60072,-6.1363,17.276,2.5023,-0.30757,-0.050094,-0.075521,0.3957,-0.36052,-0.20174,6.6854,-0.009728,-1.3079,0.60299,-0.042747,-0.63299,0.13958,0.60843,0.06371
8,-5.1723,0.1232,0.51287,-0.62032,-2.2038,0.78775,-0.63485,-0.08107,0.098792,-1.9093,-1.1098,-3.6794,-0.048244,0.072403,-0.53321,-0.45121,0.16838,0.040355,-0.056083,-1.2996,1.5364,0.68213,-0.26344,-1.1372,-0.39912,-0.25688,0.06926,0.82495,-3.406,0.45304,-2.0774,0.21996,0.35643,0.30132,0.28574,-0.039744,-0.05365,3.8617,-2.7007,0.68457,0.56767,-0.97521,0.34435,-0.24554,0.043549
5,6.1938,-1.422,6.2196,-0.42443,-0.44187,0.3656,-0.80652,-0.070257,-0.016638,4.6229,7.9525,0.99418,-0.01035,0.16591,0.30268,-0.79742,-0.29456,-0.25153,7.281,-3.6436,5.5163,-0.041513,0.18197,0.10995,-0.97345,-0.06431,-0.6808,12.746,-4.892,-7.0242,-0.15576,-0.06845,1.7228,0.083463,-0.60294,-0.34854,-6.8651,-19.286,-7.5834,0.10796,-0.14316,1.2701,0.3349,0.27012,0.17469
0,8.9751,-0.80564,3.4611,0.40813,-0.20072,0.14286,-0.76838,-0.01213,-0.94309,10.525,3.321,3.5635,-0.14198,-0.55235,0.87847,-0.86294,-0.60066,-0.35143,11.357,-1.7004,1.7261,1.228,0.61873,1.0568,-1.2453,1.5886,-0.40182,-9.238,-2.4036,-3.8713,0.59841,0.33714,-1.3698,0.37968,-0.70472,0.15767,-13.985,3.7244,-1.724,0.40651,1.0964,-2.7275,0.53094,0.5159,0.38509
1,12.251,1.3528,3.7859,-0.20979,0.020881,0.15977,-0.69144,0.15745,-0.50451,-1.1525,8.7127,5.5871,-0.27099,0.25582,-0.32695,0.087013,-0.18902,-0.61642,-0.58332,-6.738,8.1337,0.035039,0.40328,0.57234,0.53918,0.78726,-0.62102,-5.9976,4.0188,-3.8791,-1.497,0.060723,-1.0463,0.1377,-0.83307,0.35518,-11.453,-3.2474,-1.0417,-0.22795,0.30211,1.2162,1.0999,0.29145,-0.095276
8,0,0,0,0,0,0,0,0,0,0,0,0,0,0,0,0,0,0,0,0,0,0,0,0,0,0,0,0,0,0,0,0,0,0,0,0,0,0,0,0,0,0,0,0,0
0,13.07,0.86,3.1026,-0.16096,0.26042,0.27375,-1.0473,0.033363,-0.60084,1.5424,9.6246,4.5271,0.11268,0.034696,0.58845,-0.27381,-0.71089,-0.73959,0.8154,-7.2917,8.3074,-0.092598,-0.2722,0.12241,0.1817,0.93498,-0.96621,-13.741,8.8029,5.1653,-2.4225,-1.9024,-1.474,0.1124,-0.7784,0.21213,-10.075,-9.2755,-3.2927,-0.57162,-0.13845,-0.94244,0.84082,0.32783,0.035647
3,2.8848,-3.325,-0.28048,-0.50958,-0.70199,-0.17939,-0.65841,0.41905,-0.69771,8.3909,-2.5397,3.8667,0.28451,2.148,-0.15593,-0.045355,-0.95344,-0.05331,5.6665,-5.3025,4.2599,0.36443,-0.090673,0.63919,0.021778,0.49178,-0.57635,-4.4657,4.8115,-0.1508,-0.53938,0.024047,-0.78422,0.74392,-0.28693,-0.56231,-6.2659,-1.7733,-0.61634,-0.85948,0.46404,-1.3502,0.81893,0.52776,0.21779
5,8.2731,2.2705,5.0385,-0.077106,0.13588,-0.004567,-0.62893,-0.21016,0.091791,4.0618,7.5214,5.0762,-0.068377,-0.19463,-0.077352,-0.82068,-0.46394,-0.25127,6.0322,-5.2846,5.5064,-0.41595,0.41595,0.089117,-0.83659,0.21373,-0.59249,-1.1048,5.8431,0.91982,-0.12068,-0.9185,2.3405,0.28451,-0.51584,-0.35921,-6.0153,-16.447,-0.41785,0.60088,-0.2074,1.5774,0.37639,0.28886,0.14651
4,9.0749,-0.82866,0.78156,0.16696,0.095364,0.24232,-0.8118,0.05528,-0.44925,2.5297,7.9984,4.2996,0.069071,0.46365,0.83168,-0.34282,-0.93303,-0.58886,-1.5386,-9.1151,5.0734,0.16635,-0.41635,-0.24211,-0.10534,0.59211,-0.55124,-8.0168,3.8478,-1.5208,0.73107,-0.16653,-1.0501,0.47104,-0.39695,-0.027667,-8.5482,-4.2544,-0.86243,0.88048,-0.24064,-0.77319,0.65342,0.23879,0.16862
2,-0.16945,0.39271,-3.0409,1.4654,-1.1854,0.49087,-1.2231,0.14894,-0.32592,6.5925,6.398,1.6665,-0.98272,1.0442,3.1259,0.74541,-0.53208,-0.73645,-6.7954,-4.7983,1.8992,0.75865,-0.079147,4.4992,0.3528,1.1734,-0.49988,-31.718,28.28,-0.40663,-1.9865,2.122,1.7674,0.17706,-0.74642,0.24482,-5.5092,1.049,-3.4699,-1.5729,0.81083,-2.6715,0.76584,0.35667,0.059255
7,9.1888,-0.58563,-0.27449,0.65614,2.45,-0.083815,-0.94257,0.012728,-0.482,-3.2159,6.6357,10.854,0.043805,0.96206,-2.1757,0.56902,-0.25032,-0.66468,-0.64572,-2.9625,12.492,-0.22361,1.5711,2.1106,0.41001,-0.15364,-0.76451,-1.9268,12.091,-3.2868,-0.005782,0.12675,0.31002,-0.35356,-0.83783,-0.015643,-1.3615,-11.508,-2.9692,-0.086912,0.013577,0.13992,-0.36727,0.80406,0.28191
5,9.2354,0.45282,2.6504,-0.1224,0.000989,0.0879,-0.57811,-0.21323,0.15621,2.5709,0.66398,9.5681,0.003721,-0.038766,-0.016272,-0.27624,-0.175,-0.24102,1.5696,-0.59153,9.6879,-0.003713,0.029162,0.012901,-0.6395,-0.15684,-0.49736,-2.6459,11.448,0.68411,-0.39783,-0.22027,1.4876,0.33528,-0.53619,-0.22914,-1.46,-8.6039,-2.8055,-0.87114,-0.75601,1.8279,0.26939,0.46035,0.30491
8,10.517,-0.64366,3.5147,0.17652,1.4943,0.32436,-0.43324,0.008368,-0.67378,10.421,-0.036323,5.3741,-2.3658,-0.56591,-0.44606,-0.51322,-0.39409,-0.37311,10.003,-4.4985,6.3953,-1.2212,-0.16751,0.3293,-0.46115,0.41781,-0.39931,-10.274,-0.72979,-6.0575,1.2762,0.40652,-0.9101,0.6597,-0.28643,-0.023329,-9.6989,-1.9226,-4.4899,-0.58395,0.40299,0.87837,0.64802,0.22949,0.27087
9,7.1649,-3.5783,2.2157,1.078,-0.68398,0.56508,-0.978,-0.14771,0.093768,9.2707,0.82105,4.7541,1.4073,0.40217,1.5522,-0.91279,-0.053112,-0.0606,33.529,24.067,-9.0634,2.5107,-6.7059,-2.5371,-0.74429,-0.55343,-0.27344,-8.5716,3.3238,-1.0346,-0.59351,-0.084871,-0.80036,0.85919,-0.007747,-0.37711,-6.9083,-0.46719,2.8483,1.8306,-0.30475,-0.72325,0.7616,0.10087,0.52264
3,7.0021,-0.24465,0.77507,-0.20322,-0.10016,-0.059105,-0.75644,-0.013898,-0.52838,7.0654,4.3397,4.7342,0.54986,-0.094932,-0.46465,0.05519,-0.33783,-0.18241,5.3141,-5.6164,5.5744,0.19138,0.15661,-0.22272,-0.09694,0.47609,-0.6681,-8.8235,2.7648,-1.2631,-0.41439,-0.16675,1.4054,0.70852,-0.52922,0.16367,-7.3717,-3.8654,-2.2537,-0.25338,-0.29906,1.0995,0.73735,0.54469,0.17197
2,-0.14314,-0.10488,-2.0097,0.36457,1.1604,-0.25319,-0.55451,0.15772,-0.73479,2.6315,3.5132,4.0182,-0.014566,1.294,-0.8513,-0.1436,-0.20258,-0.6565,3.4479,-5.1285,6.31,0.050902,0.93226,1.4651,0.25021,0.72707,-0.86355,-1.858,-5.4089,1.3211,-1.1575,-0.53092,-0.19451,0.35933,-0.71644,0.3195,-1.1301,-9.3732,3.2371,1.2547,-0.49291,-1.5454,1.0709,0.24137,-0.092015
5,7.4908,1.0703,4.635,0.029438,-0.81877,0.079717,-0.62933,-0.16978,0.038316,5.9509,4.8012,5.4244,-0.051276,0.062767,0.066219,-0.88648,-0.082914,-0.17377,6.5813,-3.2661,5.3766,0.15282,-0.32682,0.061276,-0.82553,-0.042599,-0.60064,-2.392,11.487,-2.7929,-1.2622,0.20933,1.3305,0.40961,-0.50787,-0.015256,5.7636,-3.6857,0.51807,-0.68639,-0.017274,1.8748,0.043042,0.62494,0.10253
5,6.8501,0.39029,7.4344,-0.17063,-0.2704,0.17742,-0.65554,-0.19962,-0.11275,4.6193,7.6218,-4.2205,-0.13991,0.14352,0.20065,-0.75061,-0.34064,-0.13183,5.9446,-8.1331,1.1816,-0.036756,0.007918,0.029314,-0.87799,0.38519,-0.6607,6.4996,1.8718,-0.36275,-0.25613,-0.14518,0.92448,0.11265,-0.57171,-0.4121,-1.6083,-12.544,-8.0009,-0.53408,-0.20086,0.40383,0.33628,0.24524,0.31411
7,9.7741,-0.38153,1.7831,-0.074536,0.23705,0.014745,-0.6821,-0.02639,-0.68845,2.047,2.76,9.1322,-0.39078,0.083958,0.15224,0.40061,-0.053205,-0.85828,1.6523,-3.0374,9.2537,0.33571,0.10902,-0.064605,0.36512,-0.076421,-0.86735,1.3967,9.5546,-1.2109,-0.021924,-0.028271,0.12503,-0.69561,-0.66809,-0.051602,1.6817,-8.7478,-3.8283,-4.8e-05,-0.035968,-0.068233,-0.71265,0.58977,0.29553
5,8.4099,-1.9871,4.0993,0.13105,0.10267,-0.13569,-0.62933,-0.042812,0.075618,6.3325,5.3162,4.9556,0.22665,0.20095,-0.11404,-0.87809,0.002847,-0.20983,4.7965,-7.5843,0.90704,-0.41729,-0.23447,-0.60504,-0.73603,0.27919,-0.59876,-1.8046,6.0454,0.33892,0.99761,0.74996,-1.8007,0.43019,-0.49321,-0.19768,-0.28603,-10.052,-1.0965,-0.094253,-0.23325,-1.361,0.29529,0.46461,0.22849
5,6.891,0.76333,6.6175,0.032113,0.24698,-0.039847,-0.66238,-0.17745,-0.07185,5.1623,7.0924,-4.5885,0.070923,-0.18797,-0.005276,-0.754,-0.30442,-0.14997,5.3785,-8.0309,1.553,-0.017641,0.13452,0.048873,-0.85417,0.40819,-0.67728,0.15799,6.8904,2.0485,0.032103,0.71574,-1.9798,0.21549,-0.5334,-0.37931,-2.5324,-10.335,-6.4776,0.33651,0.77172,-1.4655,0.29247,0.30983,0.34285
7,9.602,-1.3353,3.1827,-0.019172,0.54303,0.084348,-0.69834,0.035669,-0.78229,-7.9505,-4.0518,5.3366,0.23325,0.6015,-1.6346,0.69144,0.20993,-0.58779,-8.8469,8.0212,2.1763,-1.2902,1.9803,0.63863,0.49796,-0.49549,-0.58313,0.28172,11.364,-2.0883,0.029563,0.059547,0.366,-0.49963,-0.77231,-0.059487,0.62637,-11.877,-1.6682,0.31327,0.023254,-0.4662,-0.49741,0.75036,0.22908
3,7.1828,-0.022012,0.61713,-0.25445,0.048976,-0.17078,-0.75469,0.011917,-0.53817,6.5226,5.5497,3.9777,0.15287,-0.071577,-0.45933,0.12663,-0.35316,-0.16119,5.4879,-5.1827,5.4548,0.064083,0.07206,-0.02161,-0.092712,0.43462,-0.69364,-9.4751,3.4497,-0.97984,-0.37944,-0.1151,1.6167,0.69517,-0.5614,0.14414,-7.6609,-4.7534,-2.1656,-0.43561,-0.33111,1.0797,0.73938,0.55512,0.13831
6,9.7291,1.8319,1.446,0.39129,0.19827,-0.37909,-0.79979,-0.039516,0.30838,1.6188,2.1236,9.7097,0.11029,0.014375,-0.17066,-0.46985,0.039767,-0.62061,1.2828,-0.34267,9.6066,0.20526,-0.22333,-0.17283,-0.49568,0.41798,-0.6063,-14.998,7.6154,-1.9952,0.50713,-0.34209,-1.9944,0.63527,0.09153,0.18512,-4.0728,-4.5313,-0.52473,0.033718,0.16969,-1.7597,0.5002,0.58864,-0.17695
2,7.77,2.3993,1.6107,1.9009,0.43285,-0.12549,-0.71159,-0.24369,-0.47985,-4.5098,8.0942,-4.6653,1.7893,3.893,-0.75723,0.11314,-0.66216,0.055298,5.2039,-6.6716,-0.55963,1.567,-1.5029,1.5065,0.25885,0.81299,-0.59374,-14.92,3.3843,0.98073,1.0868,-2.548,-1.7057,0.75364,-0.2795,0.32537,-4.8764,12.705,4.5548,4.1936,-0.79552,-0.23908,0.85353,0.72214,-0.18867
1,14.404,-0.58944,1.7199,-0.62631,-0.060066,0.46264,-0.94664,0.15221,-0.39026,12.634,0.67924,3.1809,-0.30802,-0.20547,0.87768,-0.24253,0.80019,-0.54598,12.039,-2.2517,3.8181,0.093909,-0.13651,0.13215,-0.84551,1.0196,0.15645,-2.2174,-5.418,-0.83974,0.8349,0.10809,-0.84745,0.37841,-0.73025,0.32759,-14.2,-2.9386,-0.33819,-0.37204,-0.25455,0.659,1.0153,0.17836,-0.024499
4,-6.7268,6.7566,8.3432,-1.6788,0.10744,1.1168,0.50867,-0.1455,-0.61723,0.62374,8.5415,-3.8491,0.36103,-0.047662,-0.77398,-0.20146,-0.97742,0.23461,-0.67473,-9.5814,2.1587,0.32637,-0.4958,0.64227,0.21412,0.71417,-0.60219,-13.469,-1.002,-0.16989,-0.14752,-0.41902,-1.4375,0.615,-0.23482,-0.12001,-12.714,-2.4076,-0.8834,0.57866,0.37013,-1.7124,0.44832,0.44746,0.1326
8,9.3615,-0.46585,0.97402,0.0018693,-0.63575,0.23611,-0.94553,0.073575,0.39096,10.859,3.0172,-0.046436,-2.6219,0.37447,-0.59459,-0.98634,0.10316,0.18149,-2.3819,-4.4888,-0.34933,-2.0188,-0.34507,-4.261,-0.94357,0.37725,0.1468,-8.9802,0.25947,-0.39778,-0.058817,-0.82743,-0.52757,0.86358,0.41513,0.30294,-9.1137,-0.70626,0.45893,0.19217,-0.068751,-0.1626,0.86383,-0.35424,-0.23549
4,12.097,1.9067,0.40673,-0.15651,0.14299,-0.04551,-0.86999,-0.13032,-0.38199,-0.29827,9.1694,4.2415,-0.40929,0.37326,-1.9174,-0.42028,-0.58908,-0.4507,3.8184,-7.0476,7.0057,0.42517,0.36196,1.0545,0.096353,0.63223,-0.77945,-13.047,0.7636,-1.4442,-0.19797,0.55811,1.6755,0.53995,-0.29764,-0.09586,-13.032,1.0579,0.072015,-0.2238,-0.39763,0.98313,0.55465,0.3133,0.25535
1,8.0914,-2.467,2.3493,-0.080522,0.70238,0.13845,-0.81486,-0.04855,-0.73184,1.3044,4.9508,5.5464,0.2787,-0.50199,0.72219,0.065711,-0.80266,-0.6638,0.91088,-6.3725,6.5521,-0.008418,-0.88608,-0.19633,0.21995,0.76914,-1.023,-10.968,3.7751,-7.689,1.8063,-0.002889,-1.9215,0.14019,-0.78059,-0.084935,-14.168,0.88783,-1.2925,-0.57081,0.020337,-2.0936,0.64879,0.42623,0.091319
9,9.9348,1.2695,0.38486,-0.95209,0.26337,-0.57153,-0.78683,0.20959,0.20842,8.4636,4.7911,0.021649,0.90595,0.14793,-2.4035,-0.65717,-0.48213,-0.034472,6.8589,2.6224,4.7932,-0.66814,-0.54349,-0.76274,-0.87054,0.23367,-0.17403,-9.437,-2.2288,1.3866,0.10176,0.30359,-0.06554,0.80253,0.13819,0.2656,-9.7759,0.48119,-0.62495,1.0741,-0.052427,0.44675,0.79199,-0.27863,-0.057915
4,10.525,0.35524,4.6547,-1.2347,0.069055,-0.44203,-0.70123,-0.033981,-0.55457,-0.93326,8.0107,5.0754,-0.068247,0.029541,0.43817,-0.16089,-0.7063,-0.69667,-1.7333,-6.06,6.8322,-0.31912,0.13497,-0.28448,0.050069,0.50047,-0.82509,-9.0974,3.166,-0.17876,-0.71191,0.18142,1.1247,0.45923,-0.31626,-0.20783,-12.68,-0.6315,-2.4948,-0.64856,-0.4138,1.42,0.55243,0.14713,0.29115
8,45.523,-3.1232,-0.25021,-0.78715,-0.14917,-0.16074,-0.80381,0.4204,-0.19069,33.506,10.27,-3.0113,2.184,0.89422,0.43941,-0.62349,-0.080388,-0.26439,33.224,2.1297,1.5776,-0.95485,0.79575,0.39709,-0.75028,0.27111,0.227,-23.635,-8.2771,-4.0653,1.8877,-0.23868,0.7005,0.52637,-0.24305,0.59991,-36.516,-2.3045,7.898,-0.55276,0.11869,-1.3348,0.60313,0.15276,-0.30951
8,25.787,-2.3072,7.2604,-0.044543,0.86165,0.21355,-0.47872,0.00556,-0.63412,25.543,-0.63044,6.5378,-0.88774,-0.47254,-0.63421,-0.51304,-0.38061,-0.38465,27.39,-1.1831,6.6056,-1.3683,-0.04822,0.97047,-0.5049,0.2955,-0.4451,-25.766,-4.9246,3.4193,0.62971,-0.61135,-1.5994,0.63359,-0.33824,0.046066,-23.446,7.3349,0.93279,-0.47826,-0.49551,1.3682,0.63573,0.24424,0.29482
5,9.7643,-0.85761,3.5884,-0.052665,0.062164,-0.053226,-0.61553,-0.097239,0.099297,6.671,5.6643,4.815,0.12511,0.045586,-0.16677,-0.88858,0.043031,-0.23471,5.4216,-6.2091,5.5947,-0.016414,0.28165,0.056468,-0.78324,0.18624,-0.65702,-4.0742,4.9345,-2.1617,1.0979,0.63144,-2.8245,0.43775,-0.50221,-0.13668,-1.4988,-10.303,-1.1682,0.58408,-0.35271,-2.2598,0.25174,0.50195,0.21974
0,12.993,0.6184,2.8015,0.26249,0.30757,-0.16881,-0.87044,0.0877,-0.56137,11.737,0.13184,4.2904,0.42613,-0.19575,-0.14686,-0.45955,-0.12586,-0.84915,10.806,-3.9136,2.4756,3.2974,-1.3695,-2.2731,-1.3781,1.351,-0.75669,-11.92,6.0122,-4.4119,0.66226,-0.21676,0.51916,0.69319,-0.015579,0.41251,-10.277,8.0866,4.1642,1.0957,1.1104,1.5657,0.73941,0.66774,-0.19147
6,9.733,0.66401,0.73746,-0.026136,-0.11121,0.16147,-0.76831,0.007138,0.38382,1.8087,0.90357,9.2778,-0.031228,-0.016164,0.049097,-0.49026,0.073892,-0.60063,0.34293,-0.97253,10.041,-0.10098,0.12744,0.11336,-0.44568,0.44548,-0.61796,-5.8795,1.8113,-0.7105,-1.6382,-0.61766,2.0645,0.70455,-0.21848,0.16471,-8.6108,-11.361,-2.5325,-0.21339,-0.4833,2.0522,0.62493,0.35798,-0.16949
4,7.4252,-1.4579,1.0526,0.27219,0.1643,0.32878,-0.76966,0.12703,-0.50637,3.2955,5.7957,5.2419,0.046757,0.38534,-0.28425,-0.41373,-0.69262,-0.80693,-2.9736,-7.094,6.0735,1.0817,0.036541,1.512,-0.062739,0.45213,-0.73754,-8.1362,2.7114,-1.937,0.4825,-0.013863,-0.89734,0.49509,-0.30734,-0.090834,-9.1719,0.15456,-1.4307,0.20847,-0.074982,-1.3636,0.5938,0.12225,0.22226
7,7.9904,0.12917,6.2201,-0.08699,0.4126,-0.039923,-0.36761,-0.058071,-0.88805,-6.0926,0.62297,8.1503,-0.23543,1.1944,-0.73143,0.85922,0.20308,-0.39983,-3.6141,1.3652,8.8793,0.21973,0.97296,0.6674,0.58181,-0.50634,-0.56499,-2.4217,9.9153,0.80042,-0.21042,-0.005871,0.076172,-0.22745,-0.88923,-0.26841,-1.219,-9.738,0.76669,-0.006992,0.054167,-0.15775,-0.38414,0.89254,-0.001452
1,8.8363,-1.6619,2.5444,0.43336,0.26784,0.14785,-0.85911,-0.014579,-0.68656,9.6039,2.1148,4.806,1.767,-0.57998,1.4652,-1.0528,-0.54133,-0.01594,11.214,-2.4446,1.1177,0.55331,0.95924,2.3613,-0.9199,1.02,0.93115,-10.958,-0.006868,-2.1144,0.16201,0.60106,-2.0666,0.30575,-0.55719,0.019816,-17.122,3.9986,-2.6754,0.71793,0.36072,-2.7913,0.61259,0.33877,0.13162
7,9.5857,-0.63532,1.6001,-0.02058,0.5155,-0.078583,-0.7347,-0.078388,-0.6155,3.4064,3.1774,11.088,0.20776,0.19969,-0.22806,0.17615,-0.30451,-0.86585,2.8769,0.83297,10.722,-0.025286,0.1856,0.034881,0.22997,-0.26218,-0.86608,1.7837,9.3507,-0.24716,0.14814,0.021158,-0.32618,-0.61453,-0.70246,-0.20914,2.6167,-9.5203,-0.02265,-0.077328,-0.053428,0.25959,-0.72262,0.63891,0.051655
6,9.5704,-6.0838,1.0374,-2.1793,-0.42192,0.37133,-0.94978,0.54998,0.26752,-1.3989,9.2812,3.6303,-0.07675,0.060373,0.01723,-0.48527,-0.7263,-0.60479,0.39028,-2.3596,9.3306,0.063194,0.063869,0.60068,-0.44843,0.58003,-0.68916,-1.8253,-2.0606,1.4214,-0.38447,-0.031957,1.5633,0.46962,-0.59441,0.21823,-9.8878,-16.803,-0.54598,0.26228,0.015239,0.60417,0.59727,0.32602,-0.4307
4,10.334,-1.3678,4.8767,0.79878,-0.34805,0.3418,-0.73293,-0.18926,-0.51584,-2.6954,8.8733,3.9723,0.84971,-0.74345,1.3566,-0.097485,-0.65501,-0.38218,1.5623,-7.6453,6.6045,-0.47701,0.18335,-1.1255,0.2236,0.48236,-0.83828,-15.566,-1.6019,0.35734,-0.22815,0.064806,-1.7629,0.6461,-0.18962,-0.11518,-9.9499,1.1846,3.2894,1.0004,0.055617,-1.9682,0.39086,0.39551,-0.050638
