4,11.341,1.0277,3.4206,-0.97604,-0.32584,-0.022428,-0.76563,-0.089571,-0.48771,-1.3164,6.3695,6.8592,0.24479,-0.066804,1.3541,0.14657,-0.8163,-0.98898,-7.092,-7.4469,3.9322,-0.16044,-0.33058,-1.0527,0.43474,0.44081,-0.61726,-8.7949,-0.85546,2.5293,-1.2282,0.33613,0.98618,0.46546,-0.21436,-0.16557,-11.756,-1.9359,-2.0112,0.62351,0.078372,0.94974,0.65223,0.2078,0.093171
8,14.43,7.5301,13.512,0.94514,2.1181,0.94928,-0.64577,0.011182,-0.002171,21.89,5.3872,-2.2374,-0.29453,-2.3308,0.6563,-0.49822,0.02856,0.098236,20.11,-1.199,1.2293,1.9166,-4.3289,-1.4758,-0.47537,-0.13068,0.10384,-43.73,-2.1915,-6.0027,-3.4085,6.9052,1.5596,0.45827,0.13178,0.086301,-40.471,-10.134,-5.6147,2.5154,3.7471,-1.0971,0.45666,-0.094581,0.1388
6,7.3727,-6.3966,2.1539,-0.021201,-0.058007,0.19764,-0.40809,0.8728,0.079442,10.616,5.5445,2.3151,-0.85771,0.29074,-0.74717,-0.77729,0.29381,0.12497,11.725,-7.3691,4.626,1.3022,0.13745,-0.53676,-0.66805,0.35575,0.37007,-12.181,3.7719,-2.7587,0.68097,-0.215,-2.3275,0.66062,-0.024509,0.24954,-6.5325,-9.5168,-0.22742,0.38761,-0.322,-1.676,0.59006,0.46418,-0.20913
4,6.3606,-0.84567,-0.88003,0.31095,0.31229,0.006836,-0.84129,-0.08394,-0.34161,6.2757,3.0195,8.0092,0.078576,0.44361,-0.74867,-0.35919,-0.71632,-1.0764,-5.3194,-8.7885,4.8786,0.35388,-0.12383,1.6115,-0.049561,0.55226,-0.63198,-7.5756,-0.32123,-2.676,0.53483,0.010039,-1.8529,0.57754,-0.24408,-0.027305,-8.2376,2.4517,-1.9969,-0.79503,0.4072,-1.4065,0.58533,0.176,0.21748
9,10.017,-7.1334,1.4445,-0.060851,-0.69143,-0.66673,-0.28439,0.70901,-0.54295,1.073,6.3884,10.604,-0.27913,0.15956,-3.9897,0.24864,0.10624,-0.85364,-14.503,-0.12046,-9.0692,1.5138,-5.003,-0.10937,0.65719,-0.14397,0.59836,-9.9876,2.6985,-2.3304,0.1555,0.20972,0.73713,0.52897,-0.66257,0.27106,-11.044,-0.030206,-0.62547,1.3119,0.094838,-0.63083,0.49199,0.76543,0.082099
5,8.0341,0.023543,6.2103,0.21507,-0.21457,-0.31626,-0.78666,-0.10303,-0.030774,4.5241,9.1046,-0.47489,0.076268,-0.19749,-0.23933,-0.79311,-0.30892,-0.1868,7.351,-4.2176,5.3162,0.088623,-0.17242,-0.25101,-0.98281,-0.0977,-0.65058,-7.6259,17.203,-1.0657,0.046577,0.10188,-1.7526,0.30356,-0.40238,-0.18512,-1.0504,-8.2079,-2.0644,1.2716,0.75418,-2.9085,0.12562,0.54263,0.20516
6,10.715,0.89371,3.0042,-0.20896,0.24866,0.27522,-1.0153,0.45549,0.16846,-1.9163,8.378,5.2061,-0.005854,0.05871,0.13348,-0.48824,-0.60442,-0.605,0.23693,-3.0765,9.7295,-0.073089,0.12472,-0.17847,-0.46905,0.64087,-0.67444,-10.976,7.0161,0.99175,-0.92952,0.12427,1.8335,0.60244,-0.32599,0.26669,-7.6747,-4.0975,-0.79136,-0.75446,-0.67461,2.2247,0.51132,0.54929,-0.31272
2,19.794,-3.0489,5.7136,2.4493,0.083729,0.95029,-0.69332,0.11591,-0.5677,6.3761,23.552,-8.8114,2.2917,3.0612,0.50313,0.018036,-0.57123,-0.24992,8.7334,-22.548,5.5826,1.0445,-1.9458,3.0358,0.056824,0.96593,-0.50697,-20.736,-4.8345,-6.6451,0.17643,-0.36386,-2.6577,0.61689,-0.53665,0.33162,-25.664,1.0244,1.3289,-1.132,1.223,-2.9812,1.0483,0.70951,-0.095312
8,-3.5235,-2.5854,3.9692,0.89046,1.1804,-1.0293,-0.64772,-0.005417,-0.20229,-9.3854,-2.2832,8.2699,0.77351,-0.68137,0.76126,-0.48274,-0.081786,0.16162,-8.9054,4.6357,2.8297,-0.017076,0.4548,1.4669,-0.50633,-0.10048,0.013285,1.166,11.355,3.8579,1.7716,-0.53848,0.073218,0.42757,0.25665,0.000216,4.56,-12.452,-5.3532,-2.4352,-0.32799,-0.37979,0.45526,-0.19486,0.020498
8,28.571,-2.6024,5.5326,-0.77458,-0.31688,0.11228,-0.75258,-0.33532,0.23993,22.729,5.7712,2.1107,-0.46222,-0.41039,0.21916,-0.65934,-0.009582,0.41211,23.078,-3.0138,0.83838,0.30617,-0.20029,-0.12968,-0.5517,-0.38023,-0.032983,-20.228,5.1659,-7.2039,-1.6891,0.16005,-0.58934,0.50157,0.067332,-0.38177,-21.335,0.80917,-4.735,-0.18376,-0.781,0.46672,0.44227,-0.31014,0.47768
2,0.70317,1.1892,0.18492,0.92107,0.84452,-0.14356,-0.85308,-0.014075,-0.52998,-7.5717,3.8242,2.506,0.64702,1.1111,0.31837,0.022054,-0.79107,-0.28341,5.1288,4.48,0.11283,0.85203,-3.1445,-0.80352,0.59682,0.85491,-0.33466,-3.8242,15.855,-0.93235,0.65986,-0.5238,-1.225,0.75697,0.024773,0.47048,3.2071,13.684,0.69215,-0.83741,-0.051083,0.55492,0.90251,0.61482,-0.36051
7,7.5841,-0.46312,6.3408,0.13817,-0.53213,0.16994,-0.31002,-0.025026,-0.90478,-5.1514,4.0268,8.0371,-0.80382,-0.079668,-0.45279,0.80955,-0.11887,-0.48384,-4.393,-1.1081,8.7922,-0.31247,-0.48467,0.0734,0.7064,-0.20071,-0.59766,2.2303,9.0574,-0.56981,0.070487,0.12914,-0.15498,-0.65515,-0.67529,-0.1804,3.5779,-8.706,2.3836,-0.017706,0.038852,0.085133,-0.78218,0.55279,-0.1148
4,9.3212,-0.25472,2.0971,-0.54353,0.14258,-0.054991,-0.7818,0.10619,-0.45242,1.8939,7.2229,6.4404,-0.008671,-0.15055,1.1378,-0.29859,-0.69566,-0.84495,-4.2804,-8.1956,6.4492,-0.30702,-0.51106,-0.9641,-0.028561,0.48874,-0.68183,-7.0525,2.3002,0.59143,0.48466,0.1972,-0.51644,0.45929,-0.30547,-0.17447,-9.819,-1.4478,-1.6552,0.48897,-0.19479,0.43424,0.58576,0.035525,0.28861
2,2.8993,-4.5657,0.73893,-1.9785,2.7132,-0.41296,-0.78989,0.1027,-0.76165,7.6303,-0.50437,-3.2491,1.9624,-2.5047,0.45556,0.56133,-0.64102,-0.65843,-6.2587,0.54219,-0.054034,-0.1283,1.0275,-0.46582,0.54341,0.93181,-0.62588,7.6992,4.1991,4.9311,-1.1829,0.31495,-0.62809,0.17161,-0.64357,0.19299,-8.678,-13.857,2.9365,0.50498,-0.084948,2.1117,0.73962,0.19689,0.005717
0,12.791,-2.0658,2.2684,-0.38392,0.010587,-0.36901,-0.77968,0.057464,-0.57639,10.303,5.9295,1.8446,-1.439,-0.81776,0.46837,0.33511,-0.5608,-1.8715,1.885,-10.215,3.4598,2.0433,0.062586,-3.8106,0.45879,0.99104,-0.29009,-12.372,3.0368,-3.2775,0.53288,-0.21855,-0.31185,1.0468,-0.06012,0.29886,-9.9994,1.4874,-4.5898,-2.0982,-1.108,0.11446,0.85457,0.93047,-0.39046
2,0.074043,0.41731,0.1939,1.2094,0.32472,0.061693,-0.89834,0.022748,-0.47093,-6.6109,5.3143,2.3349,-0.042027,0.88132,-0.20947,-0.047994,-0.80093,-0.24671,5.0786,5.6745,-0.14646,0.21614,-3.1497,-0.36611,0.59558,0.91682,-0.30749,-7.1014,12.372,-0.7564,0.32177,-0.60084,-2.1032,0.71423,-0.062477,0.455,4.264,14.464,-2.5767,-0.47136,0.66444,0.30847,0.83883,0.65218,-0.29115
6,9.5044,-0.51064,0.89993,-0.29004,0.048617,0.52019,-0.86738,0.33175,0.34654,3.2502,0.99928,9.2391,-0.031769,-0.3124,0.079941,-0.91749,-0.022696,-0.65945,1.0042,-1.1296,9.6317,-0.062204,0.25649,0.007721,-0.57265,0.54008,-0.75123,-5.9152,5.6352,-0.26514,-0.45599,-0.36664,1.806,0.59026,-0.47541,0.22694,-9.0782,-9.0122,-4.3002,-0.47341,-0.36008,1.5724,0.68859,0.41053,-0.12525
1,11.729,2.212,-2.3569,0.34111,0.65396,-0.17237,-0.91267,-0.016049,-0.43398,11.666,4.8804,3.8477,0.81939,-0.16099,0.27313,0.25069,-0.43046,-1.4773,13.71,-2.2223,4.3465,0.8839,-1.4839,-1.7575,-0.66717,0.97144,-0.26956,-11.906,4.4757,-1.1427,-0.30569,-0.11788,2.2557,0.77959,-0.03733,0.38728,-12.519,-0.082794,-2.9932,-0.88247,-0.23961,2.0306,0.80426,0.74537,-0.13707
7,10.056,-0.56298,2.0685,-0.004144,0.13531,-0.069563,-0.76487,0.01094,-0.61151,6.1279,4.3428,8.0907,0.135,-0.029575,-0.16821,0.084569,-0.353,-0.87617,4.9752,-2.9958,9.4602,0.143,0.074241,0.27695,0.12536,-0.004511,-0.9409,-0.81482,10.788,-4.4746,0.81103,-0.53364,-1.0004,-0.34945,-0.88988,0.13431,-0.5549,-9.2709,-7.377,-0.70854,-1.0848,0.87993,-0.4124,0.72498,0.50105
4,6.7217,0.71706,-1.0693,-1.5901,0.90562,0.31123,-0.99329,-0.080796,-0.28113,-9.175,8.6535,0.51727,-0.57022,-0.83103,-3.1219,-0.070076,-0.71779,-0.33606,3.5792,-5.427,7.6173,0.50743,0.55779,2.5494,0.32966,0.7605,-0.74548,-9.3108,4.9403,-0.51268,-0.1037,1.3787,2.4923,0.47047,-0.40985,-0.021063,-8.4112,-5.326,-1.6475,0.39629,0.15069,2.0794,0.41913,0.41503,0.1451
3,-11.976,6.7153,3.4428,-0.074181,-0.36019,0.065324,0.69162,-0.23278,-0.71054,7.8362,5.7199,-4.2704,0.10255,0.38905,0.12338,-0.23294,-1.0184,0.5063,5.3245,-7.9434,6.2902,-0.026548,0.024751,-0.22523,-0.1616,0.56968,-0.48006,-11.644,3.488,0.98974,1.5023,0.73704,-0.60338,0.65329,-0.53355,-0.47764,-13.211,-0.59991,-2.0969,1.1443,0.035806,-0.66827,0.68465,0.31517,0.63683
9,8.2186,-1.3025,-3.822,-0.85002,0.38711,-0.23278,-0.77287,0.67054,-0.030111,4.8699,6.9558,0.86847,-0.32091,-0.60327,0.053491,-0.18329,-0.81594,-0.53214,-1.1572,-0.99335,1.948,1.4017,0.70877,1.2799,0.3133,0.83246,-0.4775,-9.2975,-0.24596,-3.2078,1.5977,-0.032018,-0.35287,0.61802,-0.30023,0.82602,-10.866,-1.1968,-1.6261,0.51258,1.0185,-1.6729,0.80296,0.40287,-0.52883
6,9.5769,-0.9779,0.88252,-0.20752,-0.05804,0.35659,-0.85566,0.3294,0.3821,3.3737,0.75659,9.3114,0.013499,-0.26842,0.066302,-0.94022,-0.010209,-0.63633,0.78966,-0.86122,9.3889,-0.10458,0.20829,-0.013656,-0.56791,0.54468,-0.74891,-5.8615,6.4042,-1.1803,-0.89645,-0.19711,1.8434,0.60253,-0.45682,0.22708,-8.5475,-9.8803,-4.3698,-0.15239,-0.38368,1.4645,0.68839,0.4163,-0.12123
5,6.894,1.3505,6.9529,0.11452,-0.029641,-0.10157,-0.6546,-0.21199,-0.080102,5.1603,7.4899,-4.0215,-0.010403,-0.016178,-0.10332,-0.78066,-0.27117,-0.10904,6.3338,-7.4098,1.141,0.03421,-0.052693,-0.043033,-0.94758,0.28478,-0.61543,-6.5889,13.573,3.0679,0.10748,0.5444,-1.4775,0.34493,-0.42061,-0.30858,0.50346,-6.734,-4.0682,0.13527,0.79897,-1.5646,0.21075,0.44326,0.33889
9,9.5679,0.15451,2.0981,0.4172,-0.89375,0.22602,-0.75962,0.29653,0.19418,10.523,7.0013,-1.8462,-1.928,0.015113,-1.5382,-0.82938,0.053975,-0.060458,21.19,18.483,-4.3674,-2.8304,-6.3495,-4.0957,-0.86577,0.14805,-0.27944,-10.188,2.8619,1.1706,1.6547,-0.19242,0.12442,0.81816,0.12094,0.22041,-9.8043,1.6031,-0.98845,-0.39699,0.31014,-0.27084,0.78064,-0.29815,-0.092352
1,9.5246,1.4889,1.8677,-0.62072,0.33478,0.078956,-0.67504,0.003234,-0.55112,11.007,1.1114,-0.94562,-0.87996,0.74031,-0.85574,-0.28539,0.40702,-2.0339,9.834,-2.2307,3.8133,-1.2992,-0.61876,-0.29685,-1.3387,0.52382,-0.17981,-12.194,-3.3005,-1.5712,1.2105,-0.16758,2.782,0.66636,-0.54069,0.26325,-11.359,-1.1462,-1.857,-1.0502,-0.20004,1.6578,0.9967,0.76109,-0.059209
5,8.2889,0.33427,6.7385,0.47063,0.055403,0.055958,-0.65907,-0.14103,0.066242,4.2511,6.8818,5.0403,-0.29382,-0.30055,0.056455,-0.84436,-0.44434,-0.24917,5.1518,-6.5985,6.3799,0.50598,-0.31328,0.062723,-0.73296,0.24033,-0.6846,6.7191,-2.8749,0.97576,0.26245,-0.093432,0.98781,0.26705,-0.51694,-0.40357,-5.2788,-15.824,3.1749,0.50208,0.24021,-0.79109,0.41943,0.23525,0.090686
0,7.0347,-0.2075,3.0518,0.37045,-0.043979,-0.11634,-0.66061,0.01883,-0.60731,6.8634,5.1123,0.84384,-0.04305,-0.46023,1.3565,-0.39338,-0.58832,-0.69117,8.7349,-2.5031,1.2815,-2.0351,2.0696,2.1309,-0.89117,0.95342,-0.84187,-9.3569,1.1443,-1.1561,-0.21845,-0.16505,-1.0459,0.67829,-0.40005,0.3173,-5.8333,4.7818,-0.41439,1.3631,0.3404,-0.38964,0.77295,0.86681,-0.32789
9,7.1786,0.42352,4.5352,0.19065,0.12893,-0.32136,-0.73884,0.28335,-0.241,-1.3774,8.8055,-3.5927,0.68703,-2.075,-0.39916,0.16935,-0.78344,-0.14994,10.015,-0.48007,4.9926,-0.56884,2.3921,1.6321,-0.80366,0.28714,-0.22776,-9.1157,2.5479,-1.4937,0.018944,1.0806,0.77523,0.75841,-0.26092,0.19678,-9.0283,0.21689,-2.5658,-0.79836,0.79212,0.20153,0.81917,-0.074131,-0.12475
9,6.9922,1.4356,2.8592,0.22567,-0.49996,0.29698,-0.74244,-0.42373,-0.058536,8.8339,0.40297,0.040086,1.2332,2.235,-4.1335,-0.46797,-0.65077,-0.22517,8.0358,-1.0982,-0.27486,0.41428,2.3019,3.3238,-0.4548,0.094693,-0.69326,-8.0121,2.5219,2.0177,1.0779,-0.40899,-0.70393,0.63775,-0.059848,-0.32644,-9.2347,0.84615,-1.4195,-0.89019,-0.41245,0.053535,0.63655,-0.077847,0.54592
8,2.3671,-0.66981,1.7443,0.19559,-0.29899,-0.068784,-0.59696,0.44651,-0.34742,1.8339,2.8436,1.6089,0.57201,-0.14786,-0.32083,-0.38981,-0.30762,-0.61218,1.4645,-3.4465,-0.7523,-0.69734,-0.3036,0.004308,-0.57467,0.16755,0.44488,0.02777,2.936,-0.18094,0.49874,-0.038359,0.85354,0.52304,-0.10617,0.43569,0.58356,-2.5916,-0.94001,0.10674,-0.35672,-0.75082,0.50479,0.23464,-0.33915
5,7.9349,0.91002,6.5102,-0.091559,-0.035897,0.1599,-0.65503,-0.20692,-0.071366,4.7742,7.7714,-4.2366,-0.045764,0.004335,0.13889,-0.73735,-0.29459,-0.16313,6.4174,-7.5026,1.3603,-0.10511,0.078776,0.15854,-0.90078,0.33534,-0.66126,-4.0963,11.727,2.9869,0.2487,-0.73304,1.5139,0.2935,-0.46432,-0.34949,-0.53711,-8.5046,-5.4781,0.24705,-1.3976,1.7031,0.2035,0.37803,0.38404
7,8.342,-1.1828,4.6272,-0.019397,-0.41951,-0.079158,-0.53746,0.15951,-0.86361,-1.7638,-1.5507,7.4221,0.24741,-0.27415,0.27028,0.62415,0.53467,-0.54128,-4.3832,0.51365,6.7382,-0.060905,-0.28385,-0.38056,0.71088,-0.41362,-0.54401,0.38554,9.8374,0.60543,-0.12463,0.027754,0.49672,-0.55182,-0.78745,-0.1795,1.2547,-9.6436,-1.148,-0.16621,0.066914,-0.51951,-0.62757,0.7461,0.11364
6,9.9531,2.8138,0.13156,-0.16846,-0.11706,0.20347,-0.71307,-0.10135,0.46244,-0.010223,2.696,9.7434,0.34809,-0.093749,0.073651,-0.40814,-0.054189,-0.66234,0.56797,-1.2215,9.8796,-0.10716,0.021905,-0.014006,-0.49469,0.44605,-0.59489,-10.484,4.3973,-1.5253,-0.003226,0.11753,1.1936,0.66126,0.053865,0.19977,-4.6184,-8.0569,-1.7121,-0.35617,0.18869,1.8289,0.52145,0.5683,-0.16567
1,5.3252,0.16459,3.0674,-0.2357,-0.1692,-0.002869,-0.84094,-0.049241,-0.70429,6.2409,1.8647,1.5324,0.032249,1.0387,-1.2317,-0.70246,-0.69816,-0.475,5.5822,-4.5858,3.0012,-0.16728,-0.27494,-0.10711,-1.4791,-0.049372,0.65935,-7.414,-2.9831,-0.8994,-1.2583,-0.30438,2.7009,0.21287,-0.50642,0.14361,-9.7132,-1.0333,-0.88869,-1.2237,-0.21329,2.1261,0.61259,0.33542,0.1274
0,12.592,-1.8194,3.9951,0.47693,0.43543,0.2935,-0.79491,0.016607,-0.93307,11.598,2.8886,3.0182,0.87397,-1.06,2.1995,-0.5788,-0.79148,-0.68218,13.407,-4.0549,3.5759,0.83364,0.23717,0.44996,-1.3587,2.1266,0.53188,-9.6988,-5.5277,-1.4724,-0.085398,-0.56059,-0.78846,0.18703,-0.81931,-0.001411,-13.405,-6.9593,0.47841,-0.97666,-0.24709,-1.4733,0.77767,0.18699,0.33222
8,-4.6067,-0.14159,-0.79194,-0.14618,0.2636,0.25468,-0.73766,-0.3035,-0.32217,-2.1429,-3.0294,1.3845,0.31632,-0.4253,-0.29401,-0.36079,-0.61832,0.38011,-3.5708,2.6656,-0.86293,-2.9243,-0.039007,0.7556,-0.44606,0.14045,-0.64062,4.4264,5.5931,1.5411,-1.0313,0.74681,0.12199,0.47188,-0.29971,-0.49716,0.045033,-3.1664,1.8182,-0.74367,0.31608,0.15562,0.49186,0.15684,0.59564
3,9.318,0.28309,-0.34164,-0.029804,-0.024774,0.18749,-0.84647,-0.22046,-0.37318,5.3597,7.1161,3.4866,-0.11935,0.39935,-0.78449,0.53809,-0.79362,-0.26906,8.6369,-3.2559,2.8672,0.41713,0.10354,0.90306,-0.35195,0.37503,-0.53329,-9.4599,5.8435,-2.518,-1.4488,-0.099958,1.0682,0.83673,-0.59757,-0.15044,-10.19,1.0375,-0.59907,-1.0428,-0.28734,0.65377,0.72998,0.089336,0.59977
5,7.4838,0.10333,5.8196,-0.20623,-0.044176,-0.036807,-0.77575,-0.11278,-0.017039,4.0833,8.5476,0.3634,-0.006244,0.27941,0.14982,-0.78909,-0.32033,-0.21988,7.7434,-2.8444,5.0296,0.11018,-0.15213,0.031926,-1.0014,-0.14178,-0.62598,-4.7468,15.321,-0.24019,-0.2211,0.64295,1.1786,0.30194,-0.40619,-0.17071,4.0614,-3.0498,0.56245,-0.91061,-0.56841,1.703,0.10266,0.55575,0.18048
7,9.402,0.24055,2.9138,0.15075,-0.78372,-0.32494,-0.54754,-0.14647,-0.76973,2.2594,10.448,-1.7758,-0.69115,1.1043,0.88238,0.50865,-0.79558,-0.02694,3.1917,-4.0059,7.5208,0.11963,-0.60785,-1.4313,0.34938,-0.033176,-0.89668,1.803,7.4027,4.2319,-0.052506,-0.000934,0.24517,-0.70092,-0.55486,-0.36235,0.27689,-9.3275,1.7212,0.15739,-0.060152,-0.1969,-0.57518,0.78185,-0.045346
6,9.6183,-4.5634,2.7436,0.56974,0.30125,-0.25134,-0.95147,0.52412,0.26519,-1.0898,8.3308,4.9337,-0.034411,-0.32727,0.12808,-0.51518,-0.5812,-0.62498,0.57099,-2.9612,9.3754,-0.027584,-0.26705,-0.28156,-0.4427,0.6593,-0.65766,-12.093,5.5651,-0.8525,-0.39314,-0.33828,-3.0144,0.57546,-0.36724,0.30668,-8.3797,-8.8713,-1.6543,0.52237,0.61002,-2.1272,0.57227,0.47334,-0.30878
5,9.3463,0.20041,2.5894,-0.1827,-0.061482,0.15013,-0.5828,-0.21451,0.14979,2.4827,0.88235,9.5874,-0.12834,-0.15299,0.047051,-0.26681,-0.16415,-0.24613,1.2351,-1.2891,9.384,0.004043,0.071304,0.025202,-0.63514,-0.13495,-0.51036,5.5159,4.7129,-0.41324,0.21194,0.027691,0.058038,0.1325,-0.62768,-0.28101,-2.3052,-12.045,-4.0872,0.22867,0.11997,-0.11943,0.42531,0.28458,0.28133
3,8.2108,-2.7499,0.86946,0.38349,0.21377,0.2555,-0.88366,0.043939,-0.46044,4.8427,2.441,7.4434,0.23509,0.87137,-0.73831,0.33877,-0.43339,-0.24978,4.6802,-7.0091,4.8655,0.087006,0.42887,0.63948,-0.10607,0.52433,-0.55168,-9.3646,-0.19222,-1.5746,0.37794,-0.2152,-0.92623,0.92207,0.08672,-0.4069,-8.1757,-3.168,-2.8372,0.30093,0.3283,-0.9264,0.67502,0.54782,0.65986
4,9.0244,1.0735,6.3806,1.4687,-0.32163,0.55127,-0.80295,-0.11054,-0.61073,-12.463,12.794,-4.1268,0.72955,1.6846,2.7093,-0.11841,-0.77316,0.000904,5.0583,-7.9685,9.9989,-0.42178,-0.52506,-3.4807,0.14171,0.60216,-0.8848,-10.56,9.6291,1.1762,1.0023,-0.34688,-0.76284,0.67354,-0.12427,-0.17009,-4.8481,-4.2034,-0.27594,0.45078,0.23706,0.796,0.37926,0.43176,0.02429
6,9.663,-1.3819,-1.0132,0.35496,0.10618,-0.23074,-0.92697,0.48361,0.40938,-2.3028,6.2683,7.0117,-0.037044,-0.004255,0.11822,-0.37305,-0.39642,-0.82773,-1.4812,-2.4417,9.7911,0.11418,-0.055292,0.02681,-0.37675,0.57969,-0.72071,-4.8379,7.7204,-2.46,0.81681,-0.36813,-1.9018,0.39579,-0.56469,0.3632,-6.1865,-9.5965,-2.8198,0.25786,0.3313,-1.4872,0.52506,0.66917,-0.24065
5,9.5724,-1.9672,1.94,0.060267,0.046441,0.015371,-0.62148,-0.18952,0.16034,1.4142,6.043,7.6324,0.033437,0.049586,0.025641,-0.22958,-0.50126,-0.18769,0.9925,-2.558,9.6142,-0.056791,0.018204,0.021224,-0.44189,-0.1258,-0.59639,-0.56569,7.1148,-0.30723,0.68065,0.14679,-1.5708,0.22185,-0.58318,-0.2731,-1.6851,-10.089,1.513,0.60846,-0.28489,-1.2565,0.22989,0.48403,0.13945
2,1.0342,-1.8108,-0.2992,-1.0768,0.6537,0.15663,-0.87268,0.1514,-0.49766,3.3488,-2.3391,1.5002,-0.18651,-1.5459,-0.31067,0.32254,-0.69131,-0.42677,-9.2385,1.7754,1.6281,2.3876,0.61791,0.43099,0.025959,1.1549,0.002254,6.29,-14.165,-1.4651,1.2313,-0.43165,-0.67878,0.56084,-0.47043,0.50735,-5.6766,-14.797,0.46653,-1.0961,0.023702,2.4043,1.0295,0.19546,-0.067173
7,7.4715,-0.50687,4.7593,0.36443,-0.14197,-0.20988,-0.48268,-0.017203,-0.83372,-3.628,7.3793,-1.7625,-0.21449,0.88498,0.80487,0.70563,-0.62989,-0.14901,-2.3742,-4.0592,8.3275,0.74699,-0.44573,-0.93904,0.51763,-0.085475,-0.81376,0.87387,8.9907,3.6941,0.19538,-0.10805,0.63754,-0.58065,-0.6706,-0.38054,-0.67431,-8.9421,1.5433,0.25371,-0.095421,-0.72968,-0.42432,0.87348,-0.005802
8,21.078,-1.9161,7.265,0.30173,1.3614,0.53646,-0.48126,0.013868,-0.6287,24.159,-1.7022,11.069,-1.418,-1.1682,-0.13593,-0.51792,-0.41821,-0.33407,23.586,-3.7704,7.9212,-0.21387,-0.522,0.48112,-0.52405,0.31605,-0.40688,-24.338,-1.3799,-2.9126,1.6129,-0.74433,-1.9472,0.65077,-0.31705,-0.001405,-25.455,0.6271,3.7591,-0.016194,-0.47165,1.9397,0.64893,0.25429,0.28085
2,20.515,-2.2776,-3.0792,0.57625,0.29901,-1.078,-1.1923,0.13343,-0.39613,-8.5303,33.181,1.1908,-2.8352,-3.0448,-7.6263,0.38951,-0.73168,-0.55567,-2.5622,-28.755,6.7934,-2.0225,1.0212,-4.6049,0.59157,0.96627,-0.65252,-22.381,-0.61804,-7.3753,-2.7232,2.2192,3.7301,0.27164,-0.69971,0.34206,-15.11,20.434,-3.4753,-1.1728,0.27709,0.92371,0.36012,0.65639,0.2493
0,10.461,-1.6301,5.108,-0.40631,0.16184,-0.10013,-0.7608,0.20552,-0.62876,4.3331,10.229,-1.2532,0.028587,0.12141,-0.046908,-0.49332,-0.57841,-0.41362,5.1078,-4.8392,7.4125,-0.12453,0.045407,0.28884,-0.08855,0.6832,-0.93359,-10.463,11.598,-2.4492,3.3119,1.2135,-1.2983,0.49605,-0.73964,-0.11608,-11.905,-2.3844,-1.3456,-1.8276,-0.57988,0.85102,1.2004,0.16943,-0.071528
2,12.316,0.28612,3.7837,-1.7172,0.14915,-0.10704,-0.71527,0.048367,-0.549,9.6016,8.4027,-8.1779,-0.01098,-2.7635,-0.71174,0.10366,-0.65913,-0.12082,-1.8857,-12.61,4.8195,-0.60208,1.3128,-1.3014,0.00611,1.0578,-0.23985,-8.6134,-8.8047,-1.9549,-0.89741,1.5171,0.39527,0.40463,-0.70112,0.26682,-18.697,-5.912,-0.78778,-0.96261,-1.4878,2.6513,1.1064,0.50083,-0.048109
4,7.5986,0.5322,2.7328,1.2925,-0.015439,0.63318,-0.68674,-0.12461,-0.59208,1.4507,5.4594,7.1766,-1.0117,0.2471,-1.1321,-0.063838,-0.7311,-0.97705,-7.0614,-6.5266,4.0706,-0.46992,-0.78963,2.0179,0.37878,0.56588,-0.59634,-10.395,2.3211,-0.74976,-0.52083,0.40991,-1.8222,0.52989,-0.27198,-0.15663,-13.571,0.16037,-0.081569,0.20624,0.000959,-2.8791,0.52835,0.30281,0.002705
5,9.421,0.010757,2.7313,-0.27005,-0.23827,0.11892,-0.84092,-0.26666,0.032234,-1.6523,6.8673,6.8785,0.020315,0.011729,-0.0023,0.3202,-0.65937,-0.046374,-0.074422,0.039335,9.7164,-0.02602,0.008643,0.02657,-0.57281,-0.18093,-0.63646,7.5974,-1.061,4.7861,-0.25417,-0.29466,-0.19084,-0.19538,-0.70289,-0.31188,-0.44431,-13.958,-3.5083,-0.048043,0.34596,-0.61038,0.26381,0.29879,0.43526
1,9.6282,0.12212,5.0623,0.079973,-0.25797,0.11429,-0.87435,-0.018324,-0.66526,6.7673,1.5697,1.3666,-0.17878,0.03329,0.17143,-0.51948,-0.75642,-0.62406,10.11,-5.0157,3.7912,0.1234,0.009122,-0.25688,-1.0642,-0.13218,0.83103,-6.8819,5.047,-1.4527,-1.1437,-0.06102,0.95,-0.010473,-0.57324,0.094224,-10.449,-1.3528,-2.5457,-0.58397,-0.21006,1.2294,0.71237,0.11154,0.14872
8,3.9007,1.9457,-3.091,-0.11927,-0.34949,-0.31893,-0.58905,0.29363,0.46396,1.5532,2.0577,2.1538,-0.93151,-0.32684,0.05511,-0.62009,0.22482,-0.20379,0.51476,-2.7222,2.3293,0.063136,-0.78088,0.24185,-0.78638,0.14865,0.18796,-6.5611,2.9653,2.4344,0.093414,0.24848,1.6418,0.58286,0.091355,0.62844,-7.6683,-9.0609,3.1531,0.59967,-1.116,-1.5916,0.63045,-0.25225,-0.24747
0,9.8606,-0.12279,3.304,-0.2662,0.13689,-0.27711,-0.67458,0.010557,-0.58974,8.7265,5.0304,1.7572,0.015739,-0.12142,-0.074593,-0.55373,-0.53265,-0.82368,6.8215,-1.8769,1.8747,-0.14671,0.56952,0.65451,-0.30322,0.98528,-0.87204,-11.147,3.0037,-1.6163,1.0575,-0.14996,-0.7822,0.77626,-0.28181,0.32416,-12.571,-31.12,-18.623,2.2765,1.691,0.38401,0.87941,0.82915,-0.18283
1,8.4189,0.656,1.7119,-0.11711,0.00235,0.1681,-0.75266,0.008463,-0.45302,3.0677,8.561,2.5535,0.052144,0.10286,-0.4987,-0.30295,-0.29462,-0.554,3.5821,-5.849,6.6619,-0.27247,0.52456,0.53468,-0.09269,0.89529,-0.80711,-4.077,-3.8309,-0.34454,-0.0084,0.15337,0.3264,0.33062,-0.74981,0.29235,-9.3356,-2.022,-2.5171,-0.59024,-0.14896,0.96129,1.0804,0.49782,-0.013854
2,9.2562,1.1399,1.9217,2.7933,0.96332,0.12304,-1.0928,0.11946,-0.56186,-5.627,11.481,1.4878,0.95063,2.4625,1.8314,0.071414,-0.84607,-0.19176,3.9256,-2.1521,1.3789,-0.35605,-0.23128,1.8549,0.54214,0.88978,-0.75888,-12.964,10.565,-0.041184,1.2116,-2.1388,-3.3711,0.65425,-0.28722,0.4214,-6.6348,4.816,3.8873,1.0512,-0.051389,0.36665,0.36427,0.63747,0.21741
5,5.3327,1.1365,8.3155,-0.014505,0.31991,-0.000915,-0.59426,-0.26961,-0.23915,0.19726,8.5514,3.7433,-0.028207,-0.042264,0.057389,-0.2669,-0.49814,-0.007619,0.45475,-3.8219,9.2165,-0.25984,0.030605,0.037431,-0.50387,0.066029,-0.60516,2.6444,2.8713,0.95062,-0.34941,-0.22334,1.5981,0.19992,-0.55225,-0.39965,-4.2045,-15.169,-5.8231,-0.20709,-0.60109,0.90016,0.3491,0.29252,0.25259
1,12.853,0.09478,4.2165,0.20991,0.32956,0.29149,-0.87197,0.006261,-0.7282,11.924,2.0395,2.578,0.92281,-0.60423,1.2317,-0.54199,-0.67045,-0.21818,12.963,-3.9745,2.5073,0.22246,-0.15562,0.3955,-0.3751,1.2541,1.3264,-4.4439,-7.7407,-0.29516,0.99756,0.86342,-1.1721,-0.06614,-0.66133,-0.080411,-11.974,-6.5044,-1.7275,-0.23389,-0.17228,-0.87657,0.69966,0.056653,0.12533
8,3.6864,2.2254,-3.3971,-0.50109,-0.76936,-0.010459,-0.82299,0.38965,-0.22643,1.9071,-1.4465,1.0475,-0.16554,-0.28421,-0.045305,-0.62373,-0.13938,-0.2984,2.5696,1.2983,-0.57881,-2.4695,0.48191,-0.19333,-0.7871,0.25695,0.060123,-2.9232,6.5675,0.44641,-0.71778,0.119,0.11251,0.68958,-0.034404,0.50018,-1.5139,-4.3897,1.799,2.6879,0.3397,0.62921,0.634,0.044304,-0.33937
8,6.6672,0.27267,-0.85054,-0.006833,-0.44811,-0.094711,-0.77507,-0.36705,0.15948,6.564,4.2301,1.8203,0.002724,0.26034,-0.39914,-0.64444,0.20912,0.39517,5.2265,-5.246,2.9688,1.9451,0.34618,-0.68836,-0.58335,-0.37333,-0.14276,-8.1378,1.1826,0.3298,0.13961,-0.23643,-0.4874,0.44416,0.12489,-0.50268,-8.1037,-3.3682,-0.94885,1.1296,0.16892,0.46052,0.40331,-0.38683,0.49112
5,7.6697,1.3372,6.3101,-0.22414,0.16304,-0.138,-0.62459,-0.20246,0.039825,6.2179,5.9967,4.5181,-0.029815,-0.14479,0.018474,-0.91944,-0.31732,-0.12705,7.6716,-4.3591,4.5025,0.2251,-0.083211,0.092042,-0.91824,0.083543,-0.5515,4.5715,2.3662,2.1253,0.26872,0.010349,0.60515,0.23809,-0.54538,-0.38091,-4.5614,-8.7828,2.1808,-0.63925,-0.24562,-0.21342,0.38853,0.26652,0.10071
4,7.1985,-1.976,1.3464,0.68748,-0.13418,0.27221,-0.74436,0.16103,-0.558,4.1256,5.7839,6.6058,-0.1224,0.40914,-0.10812,-0.44789,-0.7238,-0.79542,-3.2132,-6.8631,6.6037,0.75211,-0.55596,1.1818,-0.18169,0.41647,-0.72901,-8.2982,2.1966,-0.34263,0.11519,0.14378,-1.0044,0.47888,-0.30904,-0.11848,-10.033,2.517,0.17478,-0.33053,-0.089275,-1.696,0.58062,0.13165,0.2307
2,8.7668,1.311,1.6694,-1.6392,-0.413,0.15097,-0.82712,0.18874,-0.50655,3.5219,4.2693,-0.32034,0.86125,-1.2609,-0.90466,0.32358,-0.56756,-0.43587,-0.12631,-5.3486,1.7122,-0.16585,0.43056,-0.30525,-0.39394,1.0496,-0.23239,-4.8329,-8.2127,0.25426,-1.3978,0.23986,2.4664,0.81519,-0.41135,0.38448,-17.041,-9.0249,2.6417,0.36334,0.35487,3.4786,1.1256,0.56568,-0.08834
0,10.951,2.3599,1.2047,-0.15423,0.87812,-0.099141,-0.8516,-0.31562,-0.63805,4.8384,7.1492,7.227,-0.11056,-0.60517,0.45142,-0.40103,-0.87475,-0.61797,6.1525,-3.8502,5.7882,0.27699,-0.38663,-0.68619,-0.39874,0.81048,-1.2091,-13.108,-5.9921,-1.6513,0.9274,-0.41229,1.7191,0.52536,-0.46265,0.088276,-10.654,12.784,-2.3361,-0.87293,0.5244,1.4528,0.28749,0.68017,0.15761
6,8.6595,1.1153,2.3359,0.2052,-0.080625,-0.30333,-0.86746,0.30926,0.15662,-0.47858,4.8366,7.7203,0.11006,0.11871,-0.31578,-0.44859,-0.11373,-0.77438,0.2099,-1.5991,10.039,0.096879,-0.21557,0.037578,-0.36751,0.5203,-0.64811,-10.722,8.2108,-4.3699,1.3388,-0.60452,-2.0913,0.52961,-0.15679,0.38934,-6.2085,-7.1423,-0.80399,-0.28207,-0.017454,-2.2997,0.51562,0.46191,-0.36064
2,21.562,-2.4594,4.3963,0.97309,3.0176,0.40434,-0.68733,0.21126,-0.56778,-0.61543,10.284,8.6864,-0.69266,-0.37709,0.31352,-0.030451,-0.15948,-0.67677,1.7511,-6.9528,9.1923,0.59006,-0.43818,-0.78467,0.44652,0.70041,-0.77805,-17.411,2.9012,-9.1382,-0.62162,-1.8432,-3.1533,0.51613,-0.63072,0.43911,-25.861,4.2237,-5.7961,-1.4088,-0.98442,-3.9369,0.90922,0.60811,-0.15397
3,7.2886,2.1534,0.89548,0.29763,-0.11373,0.12974,-0.68436,-0.15527,-0.63939,7.1755,1.8232,6.3558,-0.90068,0.027365,1.9555,0.13409,-0.82535,-0.5098,6.8061,-4.7766,4.9173,-0.35978,-0.76273,-0.37657,-0.15477,0.40439,-0.65701,-5.4417,-0.62209,-0.45651,0.38806,-0.2116,-1.5447,0.88933,-0.25823,-0.34059,-11.929,-4.1317,0.6168,0.12971,-0.49779,-2.4749,0.85307,0.359,0.2774
2,8.8586,-0.36417,3.8785,1.9906,0.6908,-0.091072,-0.71234,0.089982,-0.57551,2.5724,5.4907,5.0081,-0.3554,-0.96448,1.9596,-0.075361,-0.16958,-0.6696,3.1149,-4.4545,5.2293,-0.1376,-1.912,-1.5526,0.23525,0.76465,-0.87117,-17.878,-0.11475,-0.13038,1.5972,-1.2531,-4.2015,0.69597,-0.4436,0.3994,-10.144,3.5956,-3.651,-0.82902,0.4314,-1.0023,0.6663,0.80855,-0.14876
2,7.449,0.95756,5.2254,-2.0016,-0.035364,-0.30927,-0.9016,-0.12086,-0.82167,-2.9058,14.085,2.0604,-0.55353,-1.5249,-2.2956,0.48079,-1.0506,-0.36698,4.7466,-8.8152,2.4663,-0.26397,1.1992,-1.1366,0.34374,1.0221,-0.84909,-10.31,-1.3367,-4.9007,-0.75553,0.11905,1.8782,0.62911,-0.42336,0.27893,-22.092,1.3496,-4.5473,0.54534,0.68234,-0.2652,0.32384,0.69434,0.36298
8,11.154,-2.4799,-0.57295,2.3039,1.4184,0.021645,-0.59718,0.42084,0.3924,9.5428,2.3563,7.2578,1.2397,-3.5281,1.1754,-0.52066,0.016422,-0.48355,11.483,0.16528,4.4583,-0.89062,-1.3159,1.0511,-0.77769,0.33398,0.045259,-10.888,1.8661,-7.0378,0.38682,-0.75107,-0.93668,0.74757,0.002111,0.71618,-16.152,-5.0949,-1.9475,-0.76979,-0.22925,1.0501,0.67934,-0.25243,-0.32852
5,9.7559,-0.94601,1.9909,0.066183,-0.0446,-0.22664,-0.59839,-0.2378,0.17349,0.15921,8.1049,6.0005,0.11475,0.042711,-0.0536,-0.16314,-0.55575,-0.055557,1.0791,-2.8984,9.2883,0.10475,-0.076918,-0.10774,-0.44629,-0.10538,-0.59545,-4.1058,9.9469,-0.88474,-0.3295,-0.17604,0.72858,0.33836,-0.49083,-0.20543,2.787,-5.8798,1.328,-0.77702,0.17957,1.0976,0.062886,0.59661,0.13038
6,10.204,0.51947,1.0758,-0.075255,-0.1274,-0.079911,-0.78531,0.26785,0.26095,1.1668,4.2909,9.0419,0.13515,0.086434,-0.19051,-0.4546,-0.12396,-0.6476,2.0178,-2.0202,9.5379,0.00889,0.069884,-0.16722,-0.4677,0.54222,-0.52517,-8.1409,5.8111,-3.5393,-0.53592,0.070338,0.4349,0.60895,-0.1215,0.28396,-1.9187,-5.5636,-1.4566,-0.58496,-0.553,0.57512,0.47205,0.67469,0.024716
2,6.2424,-0.35308,1.2854,0.69455,0.78295,-0.025669,-0.7415,0.11584,-0.56445,3.3387,4.5409,6.2025,-0.87723,-1.0984,1.1766,-0.087924,-0.19562,-0.6653,2.142,-6.8,5.3469,-0.23324,-1.2701,-1.174,0.26376,0.68285,-0.90467,-12.492,9.1055,-0.92171,0.49255,-0.7662,-3.1304,0.79206,-0.28613,0.40639,-2.5477,11.645,-0.88382,0.25926,-0.16592,0.69459,0.61344,0.80363,-0.18733
5,7.8968,-1.2751,4.9357,0.043005,-0.41943,-0.087042,-0.65631,-0.052546,0.016802,0.48822,5.1532,8.038,-0.031027,-0.056052,0.030194,-0.22456,-0.37871,-0.30048,0.15926,-1.4867,9.4041,0.06644,-0.030111,-0.070656,-0.52851,-0.11504,-0.59662,5.3065,4.1532,1.0229,0.75024,-0.2717,-1.1991,0.11216,-0.66169,-0.13049,-2.324,-11.775,0.81977,0.56608,-0.045605,-0.94928,0.41274,0.39334,0.16003
0,9.9816,0.045975,2.2262,0.094035,0.032609,0.48871,-1.064,0.020345,-0.61807,3.7058,7.3951,5.1941,-0.42529,-0.2088,0.19352,-0.35715,-0.63895,-0.81881,3.2123,-7.0047,6.4978,-0.11257,-0.20922,-0.092119,-0.021688,0.93639,-1.0595,-9.9571,-0.066178,0.072519,-0.98305,0.84287,2.1469,0.15784,-0.6378,0.45514,-7.3142,-6.0806,-0.46215,-0.15572,-0.23697,1.4154,0.58332,0.50574,0.14034
9,8.3144,1.0012,-6.8054,-1.1247,0.42886,0.39869,-0.60958,-0.48368,0.48336,5.7838,3.6804,1.3403,0.7564,0.34075,1.2605,-0.32378,-0.74483,0.34809,14.017,-5.3712,2.8316,-0.76972,1.8851,1.9761,-0.53106,0.31616,-0.63786,-7.8812,5.3177,-2.6357,-1.3033,0.67075,2.0564,0.73569,-0.37851,-0.36546,-6.1404,-3.2917,-4.5498,-0.83277,-0.27557,0.18577,0.66724,0.044524,0.64021
6,8.243,-4.6957,2.9046,0.10362,0.041818,0.3087,-0.46451,0.83605,0.04055,1.7169,1.4799,9.618,0.018799,-0.052724,0.14782,-0.48217,0.056394,-0.60808,0.05241,-1.2724,10.086,0.005365,0.011687,0.28797,-0.43903,0.47264,-0.61072,-0.006304,0.93244,0.55111,0.33653,0.18228,0.12943,0.69612,-0.31678,0.14557,-6.2089,-11.306,-5.2386,1.3238,0.16908,-0.5302,0.63437,0.3253,-0.20565
7,4.0613,1.595,3.9515,-0.34729,-0.048902,0.087793,-0.52427,-0.030425,-0.82516,-9.3003,0.3942,4.642,0.77484,0.49108,0.58438,0.73974,0.20978,-0.6009,-8.0652,12.013,2.867,-0.46397,-0.18644,-0.36581,0.67338,-0.32166,-0.60313,-3.8831,8.478,-1.7321,-0.067446,0.064491,0.12699,-0.14581,-0.94715,0.020389,-3.0833,-7.2393,-3.5386,0.1682,0.028954,-0.1699,-0.25325,0.80997,0.47142
0,5.829,-0.27382,3.1858,0.136,-0.21406,0.017597,-0.62303,0.12147,-0.6606,8.7719,3.4791,1.3564,0.49456,-0.20119,1.0858,-0.67438,-0.40732,-0.83656,7.4166,-2.1394,1.6391,0.92589,0.92229,1.5346,-0.54696,1.2587,0.3052,-8.4811,1.3146,-2.0381,0.63679,-0.31832,-1.059,0.65841,-0.41946,0.41881,-6.2255,3.7363,-1.9044,0.82448,-0.048007,-1.1966,0.70227,0.72873,-0.26443
9,11.26,-2.8251,1.8142,-1.0625,0.60568,0.20208,-0.80047,-0.11736,-0.6045,3.6271,6.8536,-9.9862,-1.3873,1.8705,-2.0172,0.38677,-0.54869,0.78171,4.8221,-6.1884,5.6953,-1.0136,1.1749,-0.99939,0.080181,0.54385,-0.84089,-10.093,0.92399,-5.2933,-0.7886,0.46717,0.18452,0.8122,-0.63941,0.19195,-10.258,-2.7601,1.6898,-0.11696,-0.71837,0.43648,0.6378,0.86703,0.068978
1,8.0548,0.54997,3.0911,-0.42852,0.013312,-0.051998,-0.85173,-0.073839,-0.68224,9.5361,1.928,2.3841,-0.1096,1.1483,-1.7264,-0.98247,-0.77714,0.062051,10.036,-3.6629,2.4558,-1.2629,-0.40414,-1.9302,-1.2937,0.47284,0.89928,-14.03,-4.3806,-3.0343,-0.96515,-0.023456,2.7795,0.53328,-0.33952,0.13892,-10.342,-0.12799,-2.578,-0.46932,0.24434,2.2677,0.42176,0.53246,0.09044
4,15.154,0.90557,2.7464,1.4193,-0.13996,0.15248,-0.79864,-0.20448,-0.30539,-1.2074,7.1972,4.9377,0.33006,0.042577,-0.21671,-0.10936,-0.67313,-0.79653,-0.28293,-8.0962,4.3927,-0.051738,0.24174,-0.80304,0.26579,0.48195,-0.84231,-13.779,-2.5047,-4.6183,0.45194,-0.19127,-1.5499,0.67349,-0.096657,0.035221,-11.237,-1.5577,-3.814,0.84134,1.2615,-1.3562,0.39133,0.34619,0.26666
3,7.233,-0.2167,1.0709,0.32385,-0.047455,0.027465,-0.71667,-0.016959,-0.63185,3.1674,6.8875,5.1195,-0.048588,-0.25226,1.2692,0.73329,-0.37398,-0.073662,3.4784,-4.4357,7.6986,-0.096118,-0.96676,-0.26105,0.084258,0.26587,-0.70705,-7.1397,2.8171,-2.4317,0.55469,-0.38381,-1.4407,0.81327,-0.42285,-0.18689,-8.6982,-2.3568,-0.057002,-0.44971,-0.021639,-1.0423,0.77495,0.41478,0.44238
6,9.3117,0.33347,2.8098,-0.050982,0.32728,0.25626,-1.0134,0.4841,0.11916,-1.9139,8.7419,3.2493,-0.12062,-0.28666,0.13904,-0.43913,-0.68862,-0.60727,1.5352,-1.5125,9.7746,-0.008373,0.00429,-0.13922,-0.57737,0.514,-0.66776,-10.327,8.2295,-0.36469,-0.004892,0.16849,1.6716,0.60573,-0.29839,0.29214,-6.8878,-5.5922,1.5147,-0.17059,-0.84459,2.3254,0.48673,0.56786,-0.34076
1,8.7836,-0.63309,2.2219,0.38093,-0.28158,-0.24824,-0.73477,0.000607,-0.5093,8.6798,4.3325,0.76347,0.86396,-0.074304,0.19816,-0.56122,-0.61128,-0.76703,7.6717,-2.2507,2.2725,0.63037,0.47536,0.92935,-0.71517,1.2703,-0.53751,-10.022,1.0766,-2.4402,-0.078971,-0.016069,-0.99642,0.81264,-0.30614,0.25319,-5.8371,-5.5101,-0.28882,0.099483,0.47328,0.48949,0.69311,1.0132,-0.099132
5,8.5573,-0.014481,5.6363,-0.55744,0.36588,0.24039,-0.78637,-0.083425,0.0063,4.1999,9.0032,-0.44459,-0.15301,-0.047577,0.11998,-0.79447,-0.28832,-0.22818,7.2491,-4.0969,5.2969,-0.11656,0.43039,0.70557,-0.99118,-0.004476,-0.64156,-4.405,12.472,0.44353,-0.92634,-0.83874,3.0678,0.24775,-0.47361,-0.25979,-5.0393,-15.211,-3.3521,1.0069,-0.9581,3.121,0.27022,0.39745,0.19907
8,0.050028,-0.83342,1.2888,-0.18343,0.076286,0.13704,-0.73089,-0.34727,-0.28839,1.3739,0.76486,3.6097,1.4754,0.84754,0.016542,-0.37952,-0.55597,0.43661,-1.108,-0.07484,1.7071,-0.39336,-0.16898,0.14571,-0.44627,-0.025675,-0.64144,-3.4658,2.9478,-5.1563,0.41406,-2.0118,0.90289,0.49851,-0.27183,-0.48045,-1.8778,-3.5572,-1.9312,-0.4215,-1.6575,-0.049204,0.46752,0.15972,0.61408
8,13.47,-4.5849,4.8261,0.5072,-1.3741,-0.20991,-0.7437,-0.32022,-0.26174,12.267,8.5219,-0.73615,-1.3872,-0.80084,0.45342,-0.42404,-0.53631,0.40605,13.171,-7.2585,5.0505,0.74431,0.3943,-0.24245,-0.41223,-0.013058,-0.65405,-19.148,10.363,-3.0713,0.14273,2.7138,-0.30805,0.50468,-0.31627,-0.44816,-16.758,-20.153,-8.4222,3.064,2.913,-1.6064,0.39422,0.23205,0.63989
6,9.6338,-0.2205,-1.878,-0.34862,0.006875,0.37657,-0.96074,0.41307,0.42346,-2.3237,6.8551,7.2376,-0.060292,-0.12355,0.043417,-0.41027,-0.39636,-0.85825,-0.62475,-1.0611,9.6613,-0.16918,0.03382,-0.1187,-0.42438,0.49772,-0.79998,-7.2999,9.4873,-3.0462,-0.5574,0.36154,2.1372,0.46625,-0.44359,0.3486,-6.0915,-8.3102,-2.1813,-0.5517,-0.58655,2.1408,0.44045,0.73452,-0.21621
5,8.1246,-2.3249,4.8067,0.30965,-0.21086,-0.29198,-0.80679,-0.021423,0.030175,-1.3933,8.2716,2.2083,-0.055365,-0.019036,-0.21011,-0.15289,-0.54891,0.037588,0.59794,-2.941,8.8953,0.11179,0.16799,0.013664,-0.50757,-0.084323,-0.60491,0.37642,7.0379,1.8486,0.58882,0.064695,-2.3757,0.21693,-0.52686,-0.28156,-3.5451,-11.243,-2.0284,0.50256,0.55332,-1.5485,0.30296,0.35152,0.19868
0,6.8213,-1.153,3.9093,0.95477,-0.050199,0.3798,-0.70488,0.22293,-0.67423,4.9228,7.3993,1.0051,-0.25097,0.17202,-0.44302,-0.36696,-0.53876,-0.45892,5.0104,-4.1793,6.9424,-0.01396,0.47669,0.47893,-0.10324,0.71517,-0.92752,-6.078,-7.0721,-0.088308,-1.2953,-0.86022,1.3856,0.45209,-0.75481,-0.11611,-9.4574,2.1584,0.15287,0.070601,0.09651,0.99991,1.1796,0.343,-0.15466
7,9.8236,-0.4346,-0.68289,0.10619,0.10169,-0.059168,-0.82302,-0.06456,-0.50554,0.54184,4.787,8.5556,0.17939,0.041719,0.30125,0.52125,-0.16903,-0.77343,-0.030836,-2.5229,9.3367,-0.18577,-0.14786,-0.18974,0.46838,-0.18153,-0.79825,1.2325,9.3455,-1.7689,-0.029688,0.15464,-0.13394,-0.68683,-0.67859,0.011579,1.4965,-8.4407,-4.3847,0.12011,0.083033,0.08009,-0.70137,0.55734,0.37194
5,8.4106,0.4529,5.2647,0.22033,0.75962,-0.41006,-0.6434,-0.11058,-0.007182,6.6123,4.7767,5.4864,0.1885,0.30308,-0.12125,-0.8978,-0.034311,-0.118,6.2829,-4.3835,6.252,0.010989,-0.009759,-0.006451,-0.78702,0.005221,-0.64843,-5.2811,12.467,-3.0621,0.47385,-0.66334,-2.3159,0.36767,-0.53904,-0.051634,0.28574,-9.6454,0.99218,-0.070681,-0.1498,-2.4827,0.15519,0.59549,0.12916
8,-4.1618,0.6788,-3.1203,-0.43032,-3.1052,0.017795,-0.85322,0.30909,-0.004992,-0.91558,0.14245,2.2395,1.5554,0.65001,0.39255,-0.68571,0.082265,-0.19022,-3.9769,1.9692,1.8737,0.36864,0.16258,-0.5626,-0.70458,0.21849,0.26251,-2.0407,1.6471,2.1822,-2.7278,-0.097929,0.070051,0.54909,0.051643,0.48454,-1.0718,1.8942,1.595,0.34922,0.51386,-0.82943,0.58977,0.036675,-0.37359
3,10.131,-0.27948,1.1888,-0.24647,0.063203,-0.42996,-0.75868,-0.014663,-0.5021,5.9501,5.9326,5.6303,0.2134,-0.43554,0.58104,0.16999,-0.33085,-0.1485,4.428,-6.6213,5.8533,0.19659,-0.45746,-1.6321,0.008351,0.47828,-0.65813,-11.583,4.997,-2.1449,-0.4192,0.097729,0.72003,0.73346,-0.3098,0.2492,-8.9706,0.10033,-2.9348,-1.0274,-0.54706,1.5237,0.60171,0.68686,0.21304
3,8.8273,0.062446,-0.74645,-0.28722,0.023564,-0.060398,-0.94733,0.055166,-0.43228,1.2842,8.2579,4.4465,-0.009721,0.030143,-0.72757,0.62717,-0.20598,0.20731,1.5166,-6.5637,7.0318,0.24658,0.47332,0.43745,0.41199,0.55888,-0.48493,-8.8856,4.5352,-0.53281,0.25603,0.34352,1.1829,0.51353,-0.68185,0.17417,-9.243,-1.4199,-0.49899,-0.15095,-0.15661,0.72313,0.82692,0.47587,0.020228
9,-1.6024,-2.793,-2.1451,-1.2198,-0.58777,-0.35566,-0.80153,-0.17314,-0.006701,-3.9279,0.49838,-1.5127,-1.2282,0.27488,2.8303,0.80376,-0.05625,0.051594,6.3058,18.475,1.217,-1.6389,-0.44676,-2.1029,0.31062,0.071353,-0.70644,0.55094,1.643,-0.52881,-0.30757,-0.25275,0.58703,0.73809,0.33004,0.27484,0.33779,2.0082,-2.0426,0.48276,0.13815,-0.41988,0.68817,-0.39785,0.076745
3,7.0679,0.63826,-0.68252,0.17635,0.12914,-0.082436,-0.89725,-0.023374,-0.36176,6.4729,2.4949,6.6003,-0.17182,0.21445,0.60216,0.17249,-0.51094,-0.20221,4.3635,-7.3198,4.1513,0.073336,-0.27968,0.10625,-0.23243,0.57028,-0.55306,-8.0269,1.0062,-1.381,-0.26918,-0.025978,-1.0384,0.90916,-0.059572,-0.19307,-7.0645,-2.1511,0.6899,-0.47479,-0.094753,-1.0851,0.7041,0.67393,0.45618
1,8.9712,-2.4293,2.2228,0.061871,0.51333,0.061051,-0.84327,-0.11505,-0.71282,2.5153,5.3009,6.2921,0.1332,0.11183,0.73865,-0.014568,-0.80085,-0.67288,0.97285,-8.0318,5.7142,-0.11934,-1.0049,0.022208,0.28112,0.82531,-1.1258,-11.943,3.7511,-3.0041,0.68292,0.16104,-1.9898,0.018786,-0.81487,-0.017427,-15.119,5.146,-0.30206,-1.1444,-0.000453,-1.9654,0.64123,0.43207,0.11535
3,-3.05,3.7046,4.8997,0.10747,-0.35069,0.3109,0.5084,-0.17986,-0.81996,5.519,5.2186,-1.2768,-0.15149,0.91134,0.67805,0.71893,-0.64289,0.42787,3.7718,-5.1368,4.7073,0.14827,-0.22687,-0.57981,-0.090065,0.56858,-0.52628,-11.789,13.949,1.429,-0.36179,1.0047,-1.5257,0.75222,-0.38544,-0.39864,-8.304,-2.697,-0.851,0.98891,0.2838,-1.2704,0.67876,0.49056,0.61513
4,9.837,-0.43021,-0.18721,0.93789,0.30883,0.085889,-1.0276,-0.1003,-0.29352,-14.105,8.7083,0.33903,-0.07544,-0.30267,2.5402,-0.055564,-0.73026,-0.17132,1.7478,-8.3697,7.056,-0.0854,-0.087972,-1.7668,0.38606,0.63332,-0.89546,-6.3566,6.8985,-1.3261,1.2296,-0.15504,1.0859,0.63903,-0.16489,-0.10304,-4.988,2.0714,1.5845,-0.81952,-0.50892,1.4765,0.32529,0.37935,0.11767
5,7.1658,-0.84329,6.1823,-0.21206,0.02429,-0.067125,-0.78761,-0.09756,-0.013882,4.7185,8.2697,-0.27145,0.10198,0.15794,-0.20424,-0.79626,-0.30189,-0.20108,7.6923,-3.908,4.7777,0.15625,-0.086329,-0.16849,-0.99523,-0.082106,-0.63643,-7.4951,17.944,1.539,-0.47878,0.030588,-1.8413,0.28528,-0.43668,-0.1846,-0.84941,-8.9009,-2.6173,0.72058,0.36868,-3.0763,0.15789,0.51665,0.22056
8,1.2435,-1.2748,0.34936,0.040565,-0.27398,-0.10513,-0.7223,-0.3271,-0.32099,2.6011,2.7007,0.55272,-0.30832,0.37193,0.2487,-0.36763,-0.60588,0.37327,1.2628,-1.8196,0.59151,0.12585,0.31625,0.11955,-0.39712,0.1526,-0.65695,-0.85495,2.7063,-1.8557,1.0189,0.30015,-0.094211,0.47526,-0.25941,-0.51074,-0.89409,-3.264,-1.0891,0.19675,0.077048,0.017332,0.46781,0.17009,0.60578
9,7.3836,-0.051876,3.5272,0.86928,0.11597,0.52148,-0.60061,-0.58917,-0.38094,-4.7289,-4.9023,3.4882,-0.29017,1.5026,2.3757,0.90909,-0.071936,0.24377,-2.3223,-7.1853,8.3713,-3.5572,-1.1833,0.2766,-0.13322,-0.034669,-0.88411,-8.592,-0.70324,-0.62027,-1.0138,0.58782,-1.2287,0.72501,-0.23541,-0.47755,-9.2716,0.46115,-0.8021,-0.88479,-0.64927,0.32913,0.59961,0.005438,0.72587
8,6.3443,-2.0765,4.076,-0.076735,-0.35681,0.04036,-0.71117,-0.3313,-0.35096,4.9339,3.7668,0.35574,-0.19897,-0.025504,-0.061029,-0.38571,-0.62327,0.33649,7.0413,-5.8029,2.7199,0.29167,0.67624,-0.011685,-0.37528,0.14303,-0.6878,-13.732,16.61,-5.4631,0.25262,1.4515,0.97488,0.478,-0.41256,-0.42762,-7.1836,-5.5441,-5.6138,0.68231,0.57579,-0.30437,0.4592,0.18791,0.59813
2,28.507,2.0758,1.0115,-6.4651,2.3308,-0.18783,-1.0043,0.063998,-0.39386,3.5519,10.083,-1.0403,0.35117,0.3078,1.8402,-0.68763,-0.5865,-0.27058,7.3084,-3.0374,8.8182,-0.4563,0.54653,-0.82599,-0.4808,0.50771,-1.0128,-14.982,-14.31,6.421,-1.0457,-0.70909,4.5361,0.65564,-0.63228,0.015578,-15.191,7.7725,-8.4866,3.251,-0.51475,3.2671,1.0342,0.43204,-0.007689
0,9.4471,-4.0648,0.44299,0.27317,0.073509,0.31072,-0.7187,0.36123,-0.59011,16.261,3.6658,4.1827,2.0769,-0.42637,4.4919,-0.20341,0.26621,-0.93647,11.057,-4.3763,2.4997,1.0198,-0.17352,-0.23483,-1.0511,0.36725,0.21817,-9.182,-6.4986,-0.62367,0.11213,0.44843,-1.3218,0.7643,-0.64566,0.25527,-12.76,2.2224,-1.2576,0.007973,-0.872,-2.0057,1.2437,0.44832,-0.15106
2,47.133,10.27,-0.15072,-5.4369,-2.0652,-0.43236,-0.89399,-0.19673,-0.58573,-6.3333,20.871,2.7948,0.45937,-2.8169,-2.2042,0.66759,-0.70437,-0.38274,1.95,-16.848,21.174,-3.2106,3.4684,-2.5961,0.40412,0.88376,-0.68993,-32.215,-11.747,-4.0386,-2.1731,0.50093,3.3434,0.38202,-0.67282,0.000308,-18.348,7.4428,-10.771,-0.65883,-0.80537,3.8235,0.43019,0.56709,0.20234
8,2.0362,-0.93062,-1.7826,-0.59035,-0.92889,0.38399,-0.78389,0.34587,-0.27471,-0.005142,1.5825,-2.0366,-1.2706,-0.19212,0.28262,-0.64842,-0.022345,-0.22116,2.7331,1.4888,-0.71713,-1.4137,-0.45471,-1.388,-0.7205,0.29968,0.18283,0.47746,-2.929,-1.4064,-1.2223,0.39144,-0.45014,0.61559,0.00506,0.4598,0.56289,2.1942,-1.6495,1.4707,0.43958,0.42305,0.58818,0.044634,-0.29775
7,9.2462,-0.80614,-2.9946,-0.35072,0.49899,0.18634,-0.98145,0.02701,-0.27324,0.50347,2.5014,8.2168,-0.28762,0.59495,-0.082157,0.44173,-0.23938,-0.74763,0.73152,-2.7949,10.062,-0.12641,0.24726,0.097468,0.42069,0.004947,-0.79302,3.524,10.874,-2.8576,0.063784,-0.11378,-0.93064,-0.74028,-0.56814,-0.10614,3.7019,-9.886,-1.5777,0.22122,-0.27687,0.78457,-0.76169,0.51058,0.1337
3,10.343,-1.6969,0.71725,0.82039,0.3308,0.044742,-0.90101,0.083354,-0.5225,0.66043,8.1782,5.2818,0.004686,0.16743,-0.56461,0.67268,-0.23627,0.079109,-0.67835,-6.0789,7.529,0.16685,0.31063,0.5186,0.61061,0.41141,-0.46829,-10.275,-1.0932,0.4514,-0.66784,-0.33748,-0.94933,0.69449,-0.39362,0.10178,-8.0024,-7.2547,-0.22924,-0.052508,-0.050046,-1.0006,0.48817,0.73768,0.21078
1,4.3793,-0.97301,1.162,0.77801,-0.29494,-0.09986,-0.90829,0.1279,-0.48833,3.6321,1.0753,3.3403,0.033546,0.26914,-0.33581,0.14465,-0.21818,-0.76244,4.7397,-2.799,1.6822,0.20652,-0.063107,1.2043,-0.97009,1.1431,0.20524,-8.3477,0.91056,-2.306,0.67793,-0.13553,-1.7992,0.71349,-0.25896,0.45439,-6.608,2.7495,-0.12442,1.2102,0.26789,-1.9319,0.85447,0.789,-0.36464
4,6.7782,1.1665,-1.3932,0.31554,0.38456,-0.31405,-0.83897,-0.21357,-0.40518,-1.0701,10.323,3.563,-0.47224,-0.060526,-1.1689,-0.51795,-0.54123,-0.27084,6.3031,-4.8631,4.7835,0.28518,0.22542,0.17974,-0.069228,0.70532,-0.83293,-7.3304,1.737,-0.59962,0.052076,-0.071995,1.4207,0.6277,-0.35336,-0.059074,-5.9485,-3.0236,-3.0215,-1.3435,-0.26993,1.1234,0.50065,0.41145,0.23842
8,24.953,-3.8676,7.2986,-0.1376,0.80493,0.18702,-0.71736,-0.38639,-0.27444,27.404,6.9799,-0.73729,0.34511,0.15542,0.37114,-0.40039,-0.61703,0.32434,22.674,-13.306,7.9372,0.68567,-0.29633,0.035403,-0.29064,0.15504,-0.73113,-20.507,-0.9018,1.3209,0.63389,-0.61512,0.15131,0.52303,-0.36734,-0.41748,-23.304,20.915,-8.4536,-1.0344,-0.81303,0.1597,0.38384,0.19627,0.64177
2,0.55783,-1.1446,-1.3782,-1.6408,0.26904,0.93311,-0.85727,0.31178,-0.41668,3.9465,-8.4957,-2.7117,0.45252,-0.063665,1.0799,0.2576,-0.46354,-0.65149,-9.9204,-5.6432,1.224,-0.28247,-0.29381,0.55321,-0.69198,0.88777,-0.29207,-6.6709,13.212,1.5584,-1.472,1.6786,0.089237,0.58369,-0.63046,0.40457,1.8906,-11.825,1.1415,-0.91827,-1.3242,-0.57827,1.2391,0.32414,-0.25302
9,9.0965,1.4148,1.3543,0.09814,0.041146,-0.008762,-0.95641,-0.39468,0.16599,8.6397,5.2632,2.0142,0.3797,0.9038,-0.96227,-1.0361,0.045306,0.18628,9.8441,-0.58245,7.4227,0.53768,-1.7807,-0.44721,-0.95116,-0.41922,-0.1921,-9.4302,1.0305,-0.322,0.005655,-0.029079,0.14285,1.0345,0.19007,-0.34387,-9.7052,0.33103,0.17302,0.40641,0.21957,-0.17271,0.96652,-0.49664,0.22727
2,2.013,-1.556,1.5002,-0.76121,0.49023,0.13598,-0.83788,0.04895,-0.88098,3.6249,1.2525,0.38022,-0.92466,-1.464,-0.3399,0.51306,-0.76619,-0.83628,-7.2412,-4.4357,4.3753,-1.208,0.3612,-0.51,0.09885,1.2487,-0.63138,5.2475,-11.854,2.2831,1.5538,-0.69255,-0.22101,0.28109,-0.79658,0.12888,-7.0393,-6.2483,-1.3371,-1.7839,-0.99068,1.5609,0.76514,0.20054,0.33736
9,6.0781,-4.148,0.83447,1.8309,-0.42996,0.17477,-0.99469,0.25521,0.41324,3.0461,5.1743,1.3049,1.7121,1.147,0.79671,-1.0082,0.22051,-0.12354,5.6742,11.082,-9.2876,1.6715,-5.7747,2.3899,-0.06441,0.67669,-0.74171,-8.4506,3.2646,-0.72189,-1.1082,0.015865,-1.0943,0.76198,0.68879,-0.17705,-4.9954,0.91484,-4.8565,-0.22262,-1.328,1.5822,1.0111,-0.18085,0.18524
6,9.9275,-0.76759,-1.292,-0.015919,-0.030571,-0.043575,-0.94972,0.42636,0.42393,-2.8341,6.4332,7.0478,0.16725,0.19541,0.056912,-0.3407,-0.40649,-0.83582,-1.2724,-1.9599,9.8444,0.078998,-0.12019,-0.001525,-0.39596,0.55436,-0.74547,-6.7765,9.7883,-3.4997,-0.26272,0.60132,0.28286,0.53471,-0.32576,0.30335,-0.42508,-5.7844,-0.47091,-0.12597,0.088906,0.9343,0.33423,0.81376,-0.22676
6,10.086,-0.78334,1.2652,-0.17342,-0.12613,0.27121,-1.0168,0.45603,0.15309,-2.254,8.8963,4.3194,0.25849,0.071734,0.029996,-0.45765,-0.59396,-0.62743,-0.18332,-3.7442,9.5978,-0.12091,0.22997,-0.1096,-0.46008,0.67235,-0.67537,-9.5524,6.7738,-0.71245,-0.11822,-0.08321,0.87369,0.61745,-0.24151,0.26056,-1.3476,-1.7262,0.4873,-0.56544,-0.065909,0.79902,0.471,0.58542,-0.33956
4,13.67,-1.5355,6.6087,-1.6935,1.212,-0.35033,-0.82212,0.16068,-0.56314,1.7124,11.003,0.50945,-1.3896,0.24259,2.1242,-0.23979,-0.93754,0.006163,-4.1194,-5.4476,4.9212,-1.3894,-0.85759,-1.902,0.31628,0.42934,-0.64387,-14.379,6.6746,-0.12539,-0.15575,0.42702,-0.059244,0.42984,-0.21777,-0.1435,-15.517,-2.8769,-0.017562,-1.3309,-0.15393,1.5915,0.62803,0.22972,0.07728
2,4.8895,4.4364,1.9778,4.1497,1.7606,0.8056,-1.1202,0.032416,-0.56373,-8.3697,7.974,-0.42307,-0.62825,2.1773,3.3347,0.092087,-0.81802,-0.31099,6.8489,-2.1695,0.59572,-1.164,-2.0897,1.3017,1.0301,0.20122,-0.63518,-6.7094,11.979,-4.4482,1.2097,-1.8449,-2.3163,0.6518,-0.31767,0.357,1.9326,24.194,-1.2199,3.66,-0.59041,0.98687,0.27532,0.67208,0.30495
2,-2.7533,0.59415,-1.7088,0.71878,0.068531,-0.28153,-0.84195,-0.041182,-0.53837,-9.8561,-0.95878,0.93721,0.3865,0.55924,-0.11003,0.078355,-0.79309,-0.23551,6.8644,5.0096,-1.9138,0.72847,-2.1746,-0.31799,0.51415,0.84465,-0.40763,-2.0696,20.76,-1.7266,-1.4351,-0.2486,0.23841,0.77102,0.021973,0.462,-0.08215,-9.9007,11.409,2.5499,-0.85065,2.4523,0.93941,0.62801,-0.3896
8,-9.0114,-1.7294,-0.70045,0.86311,0.28166,-0.01452,-0.40774,0.003916,-0.69705,-5.1908,-0.76202,-1.3818,-0.26641,0.2868,0.03318,-0.5294,-0.39153,-0.36825,-3.0543,0.12244,-0.12275,-0.22728,-0.11156,0.53409,-0.43977,0.36192,-0.4831,-2.7066,12.469,0.16434,-0.056238,-0.22355,-0.14537,0.67181,-0.27718,-0.001258,-1.076,-9.2025,0.63709,-0.096688,-0.21305,0.2526,0.65381,0.1971,0.30047
7,8.2567,-0.6063,2.8106,-0.12694,-0.039661,0.002238,-0.60982,0.04004,-0.76469,-2.5222,1.3278,8.052,-0.23332,0.040168,-1.3592,0.38571,0.27911,-0.84823,-1.041,0.5443,10.427,0.24365,1.0452,1.3331,0.41366,-0.49664,-0.70613,-3.8487,9.0843,-3.2962,0.25643,-0.031693,-0.12018,-0.13411,-0.94868,0.060606,-2.9688,-8.2054,-5.8863,0.25758,-0.022611,-0.09444,-0.21884,0.75841,0.56588
4,-10.509,4.7774,3.14,-1.0997,-2.2411,-0.43165,0.65436,-0.16367,-0.37988,-4.5995,12.337,-6.4232,-1.002,-2.6931,-2.0865,-0.27467,-0.72704,0.27525,5.413,-9.1343,5.8881,-0.81626,0.42494,1.1453,0.024359,0.86084,-0.68247,-18.796,2.4922,2.5845,0.64308,-0.10446,2.9721,0.61713,-0.20717,-0.23365,-13.07,0.48856,-3.2782,-0.30212,-0.61762,1.7328,0.45554,0.44941,0.2221
7,5.7468,-0.027822,8.9075,-0.70337,0.19895,-0.028396,-0.1875,-0.076529,-0.93944,-3.2657,-0.87775,8.4775,0.37376,1.5731,-0.85817,0.67345,0.31003,-0.6167,-3.7603,0.72958,9.4904,-0.26049,1.312,0.58618,0.61306,-0.38619,-0.62137,-1.2509,9.5896,1.3036,-0.11395,-0.037807,0.26262,-0.33757,-0.84499,-0.29556,0.47481,-9.7839,2.6959,0.068562,-0.00226,-0.18975,-0.51522,0.80007,-0.18339
3,11.229,1.7075,1.2146,0.33878,-0.51419,0.20714,-0.83454,-0.16529,-0.43301,1.7587,9.3376,3.7389,-0.42105,-0.5287,1.4028,0.80508,-0.39066,0.092998,5.5542,-4.406,6.8045,0.041074,-0.85189,-0.30595,-0.18062,0.21599,-0.69568,-11.035,10.468,-1.7773,0.68238,1.0009,-1.0629,0.67953,-0.67522,-0.25187,-11.869,-0.42563,-1.6132,-0.59948,-0.67152,0.005854,0.65259,0.089564,0.70347
1,7.1146,-0.22943,2.7281,0.61982,-0.12733,-0.24332,-0.73215,0.04144,-0.51728,6.8159,4.9412,0.25932,0.68741,-0.15701,0.24531,-0.46231,-0.53493,-0.85284,6.9803,-2.3618,1.5162,0.42904,0.81595,1.7581,-0.88408,1.2233,-0.653,-9.4112,1.4059,-1.8202,0.37767,0.05252,-0.99219,0.75586,-0.37248,0.32557,-5.6699,5.56,-0.77604,0.64576,-0.009746,-1.0622,0.73212,0.9634,-0.18098
2,18.042,-1.2265,-4.5926,2.0948,-5.7952,-0.1702,-0.77441,0.17707,-0.52934,1.6668,9.9041,8.7411,-0.16642,0.60895,-0.94235,-0.00013,-0.16865,-0.67705,0.49474,-9.2017,7.2501,-0.87707,1.0858,0.34234,0.39652,0.75617,-0.83543,-10.689,-16.11,-2.6996,5.4961,0.51743,-2.0025,0.35411,-0.73887,0.36923,-28.708,-4.185,-1.0573,1.002,-0.4516,-4.195,0.8656,0.58045,-0.14257
8,29.457,3.8969,8.1023,0.27179,0.61699,-0.32186,-0.61735,0.41974,-0.30049,6.8641,23,13.728,-0.41466,-0.62614,1.2054,-0.39019,-0.35561,-0.57209,10.332,-26.319,-5.6945,2.9788,0.055346,-0.40362,-0.035473,0.58341,0.48241,-17.785,-2.5262,-1.9295,0.35787,-0.29484,1.4808,0.42614,-0.15495,0.52076,-18.175,0.47927,-1.0739,1.2355,-0.96771,-0.54048,0.43307,0.17493,-0.45874
8,4.8592,-1.1456,2.9214,-0.30548,-0.48219,-0.27796,-0.55903,0.54638,-0.26816,1.0281,12.414,4.9625,0.49205,0.12308,0.15188,-0.42459,-0.36386,-0.55607,2.2259,-7.9218,-1.3964,-0.40108,0.82754,-0.19812,0.077697,0.30222,0.69404,-6.1659,0.35897,-4.4834,0.048267,0.11288,0.17858,0.44732,-0.037452,0.53791,-5.4743,-3.7699,-5.7123,1.4994,0.15606,-0.16388,0.43369,0.1041,-0.48106
7,9.2576,-0.04972,-3.2503,0.01686,0.17073,0.019522,-0.98441,-0.062233,-0.18048,0.90316,4.6868,5.5609,-0.373,-0.011491,8.4e-05,0.47797,-0.31997,-0.69063,1.1649,-0.6437,8.9287,-0.007153,0.14532,-0.015305,0.41454,-0.067052,-0.78828,3.1743,6.6353,-1.3738,-0.002256,-0.43052,-0.75695,-0.74354,-0.56676,-0.093768,3.6876,-9.47,-1.0972,-0.043514,-0.39298,0.63071,-0.75229,0.50642,0.18536
3,5.4186,-1.0609,0.94676,0.18529,0.65464,-0.1948,-0.65324,0.081935,-0.69156,3.9403,3.7327,5.5489,0.24309,0.078844,-0.043263,0.68406,-0.33053,-0.36042,1.5834,-4.2805,7.7474,-0.57299,-0.3842,0.186,0.17734,0.27168,-0.6739,-7.1566,4.1221,-1.8419,-1.604,-0.46876,-1.6975,0.82278,-0.40892,-0.2373,-6.2167,3.1805,-1.1702,0.79972,-1.5274,-1.9035,0.73018,0.63413,0.22412
2,-1.8338,1.3336,-1.8909,0.20333,0.21444,0.11799,-0.69619,-0.067684,-0.55914,-10.988,3.3725,1.5589,0.17392,1.4304,-0.11069,0.1298,-0.69875,0.21935,5.3457,2.9761,-0.5057,0.59821,-0.15848,0.007667,0.22713,0.76014,-0.59467,-0.83528,23.369,0.35725,-2.1318,0.17643,-1.519,0.73067,-0.18958,0.31528,0.016098,-5.7122,0.38056,-2.7141,0.31024,2.5082,0.8327,0.74623,-0.2199
4,7.8063,-0.60425,0.69698,-2.5421,-0.42782,-0.76985,-0.78201,-0.29368,-0.39648,-7.8362,7.2092,4.875,-0.55037,-0.58323,-1.1705,0.053727,-0.69167,-0.71457,3.9564,-6.0188,7.7954,-0.64755,0.77203,2.3207,0.3385,0.70897,-0.78853,-10.991,-1.6912,-0.12236,-0.83238,-0.36608,1.9799,0.53648,-0.17613,-0.18782,-10.157,-3.4979,-4.1989,-1.8634,0.21083,2.1987,0.49838,0.44329,0.14498
9,10.233,0.62973,1.9989,-0.69019,0.41577,0.20314,-0.93376,0.39675,-0.11929,17.585,5.2998,1.031,1.8213,0.82254,-5.7392,-0.87886,-0.28296,-0.50047,4.1568,-4.1123,8.802,-0.046946,-0.047982,-0.00116,-0.1948,0.79982,-0.5857,-7.3671,-6.3168,-0.555,-0.49533,0.66789,2.1713,1.0158,-0.23283,0.4457,-11.846,0.25714,0.42138,0.34364,0.70809,1.703,1.011,0.43353,-0.31163
9,5.185,-0.041054,1.869,0.57496,1.0942,0.89802,-0.7142,-0.42689,-0.55417,-1.969,5.5376,9.3894,-1.7888,0.34314,-0.35428,0.63808,-0.55116,-0.57337,-4.0315,-4.6031,5.1272,0.2381,0.46407,0.52971,0.38551,0.16069,-0.8885,-5.0675,0.44553,1.0618,1.4799,0.91244,0.26763,0.88392,-0.3185,-0.53601,-2.754,-17.3,1.2679,-2.119,-0.078849,0.536,0.77856,-0.15914,0.75655
6,9.3164,-3.5722,0.07603,0.28066,-0.030073,-0.31969,-0.89006,0.60434,0.29087,-0.4777,8.211,4.7317,0.11586,0.062822,-0.018321,-0.54288,-0.50652,-0.67893,-0.47606,-3.3899,9.9433,-0.15711,0.067304,-0.18157,-0.36628,0.66074,-0.67914,-0.55042,1.8872,0.53787,0.59672,0.40981,-1.0887,0.44327,-0.6042,0.25392,-8.5674,-9.817,-1.6795,-0.34277,0.20844,-1.0911,0.61592,0.34801,-0.37141
6,8.0466,1.5332,5.3351,0.10178,0.051171,0.064184,-0.90326,0.26772,-0.2149,1.5576,7.9651,4.7871,0.14431,0.18836,-0.011267,-0.73667,-0.54903,-0.51787,0.13431,-4.7489,8.5461,0.029808,0.04159,-0.014513,-0.58247,0.70289,-0.57971,-0.93942,1.9971,2.0016,0.38884,0.59308,-0.94747,0.62492,-0.52065,0.11144,-8.2362,-9.823,-4.6936,0.32951,0.17759,-0.76963,0.71634,0.41261,-0.1012
8,9.4776,0.18027,1.6125,-0.20218,-0.062309,-0.01617,-0.77918,-0.39269,0.16495,9.1434,3.3261,1.1713,-0.15103,-0.014539,0.40852,-0.61149,-0.11428,0.48521,9.1682,-2.6205,1.1396,0.088899,0.032709,0.28353,-0.55977,-0.46386,-0.081517,-9.5667,2.4059,-2.1069,0.28237,0.2682,0.27404,0.4659,0.1486,-0.53839,-8.8165,-2.3667,-2.8586,0.20441,0.008238,0.1093,0.4331,-0.38049,0.50178
1,13.061,-0.23252,-0.69874,0.15199,-0.88702,-0.4426,-0.87528,0.055699,-0.1894,7.1971,5.5707,5.0785,0.29335,0.035673,-0.50392,0.84789,-0.16472,-0.22286,8.2536,-5.0765,3.5703,0.097745,-0.20353,-0.78435,-1.4651,0.79267,-0.69131,-12.273,-1.894,-2.1711,1.0115,-0.18657,-0.94396,0.90748,-0.17014,0.26643,-11.315,-9.3435,-1.3815,2.7945,0.21943,0.34012,0.53851,1.0005,-0.18619
0,12.927,-3.637,1.4262,0.23304,0.15704,0.43115,-0.73729,0.34772,-0.58282,9.6272,4.6654,1.2885,-0.67442,-0.80704,1.8944,0.12986,0.11109,-0.75203,12.156,-6.0632,3.0272,-0.34038,-0.58966,0.24688,-1.0632,0.36391,0.12137,-18.62,7.7687,6.2081,-2.9969,0.19826,0.4938,0.68967,-0.71276,0.28933,-11.097,-9.3009,2.5015,-1.9701,-0.73772,-0.95556,1.244,0.35891,-0.060258
3,4.2729,-2.3275,0.029268,0.06569,0.25239,0.16287,-0.82965,0.60191,-0.078463,7.3337,4.4676,4.5347,-0.10232,-0.57314,0.37447,0.38584,-0.61092,-0.010349,5.8135,-4.4369,5.0176,-0.068768,0.36321,-0.47216,-0.28683,0.46595,-0.5864,-1.3644,-7.1311,-2.9332,0.34212,-0.58499,1.9933,0.8998,-0.12304,-0.25098,-4.6923,-4.052,-0.10408,0.14906,0.19351,1.7222,0.51391,0.88038,0.43131
0,7.0133,-0.17423,3.4598,0.026096,-0.64078,-0.029138,-0.79348,-0.18318,-0.73201,5.3204,4.9753,5.4044,0.20163,0.51805,-0.26802,-0.51399,-0.77543,-0.69121,5.8531,-5.5345,4.7316,0.084937,0.045107,0.15948,-0.42855,0.81241,-1.1545,-10.25,0.62657,-1.0588,0.47063,-0.070523,-1.4001,0.48441,-0.49211,0.10444,-6.5169,6.4074,-1.2644,1.4821,0.24924,-0.6076,0.35572,0.60266,0.19396
3,7.7487,-2.9856,1.4887,0.65733,-0.13905,-0.36471,-0.73537,0.37102,-0.66119,5.8296,8.5805,5.1074,-0.29798,0.09704,-1.5408,0.56627,-0.40148,0.057272,5.4372,-7.5536,6.2173,-1.0801,0.88626,1.4694,-0.042037,0.55855,-0.55022,-7.6334,0.41192,-1.6812,-0.089944,0.61787,-0.30297,0.82466,-0.074614,-0.53839,-7.7796,-3.1251,1.3119,0.19538,-0.029139,-1.2214,0.77204,0.6141,0.31431
9,9.0814,1.6796,-4.8219,2.1503,-0.41787,-0.07281,-0.73579,0.029668,0.49508,11.062,4.2594,3.2051,-1.2126,-0.63135,-1.5136,-0.5939,0.57054,-0.32271,5.9539,-4.4723,2.7463,0.48896,-0.51485,-1.5641,-0.69403,0.44608,-0.26302,-14.498,0.1231,-3.9035,-0.017625,0.45842,2.1652,0.5722,0.68075,0.2786,-5.0789,11.976,-10.058,-2.2046,1.1414,-0.42254,0.86297,-0.099437,0.32662
2,0.13193,0.64135,-0.66848,0.12773,-0.33248,-0.29484,-0.86889,0.16277,-0.43671,-8.6679,-0.87709,1.3357,0.5452,0.3686,-0.45703,0.10382,-0.64083,-0.43118,6.3882,5.1567,-1.2325,-0.82453,-0.42438,-2.2549,0.10658,0.92088,-0.56616,-2.3388,15.092,-0.82512,-0.51035,-0.53433,-0.083956,0.96208,0.009898,0.22962,-1.878,-15.413,15.203,2.8679,1.5365,0.40226,0.82474,0.91831,-0.26512
7,9.5733,-1.0311,1.2204,-0.0946,-0.32929,-0.1007,-0.76091,0.10634,-0.6643,-1.5596,-1.9189,9.3101,0.31846,-0.67847,0.5699,0.58936,0.45806,-0.62525,-2.1645,0.053746,8.9803,-0.21103,-0.71128,-0.70432,0.6301,-0.42259,-0.60548,1.0439,9.5781,0.44636,0.041875,-0.015071,0.44517,-0.60712,-0.74228,-0.19077,1.734,-9.6023,-0.98886,-0.008406,0.1427,-0.43094,-0.67593,0.70506,0.099004
7,6.1052,-0.6251,7.6506,-0.16489,0.36184,-0.13495,-0.24829,-0.001787,-0.93093,-7.5789,0.86876,4.5192,0.31322,1.9685,-0.29791,0.93094,0.13938,-0.22085,-5.7227,0.89799,7.6309,0.054909,1.5674,0.095516,0.72285,-0.43496,-0.45173,-0.58254,10.006,0.91171,0.10354,-0.003281,0.31862,-0.39409,-0.82838,-0.2722,0.78702,-10.438,1.25,0.097046,-0.054113,-0.27713,-0.54514,0.79715,-0.07288
7,8.6659,0.61366,6.479,-0.682,0.22272,0.15027,-0.56321,-0.14788,-0.77948,-3.8052,7.9354,4.0087,0.38591,-0.95131,-1.1359,0.58757,-0.58484,-0.48298,-2.5949,-4.0575,8.5781,-0.43773,-0.12716,0.97132,0.43671,0.07501,-0.85326,-1.2824,9.8431,4.9459,-0.19331,0.39319,-0.93528,-0.2885,-0.7901,-0.47646,-2.6114,-9.7056,0.26314,-0.23432,0.25709,1.1436,-0.11277,0.97137,0.019875
1,11.851,1.4778,2.86,-0.15309,-0.10586,0.10914,-0.69007,0.16493,-0.4891,-1.279,8.5444,5.7707,-0.074765,0.45287,-0.39839,0.025555,-0.13922,-0.6366,-0.70527,-6.5439,7.5592,-0.14261,0.23977,0.72812,0.51887,0.80832,-0.57761,-6.2628,3.5798,-5.4136,-1.5268,0.28409,-1.0252,0.11272,-0.83237,0.39816,-11.458,-5.3239,-1.4328,-0.3308,0.47374,1.2512,1.1139,0.31931,-0.085718
6,9.64,2.8457,0.27025,0.16942,0.1816,0.3413,-0.72486,-0.21387,0.39501,0.065672,3.0204,9.3492,-0.025487,-0.080405,0.21912,-0.40227,-0.076487,-0.65963,4.2729,2.0881,7.7436,-0.12715,0.13869,-0.056552,-0.71788,0.27909,-0.49341,-11.953,7.4632,-2.6083,-0.006221,0.072486,1.3847,0.6645,0.071874,0.15344,-1.9047,-3.2487,-0.24859,-0.59289,-0.35908,1.904,0.47717,0.60907,-0.15563
0,8.19,-1.3305,2.2026,-0.1255,0.82375,-0.014687,-0.80011,-0.16433,-0.74387,5.0838,4.8503,6.8071,-0.030072,-0.1042,0.6103,-0.46321,-0.78438,-0.73563,5.4175,-5.7843,6.0049,-0.095405,-0.57311,0.004968,-0.33237,0.88832,-1.1811,-11.293,-0.4023,-3.0672,0.48523,0.19847,-1.4861,0.14058,-0.76936,-0.20314,-12.64,2.9488,-2.8895,-0.50038,0.081874,-2.1899,0.63734,0.33461,0.15353
3,10.169,1.0486,-0.14985,0.18587,0.8898,0.041483,-0.87978,-0.11306,-0.39763,4.3944,7.2822,5.7655,0.10025,0.39311,-0.98412,0.51116,-0.50778,-0.024682,5.1628,-5.8231,5.9599,0.039748,0.65222,1.1171,-0.17897,0.42903,-0.64681,-9.7146,-1.1169,-1.5392,-0.7221,-0.6466,1.5302,0.89789,-0.26905,-0.17971,-9.0437,-3.6605,-2.5615,-1.0829,-0.14784,0.09666,0.66973,0.55029,0.62293
0,8.7702,-1.0426,3.1633,0.2312,-0.20751,0.045099,-0.61613,0.091176,-0.67036,1.1703,7.2204,5.6945,-0.092121,-0.24432,0.41523,-0.024337,-0.25216,-0.64576,1.835,-5.7656,8.3247,0.23147,-0.74622,0.028639,0.32402,0.73004,-0.86969,-10.449,-0.38391,-3.2079,0.78528,-0.22558,-1.2817,0.46265,-0.68694,0.27166,-14.061,1.8662,-1.2624,-1.8203,-0.20633,-2.5928,0.94448,0.51364,-0.10725
3,7.3232,-0.19612,2.2361,-0.079909,-0.092237,-0.36028,-0.66884,0.050648,-0.62976,5.1167,6.2862,4.8303,0.47801,-0.59437,0.53849,0.23433,-0.37235,-0.15618,4.2721,-4.6468,7.0786,-0.099595,-0.48249,-1.3444,0.056044,0.42812,-0.69684,-8.4065,-1.6687,-0.18243,-0.31013,-0.35213,0.81371,0.71914,-0.42537,0.17999,-8.0573,-6.1402,-1.0449,-0.70436,-0.41594,1.2219,0.61546,0.65291,0.2369
1,13.099,-0.32156,3.0434,0.18362,-0.005553,-0.42859,-0.78079,0.014166,-0.43515,11.022,5.1146,1.0326,0.37844,-0.3266,-0.17126,-0.73514,-0.50322,-1.0237,8.7097,-2.2002,2.9342,0.53097,-0.36249,-0.51003,-0.54967,1.2439,-0.83527,-12.701,0.0005,-1.7137,0.25334,-0.30165,-0.87714,0.86275,-0.21679,0.27515,-9.6562,-12.632,-4.1736,1.1491,0.18793,0.31139,0.65141,1.0125,-0.15568
6,9.9344,-1.3904,0.95353,0.18061,0.057675,-0.20203,-0.7443,0.34629,0.30269,1.5634,3.6335,8.9411,0.17499,0.23471,0.070647,-0.45547,-0.080381,-0.65191,0.9494,-2.081,9.6785,0.073323,-0.24142,-0.040006,-0.3965,0.56612,-0.54557,-8.7836,8.0288,-4.0339,0.24684,-0.91777,-1.6695,0.57584,-0.1981,0.32872,-5.5968,-6.5543,-5.1116,0.94105,0.88955,-1.6847,0.56219,0.56605,-0.019456
8,-4.647,-0.81566,-0.81065,0.42804,-0.15624,-0.30278,-0.44917,-0.011062,-0.66929,-2.9549,0.80783,-1.1956,-0.60524,0.11354,0.31486,-0.551,-0.40197,-0.32417,-2.7929,-0.07529,-0.38936,-0.78543,0.23766,0.58015,-0.51545,0.36777,-0.39579,-1.55,10.86,-1.139,-0.38243,-0.097918,-0.34271,0.65794,-0.30689,0.044118,-1.2426,-10.17,-0.042229,-0.43924,-0.1137,0.26323,0.64934,0.20565,0.30821
1,12.382,1.331,4.5872,0.4801,-0.057443,-0.21256,-0.84103,0.080012,-0.58497,-2.4203,11.792,0.32886,0.20674,0.17779,0.074742,-0.21203,-0.43273,-0.52268,3.8712,-6.2537,6.6817,0.31049,-0.47694,0.31615,-0.006853,0.68975,-0.90205,-12.796,13.664,0.98789,-0.34364,0.6253,-1.2614,0.39261,-0.81708,-0.09873,-11.34,-2.6283,-1.4094,-1.4549,-0.39422,0.68709,1.1157,0.23866,-0.015975
3,4.599,-0.48342,-1.2316,1.2971,0.15254,-0.26262,-0.75775,-0.17057,-0.55078,8.9823,0.57399,3.0336,0.54907,1.5714,-0.24482,-0.43,-0.78383,-0.62402,9.2098,-0.94208,1.872,-0.042263,-0.33071,0.56371,-0.44234,0.32179,-0.52747,-5.5677,2.0369,-1.2278,0.10414,-0.01242,-0.74884,0.8333,-0.08211,-0.43741,-5.2727,-1.5072,-0.058599,-0.22457,-0.17271,-1.8419,0.84267,0.63259,0.17181
3,-3.548,2.6102,5.3593,-0.13876,0.054792,-0.35703,0.55905,-0.2073,-0.77005,4.8039,7.2087,-1.519,-0.042916,-0.14846,-0.43187,0.70074,-0.48519,0.40696,4.9491,-6.0754,4.1806,-0.32135,0.03302,0.51381,-0.16073,0.62238,-0.47558,-7.8725,2.2536,0.84418,0.54617,0.35764,-1.1095,0.8376,-0.14175,-0.40963,-7.0601,-3.5551,-0.089766,0.59246,0.62437,-1.4324,0.67425,0.59233,0.60682
7,8.7348,0.004022,4.0644,0.15527,0.54959,-0.024315,-0.50007,-0.12202,-0.81302,1.7459,0.19417,8.3127,-0.10783,0.25114,-0.039382,0.35887,0.003062,-0.89035,2.6641,0.42044,9.2965,-0.14254,0.078316,0.078527,0.28703,-0.23805,-0.86876,-0.76027,8.4106,1.1967,0.024568,0.043413,-0.24813,-0.49215,-0.79101,-0.24471,-1.0593,-9.6841,1.7964,-0.13501,-0.1567,0.27336,-0.57533,0.78267,-0.009388
5,7.8463,1.7124,5.0853,-0.055258,0.019508,-0.13684,-0.62213,-0.24455,0.052781,4.0289,8.0653,4.1283,0.040254,-0.10024,0.022295,-0.79531,-0.46879,-0.25082,6.1321,-4.8124,5.977,0.011579,-0.10063,-0.14192,-0.89574,0.16061,-0.58641,6.2752,1.9549,2.5483,0.20117,0.17125,0.46963,0.23966,-0.54221,-0.39481,-6.874,-14.332,3.8509,0.59342,0.56973,-0.28221,0.38315,0.26106,0.13791
2,20.983,3.5447,1.9141,-3.7191,0.10255,-0.81971,-0.9212,-0.25241,-0.60675,-1.7131,17.346,5.6499,-0.27917,-1.462,-3.2321,0.71727,-0.66303,-0.5625,2.0955,-16.834,5.6654,0.7036,2.4538,-3.1833,0.387,0.88189,-0.83324,-16.467,-15.236,-2.4291,-0.11735,-0.25503,3.8643,0.25399,-0.75898,0.011797,-15.194,0.55039,-8.3015,0.11196,-1.0427,3.8423,0.44676,0.56255,0.16878
7,7.5103,-0.12237,4.8222,0.031875,0.50269,-0.033458,-0.62881,-0.051619,-0.82715,-4.3242,5.2864,9.6598,1.3462,-0.002478,-0.6425,0.63717,-0.11022,-0.66098,-5.5238,-2.9275,10.574,0.98232,1.3003,0.13436,0.58459,-0.26807,-0.65693,-1.9858,9.8013,-0.15859,-0.30568,0.3295,0.40928,-0.37652,-0.83336,-0.075453,-1.4653,-9.1502,-1.2425,0.12181,0.22224,-0.31391,-0.38113,0.82046,0.22039
5,10.211,0.79568,0.83035,0.314,-0.10328,-0.381,-0.56651,-0.19885,0.20574,3.3705,0.33647,10.086,0.84366,-0.14294,-0.23921,-0.27106,-0.1815,-0.23194,1.4395,-1.3198,9.8289,0.23204,-0.24475,-0.010514,-0.62482,-0.12317,-0.50968,-4.4738,13.701,-0.67414,0.14716,0.080505,0.20336,0.46468,-0.51073,-0.061933,5.0391,-3.5368,0.46875,0.25929,0.13207,-0.46355,0.11242,0.54759,0.27207
9,11.035,0.78066,-11.733,-1.3026,1.376,0.48919,-0.78619,-0.16943,0.5878,19.18,9.7015,11.608,1.2177,1.0036,-1.1414,-0.85296,0.33213,-0.43008,10.742,0.936,2.6216,0.61225,0.55756,1.6956,-0.94503,0.28057,0.024943,-9.5359,12.891,-6.0633,0.90196,-1.3185,-0.15032,0.80145,-0.11936,0.56866,-3.4717,-14.254,-1.9977,0.58552,0.80493,0.20261,0.73403,0.53735,-0.40484
4,13.917,2.2669,1.9997,-1.8371,-0.60016,-0.006959,-0.79561,-0.19278,-0.29664,0.71359,7.6593,5.1215,0.12654,-0.66573,1.9858,-0.024196,-0.69537,-0.93737,-2.0948,-6.346,5.4593,-0.69037,0.19815,-0.96232,0.17322,0.48564,-0.74685,-9.7184,-0.40162,-1.4626,-1.4241,0.075687,0.79588,0.52111,-0.36389,-0.082773,-14.862,3.4512,-4.3249,0.054392,-0.75778,1.5787,0.5855,0.1952,0.27267
5,8.5823,-1.8843,3.7758,-0.18993,-0.12366,0.12731,-0.62356,-0.067168,0.094711,6.5697,5.0203,4.8815,-0.048137,-0.16627,0.078054,-0.89324,0.041314,-0.20387,5.736,-5.5824,5.9043,0.11483,0.18921,0.009735,-0.83758,0.13754,-0.60682,4.0856,4.602,0.63291,0.68265,0.5186,-0.98872,0.30384,-0.56984,-0.27043,-0.85591,-12.542,-2.7923,1.7542,0.12365,-0.74942,0.34625,0.39166,0.26537
9,6.4691,1.1915,1.7702,-1.7824,-0.90549,-0.30616,-0.83284,0.43688,-0.31494,7.7338,7.372,-4.6192,0.8927,-0.45209,-3.3277,0.20301,-0.74603,-0.54747,5.6516,-3.4632,4.4284,-1.392,0.3014,0.37048,-0.89443,0.40892,0.029998,-5.6777,1.1141,0.42914,1.9317,0.045344,-0.56751,0.56734,-0.73837,0.37941,-7.6848,1.04,0.74905,0.74919,-0.37232,0.95959,0.98162,0.29291,-0.2012
1,8.8199,-1.0413,-0.86193,0.18595,0.32261,0.050192,-0.77495,0.091627,-0.43824,3.7129,6.7799,2.3601,-0.32795,0.055383,0.88424,-0.27121,-0.29168,-0.55751,3.2272,-6.0982,5.9766,0.079894,-0.73833,-0.17151,0.054933,0.94597,-0.75728,-13.636,2.1514,-1.7882,0.59194,0.44333,-0.98824,0.41275,-0.72342,0.25426,-10.051,-3.5165,-3.7418,0.75974,0.03707,-1.9121,1.0995,0.44168,-0.028949
5,7.1575,0.61092,6.9495,0.17739,0.23014,-0.18747,-0.65248,-0.20542,-0.097963,5.4651,7.0863,-3.9489,0.13626,-0.11888,-0.18616,-0.75076,-0.25478,-0.16272,5.6336,-7.9043,1.3356,0.079333,-0.053983,-0.11734,-0.88736,0.3691,-0.65985,-4.4662,11.588,3.8872,0.21307,0.44499,-1.5443,0.32768,-0.4178,-0.33265,1.3719,-5.4685,-4.483,0.28805,1.1618,-1.4321,0.15716,0.41019,0.40508
7,9.6383,-1.3411,0.16303,-0.23418,0.13912,-0.082787,-0.94603,0.24795,-0.58015,1.7673,7.2516,4.9086,-0.18072,0.036109,0.80465,0.44167,-0.55031,-0.62704,3.1931,-1.7336,8.5453,-0.012388,-0.87534,-0.87889,0.23325,-0.14724,-0.90225,1.8445,9.7805,0.5276,-0.1338,0.19062,0.58083,-0.62252,-0.70559,-0.20726,2.4626,-9.6867,-1.5908,0.001359,0.43659,-0.43448,-0.65917,0.70411,0.11646
2,0.12592,-0.52571,-3.4875,2.5824,0.74024,0.38032,-0.75698,-0.079504,-0.80526,4.4071,4.2499,0.45985,-0.163,0.84541,3.2192,0.47139,-0.75526,-0.62695,-7.4833,-10.096,1.549,0.47686,-1.287,1.757,0.46999,1.1128,-0.57526,-2.2518,14.898,-4.2488,-1.2252,-0.37891,-1.5486,0.075165,-0.75713,-0.042556,-7.2129,-6.8151,-0.8657,-2.9975,-0.28752,-1.7878,0.68812,0.28481,0.056056
5,9.117,0.24951,2.0854,0.17923,-0.021643,-0.14671,-0.5691,-0.21055,0.18808,2.556,0.78759,9.2604,0.051834,0.12539,-0.021301,-0.26933,-0.18321,-0.23639,1.8695,-1.1031,8.8661,0.13418,-0.061222,0.023506,-0.63245,-0.12924,-0.50788,-3.6992,10.07,-1.7912,-1.0973,0.14036,0.63662,0.43178,-0.52773,-0.085357,4.411,-4.3142,0.88075,-0.21449,-0.013481,0.61544,0.10539,0.5622,0.23543
1,10.106,0.62044,1.8311,-0.071372,-0.12172,0.058598,-0.693,0.11475,-0.55282,-0.86052,6.5277,5.4557,0.071694,-0.20876,0.73993,0.077278,-0.18381,-0.61675,-0.31774,-6.9776,6.3356,0.16995,-0.57683,-0.44064,0.45029,0.83461,-0.61829,-9.0973,0.34481,-3.6857,0.82861,-0.60628,-1.5935,0.4412,-0.72619,0.34939,-15.06,2.8597,-2.2453,0.26186,-0.22163,-2.5839,0.99834,0.49513,-0.1162
4,9.2713,-1.6767,3.2995,1.2883,-0.84839,0.14705,-0.693,0.093343,-0.54794,-1.878,8.2837,5.0092,0.007943,1.2088,-1.4301,-0.060874,-0.95828,-0.60594,-6.1274,-5.8952,5.1027,0.90671,-0.65386,1.2605,0.43101,0.39204,-0.65717,-10.628,1.1404,-3.4737,0.07329,-0.16356,-0.95806,0.56665,-0.30786,0.10822,-12.618,-2.5255,-0.7405,-0.28933,-0.22435,-2.4527,0.48146,0.39314,0.013106
7,8.0116,-2.6087,-0.67948,-0.20332,0.74404,0.38247,-0.83883,0.13993,-0.60877,-1.2377,3.2194,7.8306,-0.06799,-0.18178,-1.2554,0.5884,-0.06096,-0.70283,0.21763,-0.11198,8.975,-0.24821,0.36263,1.2643,0.44537,-0.16617,-0.7585,-1.7766,10.638,-3.2451,0.48422,-0.16584,-0.86432,-0.33587,-0.84733,0.021968,-1.5731,-9.8968,-1.7796,-0.67537,0.15533,-0.38461,-0.31566,0.83484,0.25737
6,8.6504,2.5863,4.6483,-0.20539,-0.084669,0.015975,-0.9325,0.2093,-0.11306,1.876,8.2962,5.2865,0.033345,0.042841,0.005724,-0.74306,-0.46734,-0.56603,1.6955,-4.3395,8.8261,0.056622,0.011397,-0.001808,-0.69881,0.6369,-0.56728,-9.9448,8.0512,0.85615,-0.38661,-0.22339,0.9321,0.68958,-0.18357,0.21907,-2.1088,-4.0028,-0.71035,-0.75032,-0.17948,0.84752,0.55182,0.66721,-0.12055
4,7.8602,-1.7372,1.5778,0.040943,0.056544,0.13277,-0.67693,0.077257,-0.62228,5.698,6.2491,4.4604,0.27724,0.30767,-1.1464,-0.40416,-0.87271,-0.50951,-0.58613,-9.4247,5.5861,0.7708,0.69193,1.8931,-0.14172,0.5641,-0.60009,-8.4667,2.5887,-2.2263,0.70652,-0.13526,-0.65396,0.50123,-0.40572,0.020761,-9.1362,-0.74478,1.1533,0.14743,0.66074,-0.89749,0.58517,0.27075,0.19048
8,-5.7658,0.71856,-0.99732,0.28866,-0.29484,0.39208,-0.60793,0.5085,-0.28167,0.81973,-2.2327,-3.425,0.099824,0.38431,-0.10186,-0.36223,-0.31175,-0.64052,0.050514,3.5371,2.8456,-0.30242,-0.98198,0.26145,0.008942,0.21812,0.74615,0.49033,4.6618,2.3468,-0.2865,0.08552,-0.11438,0.47639,-0.009541,0.52507,1.5432,-8.6694,1.6852,0.19128,0.094859,0.092935,0.46833,0.032097,-0.48073
6,9.4956,1.1206,2.5694,-0.5326,0.25105,0.40062,-0.99477,0.49354,0.15243,-1.385,8.5733,4.5261,-0.019212,-0.23101,0.13139,-0.50302,-0.56953,-0.63682,0.17186,-2.8531,9.2688,-0.1191,0.14277,-0.04424,-0.44101,0.63858,-0.66465,-10.451,8.5092,0.25643,0.015632,0.10748,1.8297,0.59229,-0.31024,0.30699,-7.3315,-5.7219,-1.4549,-0.096401,-0.66992,2.2618,0.487,0.58501,-0.3215
0,5.1552,-1.044,3.5732,0.83882,0.037285,0.18335,-0.74844,0.19603,-0.66482,0.37881,15.284,-2.0951,2.1977,-0.78915,-4.7104,-0.073932,-0.65552,-0.35637,5.5901,-3.5763,6.949,-0.26067,0.76306,0.097803,-0.16422,0.67031,-0.95528,-7.024,-6.6521,0.108,-1.5625,-0.55127,1.9228,0.44029,-0.76454,-0.04511,-8.7457,-0.66405,-1.0746,0.89453,0.32602,0.94775,1.1123,0.31402,-0.16531
3,6.1362,-4.2422,0.27495,0.43867,0.27466,-0.59781,-0.72698,0.48724,-0.61311,5.7349,5.3536,5.5636,0.6668,0.81725,-0.65441,0.32858,-0.47457,0.068142,5.4332,-5.5706,4.1241,0.60599,0.058231,0.89757,-0.060982,0.53157,-0.59023,-6.3274,5.2127,-0.71447,-1.6816,1.1161,-1.1368,0.7714,-0.24603,-0.59319,-9.0264,0.21813,-0.28405,-0.064273,0.47602,-1.9116,0.82564,0.53536,0.23913
7,9.5317,-0.79039,0.43026,-0.1493,-0.42607,-0.10857,-0.79018,0.12309,-0.60909,1.2854,0.12774,9.1451,0.17185,-0.82569,0.38985,0.4209,0.25999,-0.81977,0.30594,0.27622,9.1481,-0.30454,-0.90975,-0.49834,0.48391,-0.23807,-0.78608,1.7503,9.2955,0.84294,-0.065856,0.046448,0.25648,-0.67853,-0.65346,-0.24728,2.5971,-9.345,-0.55821,0.10562,0.079503,-0.1924,-0.74501,0.63241,0.045255
0,12.406,0.010793,1.5303,0.17009,0.36054,-0.39615,-0.79931,0.037552,-0.60624,10.928,6.5381,0.99452,-1.2838,-1.19,-0.22261,-0.62218,-1.0461,-0.44363,11.023,0.62747,4.273,-1.4429,0.16139,-2.2396,-1.2886,0.8607,-0.38591,-12.449,8.2358,-3.4207,0.54843,-0.45431,0.67465,1.0688,-0.023499,0.23664,-13.098,-7.9712,8.6778,3.6548,1.8266,0.65966,0.79474,0.91274,-0.31037
0,7.29,-3.3488,0.38722,-0.01711,0.048889,-0.000287,-0.73801,0.2489,-0.67224,6.0931,6.3157,-0.21102,-0.58092,0.23907,0.19476,-0.47028,-0.49492,-0.48156,5.3739,-4.933,7.2344,-0.13344,0.040243,-0.14034,-0.14127,0.64008,-0.99454,-12.732,2.9224,-2.8911,1.0908,1.4419,-1.3888,0.64865,-0.60062,-0.098995,-14.936,3.7268,-1.4282,-1.5038,1.8134,-2.8158,1.0072,0.40572,0.059944
1,7.6007,-1.129,4.6888,-0.20314,0.085984,0.11061,-0.60503,0.13609,-0.7316,0.32467,9.9072,2.2541,0.071513,0.36218,-0.12085,-0.075039,-0.60871,-0.46578,2.8131,-4.1671,7.4965,-0.097476,0.45117,0.061363,0.16543,0.58326,-0.9045,-8.0985,-6.2235,0.39325,-1.8311,-0.60783,2.766,0.44829,-0.79566,-0.033315,-9.354,-0.79053,-1.1511,-0.42896,0.21179,0.87323,1.106,0.4796,-0.11113
9,9.9945,1.7471,-5.4752,-0.7193,-0.58594,0.012042,-0.72277,0.45281,0.29571,23.74,41.621,-1.7742,5.7005,4.1987,14.476,-0.38663,-0.66316,-0.414,38.87,-34.096,19.745,-7.9125,-4.9918,-16.335,-0.40429,0.78356,-0.10948,-10.365,0.11925,-1.561,0.072451,0.14236,0.25128,0.67484,0.19272,0.48415,-9.3223,4.3933,2.0625,0.10071,-0.5058,-0.05186,0.76475,0.13084,-0.38058
2,-0.37099,0.76146,-0.68257,1.4559,-0.18413,0.006722,-0.86049,-0.11295,-0.83807,-6.2273,3.7445,1.682,0.49947,0.35035,-0.15672,0.18794,-1.1503,-0.30481,6.7936,0.69479,-3.481,0.35538,-0.94961,-0.32966,0.53441,0.64162,-0.95986,-2.1398,16.141,-2.4951,0.269,-0.28101,-1.2299,0.70225,-0.21666,0.37403,-1.0796,-3.723,-0.85601,-0.89731,0.56186,1.1095,0.37909,0.62025,0.35832
8,-6.1548,1.4055,-5.242,0.026834,0.59254,0.064867,-0.62247,0.48095,-0.29556,-0.39533,-2.3017,-3.1535,1.3827,0.3129,0.55195,-0.38749,-0.29649,-0.66088,1.2685,5.6064,-0.67338,-0.26338,0.11323,-0.16489,0.11008,0.60267,0.49436,0.19786,4.3357,1.1257,-0.32049,0.12098,0.083407,0.50246,-0.068904,0.49421,-0.14062,-2.9822,1.2089,-0.009574,-0.075964,-0.18487,0.49727,0.051261,-0.45405
5,8.9618,-3.3254,4.8765,0.52259,-0.19468,-0.55637,-0.80909,-0.03832,0.020879,-0.018768,7.4285,5.3661,0.83223,0.38876,-0.31565,-0.16814,-0.45386,-0.12948,0.043804,-1.8218,9.8073,0.14672,-0.064319,0.06528,-0.52496,-0.13503,-0.57436,-2.8977,7.915,-1.923,1.5887,-0.40676,-2.6642,0.17808,-0.55839,-0.21062,-3.4125,-11.638,-1.5266,0.58011,0.49005,-1.8619,0.28432,0.3956,0.18329
0,8.0348,0.081529,3.2059,-0.37754,-0.28006,-0.18979,-1.0166,0.042976,-0.64728,2.1881,6.8922,6.3731,0.015279,0.26791,-0.2856,-0.29461,-0.64131,-0.80086,2.3758,-6.6101,6.8313,0.002977,0.11658,0.16631,0.085861,0.94796,-1.0378,-9.6293,0.47571,-1.4489,0.46588,0.00068,-1.1068,0.48827,-0.48514,0.35471,-6.5105,4.9621,-1.102,0.81857,0.033419,0.40243,0.23684,0.7651,0.14019
1,9.5528,-1.8043,2.2115,0.17766,-0.63436,-0.17626,-0.93984,0.077854,-0.4644,8.5216,0.64107,4.1903,-0.22498,-0.21222,-0.052363,-0.077408,-0.20334,-0.96164,9.0913,-2.4355,1.0185,1.5204,-0.18794,0.29716,-0.72728,1.4398,0.054931,-11.118,4.2283,-0.27903,1.1081,-0.11504,-1.3312,0.72925,-0.091515,0.43971,-7.1422,-2.41,-0.51787,-0.59782,1.1051,-1.2539,0.666,0.87421,-0.20276
5,7.1667,1.7288,5.2703,-0.18393,-0.48308,0.090511,-0.61784,-0.24248,0.084998,3.6412,7.1804,5.244,0.068454,0.012491,0.28281,-0.80168,-0.49113,-0.28623,5.6004,-5.7233,5.8463,0.18188,-0.1902,-0.01669,-0.82404,0.2024,-0.59959,6.4954,1.8267,1.3107,0.66774,0.30509,-0.67014,0.20484,-0.57159,-0.36609,-5.0434,-11.607,-1.9826,-0.099173,0.084198,-0.78019,0.38874,0.27198,0.15619
2,5.1861,0.18517,0.38017,0.019271,1.9682,-0.10191,-0.75294,-0.098203,-0.76571,1.409,3.3124,5.2403,0.47578,-1.2604,0.91049,-0.007908,-0.80394,-0.78402,2.9482,-4.8135,7.3352,0.16851,-1.0217,-0.6143,-0.073911,0.57539,-1.1635,0.49795,-2.97,7.5502,-0.97878,-0.015238,-0.36768,0.11464,-0.72283,0.13691,-11.422,-13.236,2.7247,-0.64313,-0.11175,2.7932,0.7186,0.27218,0.044007
8,-2.7302,0.53782,-1.2629,-1.0698,0.041944,0.005515,-0.72028,-0.35644,-0.33283,-4.6132,-2.6257,5.0463,-0.56585,-0.081448,0.076945,-0.42649,-0.59288,0.36983,-3.5044,0.91812,1.6104,0.2459,-0.094541,0.37559,-0.33462,0.14982,-0.7314,2.4821,3.8579,-2.71,-0.24399,-0.77288,0.043068,0.48718,-0.44875,-0.43251,3.6047,-9.204,-1.146,0.04222,0.35689,0.29685,0.51795,0.2158,0.54433
4,10.832,0.25348,2.5227,0.91473,0.7435,-0.043745,-0.84164,-0.30607,-0.40775,-6.7896,9.8866,5.1948,0.80071,-0.34565,1.1,-0.15897,-0.59724,-0.47631,2.0237,-4.9635,9.2657,-0.18372,-0.67865,-1.5929,0.37907,0.52084,-0.91616,-8.2445,5.001,0.45015,0.54922,-0.27186,0.74996,0.6687,-0.032716,-0.16721,-7.9026,-0.74765,-2.7311,-0.33675,0.17429,0.3484,0.32499,0.49013,-0.027598
8,0.54295,-0.60718,5.3073,-0.19833,0.42156,-0.79562,-0.92218,0.18569,0.2775,-0.31457,-0.011699,1.8226,-0.68513,1.1887,-1.6091,-0.97111,0.30342,0.31212,7.8981,-0.93232,0.7738,-0.85482,-0.12034,0.092202,-0.9274,-0.049083,0.30045,-16.368,6.1201,1.0169,-0.15754,-0.81165,0.4497,0.8115,0.36083,0.29477,-5.7141,-3.25,0.069435,-0.42333,-0.14872,0.88191,0.8208,-0.31145,-0.32977
7,3.7542,-0.22249,7.6741,-0.41388,0.51726,0.44342,-0.19742,-0.055591,-0.94291,-0.007301,6.4096,-1.1009,0.84169,-1.0781,-0.60045,0.61847,-0.72858,0.019142,-1.6397,-3.327,12.86,-0.17682,0.51951,0.80902,0.48948,0.010351,-0.83233,0.86666,6.5397,4.0889,-0.17885,0.21284,-1.0109,-0.47297,-0.70922,-0.44926,-0.50487,-8.3726,1.2028,-0.23625,-0.001869,1.1129,-0.32191,0.91597,0.065012
1,12.391,-0.53906,3.7069,0.15567,0.41732,0.054074,-0.71747,0.18098,-0.50061,-0.78144,8.3007,5.7321,0.25757,-0.52767,-0.45337,0.046917,-0.14634,-0.63389,-0.80807,-6.7949,6.3156,0.031328,0.029854,0.00899,0.5263,0.83318,-0.55566,-12.486,2.2986,-4.3933,1.0317,-0.21633,-0.77309,0.86674,-0.14237,0.38059,-8.7364,-5.965,0.41055,2.7253,0.27452,1.4341,0.57058,0.859,-0.21404
5,8.1243,-0.56464,4.6291,0.036151,-0.9308,0.079304,-0.65136,-0.095193,0.022393,6.942,3.9675,5.3656,-0.091861,-0.081585,-0.094368,-0.90094,-0.026898,-0.11935,6.0694,-4.7552,5.8055,0.03049,0.041613,-0.076178,-0.79208,0.013831,-0.64823,3.2053,4.8693,-0.48983,0.93904,-0.64141,-1.8992,0.16634,-0.64727,-0.10008,-1.8887,-11.477,2.0412,1.3451,0.34016,-1.6371,0.37199,0.45383,0.14355
8,18.515,2.0217,7.7716,0.66357,-0.96533,-0.072407,-0.61794,0.42632,-0.29714,6.2962,11,10.438,-0.58829,-1.0444,0.98253,-0.40279,-0.19939,-0.62488,18.635,-7.4063,0.54998,1.7433,0.30575,-0.83152,-0.61654,0.10516,0.39643,-36.751,10.372,0.10745,0.3995,-0.35071,1.6977,0.47299,-0.138,0.48246,-24.12,4.241,5.1612,1.9065,-1.3824,-1.643,0.49337,0.15687,-0.41587
3,9.1583,0.75242,-1.905,0.60889,-0.041904,-0.19584,-0.89075,-0.14968,-0.35615,4.508,4.3377,7.5356,0.38343,0.60216,-1.2228,0.40388,-0.43955,-0.1103,5.2591,-7.0722,4.584,0.30311,0.69465,-0.023694,-0.17499,0.5247,-0.56542,-9.6829,0.39497,-4.1818,-0.1509,0.006715,0.11072,0.89039,0.11536,-0.43194,-9.8542,-6.8278,-0.55915,0.092456,0.36418,-0.75353,0.52477,0.94576,0.30921
1,11.362,0.38649,5.5674,-0.25596,0.15287,-0.019512,-0.635,0.16157,-0.68668,-1.5624,10.671,1.9388,-0.023294,-0.31904,0.030179,-0.076449,-0.51862,-0.54475,0.98567,-7.1984,8.5085,0.064525,-0.49815,0.22746,0.237,0.66929,-0.83014,-18.31,12.394,8.3823,-5.7635,-0.19807,-1.4874,0.49486,-0.7672,-0.13423,-12.613,-4.7912,-3.5821,-0.86144,-0.90648,-0.055128,1.1104,0.22767,-0.0148
9,8.9256,1.5787,-0.72622,-0.38218,0.61325,0.095267,-0.75336,-0.21388,-0.23231,6.6999,4.9158,3.3205,-1.6265,-0.31281,1.0645,-0.57965,-0.55363,0.063982,4.9948,-6.7287,7.3718,-3.9656,2.6602,1.0226,-0.44932,0.53586,-0.56222,-9.4337,-1.8819,-4.0165,-1.9393,-0.56991,0.79421,0.81393,-0.16751,-0.13474,-8.1494,-2.1267,-4.1126,-1.2332,0.30738,0.24966,0.75474,0.23165,0.25363
7,7.427,2.1784,2.9474,0.38312,-0.45864,-0.36539,-0.679,-0.12728,-0.76045,-7.0261,-3.8028,5.7392,1.1746,0.63011,-0.79074,0.73155,0.18717,-0.54466,-5.587,10.696,1.3593,-3.542,0.70297,0.90312,0.50313,-0.36417,-0.66724,-0.91197,12.616,-1.0674,0.29915,0.15052,0.8376,-0.42199,-0.80864,-0.10609,0.33124,-10.833,-2.6264,0.033251,-0.016402,-0.6346,-0.4701,0.77504,0.21047
0,7.9331,-1.3595,2.4506,0.19581,-0.22228,-0.10825,-0.83711,0.10177,-0.59243,7.8512,2.0928,3.5237,0.67911,-0.59673,0.76012,-0.28403,-0.24358,-0.75014,7.5142,-2.1643,1.5993,0.26236,0.62233,1.2012,-1.0477,1.2171,-0.50944,-9.3746,-2.124,-2.5577,0.27386,0.1228,-0.8802,0.69059,-0.19751,0.53637,-5.5139,6.1217,-2.4561,0.83162,0.73222,-0.090448,0.76187,0.63103,-0.43611
4,1.8731,0.95322,-1.1417,-0.68338,0.32484,-0.10673,-0.80195,-0.23189,-0.6254,-8.5508,6.7042,-3.5004,0.80803,-2.0987,-0.91094,-0.15431,-0.70399,0.24148,8.2459,-0.60218,4.3517,0.16725,0.49569,-0.049411,-0.011709,0.60015,-0.93239,-6.7742,3.4707,2.2214,4.5863,-0.88048,2.122,0.62517,-0.2032,-0.15566,-2.4354,3.9924,-1.6457,2.0651,-0.57066,1.9396,0.44571,0.41327,-0.036306
7,9.5953,-0.1982,1.4701,0.24635,-0.73772,-0.022756,-0.6582,-0.038861,-0.69363,-5.0044,2.9578,7.6427,-0.11019,-0.3273,0.65419,0.80166,-0.093848,-0.50502,-3.2815,0.44493,9.2524,0.15183,-0.75843,-0.27064,0.55767,-0.3207,-0.68866,2.9519,9.1293,0.14391,0.088814,0.005057,-0.13323,-0.66766,-0.65265,-0.22334,3.3498,-9.5336,0.09885,0.15767,-0.04495,0.020029,-0.75958,0.59617,0.021222
8,40.982,3.5529,58.878,1.4815,-1.0838,1.2517,-0.7794,0.38563,-0.29619,28.358,6.2591,0.16623,-1.3081,-1.8568,1.6812,-0.60191,-0.16562,-0.32714,35.273,-1.813,6.1956,-1.5667,-0.72224,-1.138,-0.7911,0.29192,0.11356,-33.468,-4.2164,-9.0087,-0.33302,4.1193,1.5947,0.60308,-0.30546,0.68986,-38.242,-13.298,-7.7507,3.4177,3.7669,-2.4416,0.61238,0.23786,-0.36198
4,-3.5333,3.148,-0.075441,-0.088163,-0.42028,-0.1405,0.6992,-0.3175,-0.34796,4.0888,8.522,-0.73227,0.56302,0.10522,-0.43526,-0.2843,-1.3551,0.11916,-5.5463,-9.7879,2.3946,-0.090929,-0.8857,1.4291,-0.076081,0.72398,-0.47136,-6.6349,4.0541,-0.8826,-0.21865,0.68837,-1.4358,0.54683,-0.29583,-0.13636,-7.4348,-2.4636,-1.4775,-0.6763,0.10094,-1.4733,0.60338,0.31727,0.16078
3,10.435,-0.17071,0.74504,-0.26354,-0.15369,-0.24694,-0.73723,0.02404,-0.53389,5.6768,6.1285,5.2926,0.035811,-0.65091,0.47005,0.29749,-0.36353,-0.11515,4.6669,-5.7933,6.3883,0.0076,-0.41921,-1.08,0.092285,0.42052,-0.69316,-10.953,5.3768,-3.1377,-0.33215,-0.066725,0.53824,0.69338,-0.39643,0.2201,-8.389,-2.0467,-2.6458,-0.63467,-0.3001,1.256,0.54537,0.71908,0.23083
8,1.4643,-0.32065,-0.026253,0.15532,-0.1028,-0.078625,-0.43209,-0.031582,-0.67388,1.1334,2.4201,-1.1091,0.011528,-0.31109,-0.40819,-0.46684,-0.43922,-0.36814,0.92211,-1.5411,0.65925,0.66938,-0.16677,0.13504,-0.42753,0.42445,-0.42921,-4.7043,5.2583,0.20078,-1.3604,-0.16692,1.2481,0.61978,-0.33935,0.013115,-4.0723,-1.6323,-0.87106,0.20333,-0.35001,-0.95844,0.61518,0.27017,0.28046
9,6.3579,-2.008,6.2788,-0.11833,0.012732,-0.022572,-0.41805,-0.22741,-0.83562,-7.7067,-4.8102,0.41286,-0.12562,0.12156,-0.2235,0.65706,0.49536,0.50019,-7.7651,3.0174,3.1101,0.05408,0.074937,0.244,0.49301,-0.7502,-0.31487,-9.2307,1.6688,-1.4649,-0.11537,-0.050807,0.086946,0.83996,-0.40741,-0.216,-9.4515,-1.6701,-0.98783,-0.50391,0.057136,0.25282,0.70294,0.69028,0.25126
1,7.3574,-1.4534,0.94624,0.048586,-0.055527,-0.25551,-0.77828,0.11905,-0.42574,8.0914,1.4495,3.3656,0.061789,0.37075,-0.86967,0.78405,-0.017784,-0.44468,7.4257,-3.5479,4.5617,-0.050233,0.078036,0.12387,-1.2421,1.0026,-0.71282,-8.7628,2.0866,-3.2429,0.55166,0.19859,-1.2804,0.7507,-0.52548,0.2333,-10.114,2.5593,-1.0197,1.4168,1.0448,-2.0433,0.82092,0.86166,0.1245
2,2.2223,0.92534,0.4145,-1.2738,-0.86348,-0.11689,-0.87617,-0.011464,-0.51953,-4.0124,7.6629,-0.022727,-0.99759,-1.5501,-1.731,0.16213,-0.75452,-0.30944,6.5485,1.0286,0.19362,-0.14272,1.1177,-4.0795,0.18588,1.0683,-0.45595,-6.5674,-2.8584,1.3337,1.1604,-0.16794,2.6757,0.7104,-0.19428,0.38716,-0.75048,5.102,2.631,-3.081,1.5025,-0.84362,0.8387,0.61478,-0.17061
9,10.433,-3.6174,1.5914,0.96387,-0.23818,-0.12372,-0.78257,-0.17299,0.12932,9.024,4.4053,0.066561,-0.60123,-0.60293,1.5169,-0.78569,0.13745,0.10372,9.6369,-7.3921,-3.033,-1.6215,-0.59128,2.2309,-0.47539,0.49388,-0.54131,-9.6121,0.69564,-4.5683,-0.042615,0.17351,-0.57222,0.80443,0.16263,-0.1691,-9.0582,2.4823,-0.68422,-1.9429,0.035587,0.33706,0.76892,-0.002754,0.28254
5,7.5435,2.3358,4.768,0.41037,0.17258,-0.028074,-0.61847,-0.23227,0.10297,3.6896,7.4572,5.2013,0.044931,0.12581,-0.10167,-0.80116,-0.49748,-0.27579,6.3332,-4.9106,5.3343,0.27583,-0.27509,-0.076525,-0.84067,0.18175,-0.58357,-5.8553,10.612,-0.087778,-0.047507,0.20657,0.81621,0.39561,-0.36641,-0.20001,4.133,-4.4167,1.5985,-0.77656,0.03006,1.2229,0.14825,0.58672,0.1065
3,3.7216,-1.9236,1.5247,-0.46469,0.30204,0.22247,-0.61275,0.035819,-0.72638,4.619,2.7432,5.6163,0.13278,-0.46614,0.066613,0.45013,-0.33064,-0.43011,2.4267,-4.1824,7.4356,-0.054301,0.089101,-0.58409,0.089437,0.29456,-0.67678,-6.1831,3.7352,-1.6569,-0.46649,0.35613,1.6763,0.86269,-0.28223,-0.24707,-5.6393,-1.0287,-0.99247,-0.82025,0.26985,1.7213,0.77348,0.62193,0.24736
3,5.1641,0.1254,-2.4725,0.43378,-0.49528,-0.047375,-0.89165,-0.25146,-0.23476,6.308,4.7078,3.1841,0.81103,-0.73697,0.37757,0.40978,-0.4961,-0.48783,6.9892,-4.5265,3.4776,-0.15062,0.027964,-0.85676,-0.34485,0.40761,-0.58544,-7.4365,-3.0116,-0.99762,-0.22528,-0.46739,1.5244,0.86168,-0.26677,-0.27517,-6.5358,-3.935,-1.6445,0.8425,-0.79567,1.2728,0.74007,0.40875,0.58773
7,10.143,-1.0235,1.6631,0.015016,-1.5563,0.22996,-0.85167,0.028992,-0.60849,-4.852,-1.6788,8.615,-2.7465,0.73989,0.27243,0.57204,0.43345,-0.58188,-4.2391,2.5773,8.8162,-0.42097,-1.2621,0.19383,0.41792,-0.59189,-0.53061,2.8148,8.9917,-0.47153,0.082192,0.12885,0.7155,-0.7113,-0.59388,-0.13711,3.2597,-8.2535,-0.41402,-0.23313,0.26898,-0.64433,-0.73656,0.54493,0.13908
9,7.2753,2.2365,0.20654,-2.3245,0.007173,0.14354,-0.66726,0.013915,-0.7632,-0.95724,15.131,-0.02053,5.8482,-1.7181,4.2026,0.66093,-0.62049,-0.41832,14.908,-33.398,-21.516,-1.1741,4.8605,-4.841,0.58117,0.80114,0.21358,-8.0043,3.3776,1.4283,5.4465,0.25632,0.25998,0.76088,-0.74228,-0.12836,-10.307,-1.3738,1.7619,1.4545,0.51308,1.0825,0.89207,0.56769,0.35369
0,10.48,0.43144,1.435,0.66592,-0.71926,-0.15277,-0.85803,-0.20022,-0.6788,5.0833,5.8911,5.0949,0.17661,0.098263,0.1889,-0.52645,-0.76543,-0.73044,5.2477,-5.8483,7.432,0.12043,-0.48225,-0.082104,-0.35383,0.91473,-1.1602,-9.8301,-1.7327,-1.5273,0.10952,0.41721,-1.2109,0.20998,-0.74779,-0.11594,-12.325,1.8231,1.735,0.26132,0.42768,-2.4137,0.53274,0.38984,0.26645
1,11.002,0.58139,5.748,-0.15189,-0.063155,-0.21991,-0.865,-0.16084,-0.66367,11.385,3.1931,4.1672,0.01736,-0.021986,0.053845,-0.72101,-0.47859,0.049457,6.9217,-4.8869,2.5988,0.09706,-0.25943,-0.72118,-0.40448,1.5488,-0.36346,-12.065,0.46175,-2.2679,1.1688,0.071319,-0.97803,0.7034,-0.086442,0.16815,-6.5542,-8.1322,-0.59095,1.283,0.45684,-0.29545,0.045306,0.64505,0.046105
6,8.6699,0.10015,4.6231,-0.44971,0.35151,0.14564,-0.91036,0.30514,-0.12901,3.0873,7.1261,6.051,-0.17288,-0.16267,0.1723,-0.81597,-0.35681,-0.57378,1.5467,-4.0289,9.0854,-0.14509,0.22734,0.070751,-0.68126,0.63241,-0.59425,-0.80074,0.43796,-0.98428,-0.53424,-0.17605,1.0789,0.64582,-0.531,0.06703,-6.8627,-9.2528,-7.1154,0.66712,-0.18769,0.51284,0.72444,0.41393,-0.11656
7,7.3335,0.2056,6.52,0.08613,-0.31048,0.10706,-0.25991,-0.11166,-0.91014,-5.3522,3.3301,6.7927,0.046008,-0.54492,0.22195,0.88026,-0.08277,-0.35404,-5.4715,-0.97738,7.7976,0.26958,-0.38176,0.052805,0.80416,-0.12511,-0.48769,2.9752,9.1586,-0.8923,0.05377,0.063564,-0.12712,-0.71959,-0.61394,-0.15328,3.8319,-8.8119,2.2322,0.10638,0.057082,0.12195,-0.80346,0.52151,-0.092757
9,8.7334,-2.3075,0.31315,-0.21748,-0.46414,0.55373,-0.83815,0.050577,-0.53069,-0.43043,9.8886,-2.778,0.46765,1.7738,-0.29283,0.69933,-0.48107,0.29679,0.26677,-0.33071,1.206,0.56714,-5.4957,-3.2553,0.33581,-0.092786,-0.81655,-10.677,0.44732,-2.6856,2.8239,0.44739,-0.70037,0.67779,-0.3466,-0.38867,-10.33,-2.9996,-1.1386,1.3608,-0.58979,-0.21782,0.77912,0.21849,0.41491
4,-5.4543,1.6861,2.6742,0.94563,-1.3637,-0.59192,0.72984,-0.056689,-0.38409,-5.2382,8.2845,-4.1135,-0.78955,-2.8018,-1.378,-0.31001,-0.79339,0.296,4.0784,-7.0663,4.4412,-0.093105,0.59703,1.4483,0.081687,0.82479,-0.73899,-10.798,-1.4805,-2.0463,1.3865,-0.64716,2.4945,0.62327,-0.18541,-0.21661,-8.3742,-5.4022,0.15661,-0.091511,-0.14367,0.96944,0.51098,0.39893,0.1824
3,8.1605,-2.1711,-0.51011,0.12328,0.097311,-0.027608,-0.93231,0.049506,-0.45382,1.7547,7.2483,5.46,0.74197,-1.2337,0.58367,0.69661,-0.24233,0.002243,0.073879,-5.8212,7.17,-0.14181,-0.37514,-1.0735,0.49938,0.42778,-0.55688,-8.6308,0.7917,-0.64997,0.14812,-0.027208,0.25961,0.73567,-0.36342,0.049522,-6.977,-6.4012,-2.3373,0.011973,-0.45015,1.1252,0.52319,0.71975,0.1934
0,9.4796,-0.81437,1.8261,0.5764,0.001755,0.34367,-0.64123,0.11219,-0.62304,9.8602,4.9143,-0.31555,0.98391,0.58559,2.1646,0.040974,-0.1584,-0.83276,10.401,-3.9791,5.2726,0.5177,0.3997,0.5259,-1.4575,0.82063,0.29651,3.3657,-24.814,-7.6553,-0.47886,0.46733,-0.28902,0.4257,-0.66392,0.25992,-10.04,-3.3378,-0.39389,-0.16656,-0.39099,-2.4961,1.0935,0.48769,-0.087476
0,8.9151,1.4287,3.0684,0.10202,-0.24026,0.081135,-0.84203,-0.18205,-0.68284,5.1841,6.294,4.7406,0.10896,0.53582,-0.25818,-0.45582,-0.83523,-0.68613,6.1197,-4.4732,6.0642,0.092301,0.43674,0.56049,-0.47188,0.73476,-1.1159,-6.0535,-3.7195,0.32446,-1.2091,0.16253,0.38774,0.048589,-0.82248,-0.048038,-10.914,-1.0546,-1.6981,-0.4915,0.084294,1.2107,0.63317,0.36583,0.11164
4,11.164,-2.9562,1.4839,0.26544,0.18882,0.30327,-0.79121,0.11924,-0.475,3.2433,8.4639,4.2225,-0.033858,0.32998,-0.61907,-0.31863,-0.79465,-0.46797,-2.2649,-8.3312,5.9036,0.051791,1.0134,1.693,0.083784,0.57101,-0.66248,-11.835,0.49245,-3.0188,0.013995,-0.1993,-1.079,0.51081,-0.40593,0.042078,-13.348,-0.34399,-1.4089,0.55855,1.2015,-1.3308,0.53306,0.3005,0.18255
6,8.6413,-1.5447,5.5036,-0.037131,0.16827,-0.045502,-0.88828,0.44074,-0.12755,1.2603,3.0697,7.3055,-0.66936,-0.10249,0.27895,-0.38591,-0.2693,-0.90601,-0.56868,-5.0453,7.9019,0.15554,-0.056351,-0.026967,-0.23915,0.77286,-0.51992,-7.5206,7.6098,-0.92889,-0.048556,-0.10554,-1.5692,0.51875,-0.47997,0.29946,-7.3665,-9.3218,-0.35423,0.71956,-0.011131,-1.8438,0.51112,0.59042,-0.42504
1,12.946,0.29343,3.8495,-0.21851,0.19928,0.035533,-0.71324,0.15643,-0.48158,-0.7846,8.2319,5.9813,-0.4583,0.39491,-0.34254,0.071552,-0.17257,-0.62213,-1.0179,-7.0601,7.8663,-0.065497,0.16032,0.50095,0.51822,0.82726,-0.55391,-5.2585,-1.3855,-2.0242,-2.2462,-0.69736,-1.7309,0.15205,-0.86196,0.25751,-12.947,-2.1732,-0.91141,-0.72767,0.13631,1.2118,1.1091,0.26528,-0.080958
9,7.8757,-1.8201,0.30795,-0.46548,0.21179,-0.19388,-0.77914,-0.40182,-0.11321,3.1151,-2.6252,3.8461,-0.34032,0.33854,-1.3528,-0.26875,-0.77627,-0.23012,5.2632,-1.6041,1.3947,1.6804,-0.29028,1.6491,-0.41815,0.095217,-0.72575,-8.5393,2.1621,-1.161,-0.31218,-0.10731,0.14765,0.88724,0.03263,-0.14193,-5.1726,-0.27336,-1.1034,0.52691,-0.41582,0.79555,0.55631,0.4417,0.53338
0,8.7091,-1.2044,1.7264,0.24017,0.071877,-0.044776,-0.85894,0.09803,-0.55441,8.3902,0.82153,4.308,0.018713,-0.44459,0.69518,-0.39353,-0.30248,-0.78284,7.8434,-1.9165,1.2864,0.4543,0.59016,0.86416,-1.1635,1.2979,-0.34199,-10.486,-1.2216,-2.3903,0.36815,-0.13503,-1.0562,0.70967,-0.11177,0.44372,-7.3198,-1.0643,8.4377,0.63115,0.3369,1.3096,0.76431,0.68331,-0.38567
8,1.8593,-0.63253,-0.47524,-0.111,-0.4172,0.023756,-0.72127,-0.32788,-0.31981,1.4132,1.771,-0.22139,-0.12124,0.47769,-0.75356,-0.39397,-0.58891,0.37344,0.49707,-3.2875,1.0582,-0.67221,0.074186,0.004739,-0.40848,0.062154,-0.66061,0.47913,-0.031432,-2.4858,1.0386,0.37576,-0.29716,0.47124,-0.30529,-0.49034,-0.35449,2.4006,-2.6096,-0.93372,0.82151,-0.093871,0.45229,0.17332,0.61652
5,7.5087,0.51807,3.1075,-0.097779,-0.17164,0.028578,-0.65252,-0.14892,0.09696,4.0653,6.6521,4.936,-0.068273,-0.26427,-0.10355,-0.82019,-0.4539,-0.27196,4.618,-7.152,5.0757,0.24677,-0.041431,-0.043178,-0.7239,0.34999,-0.65671,6.6876,0.80297,2.0816,0.63816,0.43911,-1.3477,0.2856,-0.50276,-0.38354,-5.1312,-11.582,1.112,-0.36911,0.68385,-1.6437,0.39639,0.29173,0.11866
5,7.9322,1.3956,5.4325,0.13555,-0.06982,-0.042208,-0.63768,-0.19711,0.072989,3.438,7.0262,5.9284,0.046933,0.14476,0.053966,-0.81127,-0.4886,-0.28757,4.6064,-6.316,6.4631,-0.20824,0.02842,-0.008197,-0.74348,0.25226,-0.6565,-7.1022,9.1541,0.86475,0.58546,0.32553,-2.701,0.34507,-0.42513,-0.25309,-2.5153,-10.087,-0.2309,0.49325,-0.22661,-2.5124,0.28211,0.49893,0.09571
8,30.996,-8.58,-5.3697,-1.29,-0.47609,0.49203,-0.60689,0.34991,0.38368,27.236,2.126,0.35186,1.6949,0.28547,0.91034,-0.6315,0.14846,-0.23605,24.533,-0.92646,2.9801,-4.3183,0.1538,-0.20474,-0.76766,0.29695,0.19454,-20.284,-4.9206,-6.2936,-0.32885,-0.16723,-0.56391,0.60639,-0.10188,0.7558,-23.821,1.2409,-3.9605,-0.19024,-0.087049,0.42383,0.63321,-0.070327,-0.34994
8,3.7961,0.098894,-3.3526,-0.23584,0.28894,-0.21519,-0.80896,0.36483,-0.20785,-0.80918,3.4443,0.031773,-1.0909,-0.86447,-0.83067,-0.64199,-0.1975,-0.24158,1.6259,3.1969,0.028102,-0.82137,2.1132,-1.9228,-0.71663,0.38136,0.082557,0.61213,-1.8325,0.43263,-2.7507,-0.15545,-0.14867,0.63236,-0.16456,0.48578,1.3223,3.0184,-0.86051,0.47945,0.90777,-0.58844,0.59534,0.072721,-0.38142
0,9.9223,-0.12886,1.9365,0.75569,0.16129,0.089891,-0.82285,0.1481,-0.60131,10.377,0.5355,3.6438,-0.002654,-0.70319,1.3718,-0.052817,-0.061869,-0.73332,11.044,-1.9959,1.8256,1.2982,0.62929,0.63284,-1.237,1.237,-0.011481,-10.178,-2.613,-2.7987,0.98673,-0.077768,-1.4147,0.63289,-0.40587,0.49684,-12.855,1.3516,-2.0775,0.28726,0.057994,-2.4816,0.91363,0.63434,-0.30265
0,6.6284,0.069937,3.4522,0.35716,0.24035,-0.088111,-0.78339,-0.22899,-0.73657,5.6696,4.6527,5.5896,-0.022755,0.081467,0.17808,-0.49047,-0.74721,-0.73862,5.8074,-5.3089,5.1174,0.15598,-0.5471,-0.15526,-0.40735,0.88294,-1.2007,-9.703,-1.4749,0.46145,0.91116,0.20779,-1.7695,0.31568,-0.65745,0.002615,-9.4895,3.7009,0.37455,1.7073,0.52569,-2.2589,0.39771,0.56113,0.27887
6,9.6631,-0.5422,0.92262,-0.22693,0.14583,0.40747,-0.76833,0.31073,0.26913,1.1013,4.2936,8.5211,-0.23575,-0.31846,0.13744,-0.44603,-0.14913,-0.64571,0.98103,-2.5392,9.311,-0.17661,0.23544,0.162,-0.40991,0.57543,-0.52727,-2.2473,5.1518,-1.687,-0.75271,0.11572,1.0306,0.50228,-0.49156,0.32684,-7.3179,-6.0992,-7.5123,-1.0413,0.035902,0.44233,0.6235,0.37697,-0.007008
5,6.7715,0.88902,7.0188,-0.072154,0.29787,-0.17872,-0.66194,-0.18914,-0.08291,4.7716,7.0992,-4.4358,-0.049116,-0.12291,-0.042543,-0.75453,-0.3199,-0.11952,5.6982,-8.1721,1.7651,-0.054054,0.030728,0.076945,-0.87279,0.39476,-0.66528,0.46246,6.4717,2.4668,-0.23159,0.70923,-1.9476,0.22254,-0.53846,-0.3574,-2.2459,-8.6173,-8.4732,0.03021,0.65538,-1.4866,0.30146,0.30723,0.33271
8,-3.12,-1.6429,-0.47508,-0.5288,-1.9454,1.1813,-0.7995,0.28955,-0.35191,3.2103,3.401,1.171,0.36179,-0.54771,0.94635,-0.65424,-0.18484,-0.1895,1.6263,-3.0449,5.5214,4.1608,-2.313,-0.70449,-0.71927,0.38773,0.10287,-0.7007,0.30932,-1.1245,-3.0249,0.015936,0.51721,0.68189,-0.13325,0.44333,-1.9439,5.6817,-3.2212,0.82025,1.1166,-1.4683,0.59451,0.17797,-0.33174
3,8.7446,-1.4944,-0.26524,-0.16078,0.14963,0.1955,-0.90215,0.10436,-0.52838,1.9437,8.3592,4.0787,-0.053048,0.61388,-0.69939,0.58008,-0.23067,0.26353,-0.040829,-7.2307,6.5596,0.019271,0.26098,1.0792,0.49867,0.51835,-0.4369,-9.1984,2.0633,0.37866,-0.36301,-0.20155,-0.88101,0.71324,-0.43923,0.10511,-8.3047,-4.4985,-1.2998,-0.005934,0.25955,-1.2068,0.59188,0.66752,0.18314
7,9.0642,0.56815,1.7142,0.21863,-0.39728,-0.20766,-0.66079,-0.20898,-0.66011,3.1866,10.092,1.7515,-0.4587,0.42861,0.93586,0.39006,-0.80936,-0.28872,4.0623,-3.1237,9.5649,0.74441,-0.77621,-0.96084,0.2392,-0.033659,-0.93093,1.4257,8.68,3.5659,0.27428,-0.26814,0.31002,-0.68381,-0.60382,-0.32024,-0.084129,-9.181,1.6478,0.16466,-0.027678,-0.24212,-0.54254,0.80719,-0.041597
2,40.263,-6.2614,5.2271,5.2169,3.1373,0.97597,-0.85706,-0.19712,-0.67631,-2.6543,18.095,12.117,0.34115,2.763,1.1596,0.41531,-0.77787,-0.45914,0.13967,-19.258,6.5632,2.6687,-1.4898,3.6327,0.61536,0.94985,-0.73214,-10.856,-12.083,-10.632,-0.42086,-0.13356,-3.2917,0.20924,-0.65741,0.060173,-27.725,1.3641,-0.30556,-0.13553,-0.20203,-3.3382,0.59751,0.46603,0.072261
8,29.587,-6.1212,6.8,0.47625,-0.1047,-0.10225,-0.73184,-0.36015,-0.20594,22.443,8.0575,-0.14951,0.74493,0.46937,-0.35834,-0.41367,-0.53546,0.39922,18.854,-6.5844,9.1193,-0.15783,0.097594,-0.11622,-0.37892,-0.081517,-0.64746,-10.02,-34.752,1.0171,1.1089,-2.287,-0.81302,0.5108,-0.2488,-0.44702,-16.002,46.936,-2.3221,-1.1798,-1.5205,1.3526,0.33999,0.14246,0.68681
3,6.896,2.041,-0.91392,-0.36155,0.31322,0.14591,-0.8788,-0.13746,-0.38723,6.3562,4.133,5.6897,-0.14852,0.10766,-0.53761,0.30376,-0.51255,-0.17907,6.2356,-3.379,6.0899,0.12601,0.48304,0.47791,-0.29548,0.4364,-0.64958,-8.6767,0.65501,-0.97255,-0.64751,-0.31277,1.3291,0.89774,-0.14911,-0.22948,-7.7228,-3.4785,-0.62758,0.18236,-8.1e-05,1.2499,0.65251,0.70815,0.5707
7,6.2646,-0.25414,4.9774,-0.099867,1.2973,-0.059156,-0.35566,-0.076725,-0.89676,-0.31261,11.196,-2.0777,0.46356,-1.0249,-0.4803,0.61874,-0.71798,0.11789,-0.17958,-4.0302,8.3515,-0.20088,0.22207,0.57742,0.50262,0.072649,-0.81995,0.75069,7.6481,4.5203,0.000431,0.71271,-1.1344,-0.4404,-0.73894,-0.43585,-1.5478,-9.6444,1.1952,0.036133,0.2032,1.1756,-0.28738,0.92975,0.03291
8,9.5066,-0.37928,1.1183,0.055776,0.067352,0.016822,-0.78738,-0.38285,0.18141,9.696,3.9417,1.2858,0.46248,0.11451,1.0013,-0.62819,-0.074404,0.49177,8.8906,-2.5312,1.4947,-0.17861,-0.37814,-0.44015,-0.60192,-0.38481,-0.07592,-9.241,1.7848,-1.4295,0.19805,0.18094,0.098561,0.47807,0.13516,-0.44712,-8.6418,-3.4322,-2.155,-0.10568,0.004023,-0.013214,0.38957,-0.269,0.56771
0,8.6604,0.4675,-2.0383,0.044038,-0.10647,-0.17471,-1.0468,0.1382,-0.58801,3.4328,7.3551,5.3241,-0.34846,-0.34123,0.27416,-0.43201,-0.63906,-0.7776,2.239,-6.9425,7.4517,-0.065793,-0.21888,-0.30879,0.15084,0.94871,-0.97152,-7.3368,-8.3717,1.8558,0.22828,0.47098,-1.8992,0.23166,-0.72757,0.18395,-17.136,5.2467,-4.802,-1.8443,1.3786,-2.4815,0.64476,0.48919,0.16424
4,4.7278,1.2963,0.18333,0.59257,0.48922,-0.040246,-0.84615,-0.31985,-0.29422,-5.8217,9.8422,5.7049,-0.007135,-0.089055,-1.4439,-0.31335,-0.56138,-0.6375,5.9979,-3.6555,6.0645,-0.51733,0.79916,0.24893,-0.033121,0.57096,-1.0187,-7.9275,-1.5714,-0.72184,0.53424,-0.11107,2.1562,0.69395,-0.093186,-0.049771,-8.0502,-1.1387,-1.6537,-0.58628,-0.7629,1.9002,0.46204,0.32815,0.25309
4,-4.6314,3.3145,1.4073,0.21494,0.29585,-0.32361,0.71792,-0.32938,-0.32915,3.4241,9.3122,-1.3103,-0.23234,0.56254,0.25328,-0.24986,-1.4503,-0.13668,-4.8045,-9.8909,3.9984,-0.11174,0.008667,0.24495,-0.038154,0.68968,-0.51056,-6.1787,2.1041,-0.63059,0.71603,0.6718,-1.331,0.52633,-0.3019,-0.16192,-6.1659,-9.6772,-3.499,1.6837,0.06436,-0.81363,0.65938,0.23436,0.16599
7,9.5267,1.086,2.0155,-0.93898,-0.92876,0.46725,-0.75696,-0.22702,-0.55731,0.65046,2.7495,10.968,-0.22646,-0.63662,0.82694,0.33807,-0.11737,-0.88877,3.0057,-4.3938,10.909,0.24483,-0.18407,-0.94465,0.16241,0.091405,-0.93069,-0.90656,9.1659,1.2461,0.11933,-0.259,0.76667,-0.30859,-0.87211,-0.2564,-0.92984,-10.476,0.67208,-0.28457,0.25131,-0.85627,-0.36401,0.89932,0.031931
4,12.445,1.8207,3.674,-1.4696,-0.49846,-0.62157,-0.75819,-0.11019,-0.47521,-0.92246,10.502,4.0438,-0.53188,-0.070207,0.67663,-0.019089,-0.87508,-0.75514,-2.6605,-7.9068,4.5572,-0.51464,-0.71716,-1.1162,0.2647,0.54011,-0.6276,-8.4248,1.3908,0.19686,0.8147,-0.1412,1.3436,0.45709,-0.21891,-0.11682,-13.226,-2.7774,-1.6371,-0.071256,0.053937,1.0352,0.667,0.17494,0.092255
6,9.0118,-4.6682,0.87616,-0.25016,-0.36599,-0.010494,-0.94485,0.55914,0.23718,-0.62334,8.2802,4.6558,0.041389,-0.030253,0.066659,-0.5713,-0.53968,-0.65735,-0.051644,-2.5675,9.2441,0.09723,0.077546,0.2455,-0.47225,0.57791,-0.68082,0.3388,0.27974,-0.11323,0.14711,0.42729,-0.26237,0.44775,-0.61975,0.23988,-8.1949,-8.8379,-2.3297,-0.55448,-0.042767,-1.0349,0.61673,0.32373,-0.40663
6,9.4736,0.33212,2.3799,-0.31448,0.032853,0.12915,-0.92519,0.28545,0.20054,2.0758,1.5507,9.4932,-0.074954,-0.13494,-0.075578,-0.82334,-0.048517,-0.75032,1.5957,-0.8745,9.3763,0.002423,0.026158,-0.003027,-0.60509,0.53774,-0.73,-8.8599,7.7347,-2.1142,-0.88901,-0.13186,1.4924,0.61962,-0.25648,0.30966,-5.9301,-6.8934,-3.7942,-0.99477,-0.53408,1.644,0.61585,0.54565,-0.11866
2,5.7294,-1.6244,1.3291,0.18466,1.5591,-0.1869,-0.8028,0.12278,-0.66065,4.8687,11.976,-1.2953,-1.4025,-0.099284,1.08,-0.62994,-0.6574,-0.31688,6.0664,-3.1104,3.7407,-0.4606,-1.9047,-1.7851,-0.44343,0.63485,-0.93664,-13.692,5.1915,0.002862,0.98823,-0.19908,-3.1027,0.88973,-0.26561,0.19323,-4.0065,14.568,3.4744,4.6106,-0.29377,0.3901,0.68709,0.71576,0.012943
4,10.17,0.37355,2.7785,-0.54046,-0.3605,0.22363,-0.80149,0.001135,-0.46392,1.6576,8.5643,4.1465,0.28342,-0.2059,1.466,-0.31329,-0.84411,-0.66349,-2.4642,-8.5795,6.3737,-0.28755,-1.0258,-1.3074,-0.038986,0.56567,-0.61198,-7.0783,1.3198,-0.11964,-0.14896,0.32617,-0.19602,0.50554,-0.28482,-0.086749,-10.127,-1.3098,-1.7994,-0.86851,-0.35328,0.39379,0.66027,0.14224,0.24155
4,10.292,0.43926,2.5944,-1.1593,0.1159,-0.12856,-0.77072,-0.093099,-0.4601,-2.3185,7.2545,4.5628,-0.55367,-0.099706,-0.4374,-0.16835,-0.68556,-0.59075,0.075436,-6.4138,6.768,-0.021184,0.73429,0.69613,0.059978,0.49032,-0.94756,-10.786,3.5408,-1.1372,-0.40624,0.24417,1.6481,0.47897,-0.35299,-0.1673,-10.881,-1.285,-2.937,-0.28541,-0.20803,1.1536,0.5178,0.25046,0.27313
5,8.2234,-0.15007,4.5058,-0.54048,0.090299,-0.29339,-0.64841,-0.09121,0.042523,-0.65105,5.3087,7.9447,0.073573,0.012206,0.19255,-0.17882,-0.4274,-0.28204,-0.073507,-2.4495,9.6769,0.057576,-0.21214,-0.048233,-0.50578,-0.078684,-0.60287,-3.9028,13.328,-3.0656,1.0452,0.42466,-0.12701,0.43154,-0.49677,-0.016863,6.1131,-1.2631,1.5465,0.65909,-0.32165,-0.54398,-0.014236,0.63353,0.062752
9,8.7565,-1.8923,3.7351,-0.32289,-0.088254,0.07959,-0.62571,0.31334,-0.74563,0.5422,5.435,8.0309,0.09354,0.14754,-0.10562,0.39894,-0.15867,-0.92744,-0.51346,-5.5702,7.5958,-0.28519,-0.066528,-0.36844,0.44777,0.71647,-0.5758,-9.4187,1.1111,-1.2613,-0.14402,0.14658,-0.24736,1.0364,-0.45662,0.18143,-9.5878,-3.9988,0.027409,-0.003871,0.09383,-0.71363,1.0227,0.47287,-0.2069
3,17.898,-1.5679,4.5373,-0.073956,-0.7624,0.13336,-0.7612,0.087012,-0.59252,-2.6714,8.121,8.7982,0.030704,-0.14761,0.12501,1.1143,0.37728,0.063559,-3.3432,-6.0675,9.3695,0.24072,0.037266,0.12436,0.49341,0.13765,-0.51941,-8.159,5.9836,-3.5889,0.058907,0.43304,-0.58125,0.54306,-0.73656,-0.15134,-16.114,-1.2843,-1.8544,-0.13857,-0.14816,0.017586,0.72139,0.37328,0.48312
1,12.608,-0.14043,2.7633,-0.030656,-0.11402,0.4749,-0.75439,0.14063,-0.46172,12.698,3.5309,-1.0449,0.64561,-0.2146,0.95854,-0.16303,0.20222,-1.4116,13.159,-0.78634,4.4871,-0.46223,0.1991,0.18024,-1.2805,0.48547,0.31796,-15.225,8.2602,-0.18104,0.20368,0.055381,0.034932,0.42259,-0.75396,0.16867,-12.521,-5.6344,-1.2417,-1.4069,-0.20749,-0.027457,1.127,0.2552,-0.016463
0,10.937,0.44389,1.7638,-0.39249,0.001176,0.18278,-0.84376,0.15388,-0.54067,9.3223,0.87812,2.5459,0.18021,0.070227,0.09267,0.018032,0.16294,-0.53755,9.097,-2.7083,3.689,-0.15232,-0.049744,0.389,-0.94522,1.02,0.040268,-2.5349,-7.806,-1.1115,0.8493,0.72677,1.5607,0.52477,-0.55326,0.41706,-9.8368,-4.3562,-0.3632,0.36417,-0.43747,0.3132,1.0089,0.22923,-0.060199
6,8.7171,0.23569,3.7693,0.002892,0.14436,0.17063,-0.918,0.3071,-0.055795,2.8315,7.0631,5.9317,-0.072826,-0.067445,0.14972,-0.81931,-0.37209,-0.55919,1.6925,-4.3292,9.1283,-0.059693,0.066956,0.075847,-0.69625,0.63379,-0.57713,-0.84563,1.1145,-0.51901,-0.42524,-0.018424,0.91405,0.63857,-0.54812,0.059042,-6.4465,-9.3554,-7.4492,0.33612,-0.11094,0.28078,0.72609,0.40798,-0.12195
4,-5.6814,3.9768,8.4753,-0.30334,1.1905,0.47292,0.6859,-0.12791,-0.40298,-5.632,9.2251,-6.5893,0.85549,1.247,1.127,-0.21386,-0.59278,0.3261,4.2362,-8.533,4.5373,0.7949,-0.23377,-1.5888,0.069063,0.81451,-0.74615,-9.6998,2.926,0.44148,-0.07792,-0.30387,-0.30397,0.68603,-0.12941,-0.16725,-5.7966,-0.64835,-0.33,-0.49797,-0.049422,0.42243,0.34611,0.50716,0.12689
1,11.218,-0.86795,1.1896,-0.13005,1.3313,-0.19221,-0.69731,0.15146,-0.53061,-0.9791,10.334,5.4683,0.14787,0.064709,0.76128,0.062875,-0.16957,-0.62515,-1.4685,-7.5664,7.8155,-0.093091,-0.46995,-0.32542,0.5167,0.81729,-0.575,-6.251,-6.7745,-2.5623,1.8443,0.28703,-1.2638,0.30711,-0.8334,0.2445,-9.7523,-8.8164,0.97737,-0.48556,-0.37066,-1.7726,1.0926,0.28547,-0.045065
8,6.2006,-0.55004,5.3464,0.87572,-0.005163,-0.32358,-0.93474,0.21121,-0.62231,6.1692,3.5578,-0.14672,-0.183,-1.3736,-0.011159,-0.64176,-0.94951,0.2212,5.5898,-3.3861,-1.6222,0.20831,-0.53507,-0.15648,-0.77354,0.82015,0.1126,-13.066,5.7664,1.3311,0.31348,-0.44033,-0.90771,0.97868,-0.63349,0.14174,-9.0943,0.53435,-4.5075,1.9313,-0.34555,0.59902,0.954,0.69888,0.36869
4,12.608,1.7297,3.898,-1.1382,-0.33274,-0.38283,-0.76409,-0.096563,-0.48265,-2.357,7.7319,6.3673,-0.41346,0.33152,0.66285,0.039007,-0.79612,-0.7879,-4.5635,-6.2067,6.8018,-0.3909,0.25901,-0.56868,0.45427,0.53717,-0.54083,-8.7832,-0.18979,-0.45417,1.3005,-0.031985,2.1046,0.45961,-0.17478,-0.11035,-11.862,-2.1366,-2.7942,0.61069,-0.050555,1.4735,0.62529,0.26079,0.10706
7,6.3356,0.39364,7.4627,0.06332,0.73136,-0.010998,-0.39328,-0.13386,-0.87338,-0.87993,0.80046,10.009,-0.28959,0.68489,-1.1313,0.48883,0.37454,-0.75781,-0.69239,-1.2453,9.519,-0.080738,0.50325,1.1576,0.41269,-0.29159,-0.81649,-3.129,9.7219,2.9407,-0.46405,-0.11424,-0.79159,-0.24888,-0.88752,-0.26597,-1.8291,-11.426,0.70954,0.14955,0.23444,0.69321,-0.28758,0.92696,-0.042845
9,7.1665,-4.3547,0.27485,-1.2719,-0.62338,0.44866,-1.0037,0.29805,-0.40546,7.8999,8.0105,-5.1693,2.6687,5.253,-0.6446,-0.18118,-0.97266,0.045986,0.1224,0.57551,-9.2082,4.8818,-2.627,1.6769,0.8376,0.37849,-0.43139,-6.086,-6.5831,-0.4377,-0.27282,1.3425,-0.8547,0.71312,-0.73723,0.10293,-9.1162,-1.4443,-0.29649,-0.045066,-0.041081,-0.1659,0.68025,0.72853,-0.061391
1,9.0754,2.146,4.6777,-0.11577,-0.069739,-0.069518,-0.7947,-0.184,-0.64494,1.3095,6.9917,7.641,-0.002852,0.82909,-0.68722,-0.062511,-0.80405,-0.74329,1.8697,-6.2674,7.5724,0.14631,0.36624,0.92214,0.17243,0.70429,-0.95803,-6.753,2.6932,0.40969,-0.29907,0.80771,0.68529,-0.020775,-0.80164,-0.041962,-11.857,-5.0063,-2.1509,-0.63864,-0.22966,1.2434,0.69702,0.35402,0.1009
1,7.2958,-0.49094,1.6231,0.55243,0.19444,-0.34281,-0.76583,0.000802,-0.46201,3.8987,7.5142,2.8654,0.099429,0.31674,-0.40071,-0.29538,-0.27855,-0.55781,4.4994,-6.0011,5.3294,0.099909,-0.047081,0.32401,-0.13145,0.90312,-0.83221,-9.3994,1.9186,-1.4325,0.37571,-0.02687,-1.0657,0.70561,-0.43592,0.3423,-6.868,4.1233,-1.2082,0.35246,0.16244,-1.1757,0.7872,0.95294,-0.27427
5,9.3208,-0.45171,2.6451,-0.18489,0.093576,0.2169,-0.59877,-0.19237,0.12138,2.8341,0.76244,9.288,-0.083801,-0.04312,0.068799,-0.27831,-0.15984,-0.23378,1.6316,-1.0969,9.5825,-0.096074,0.14872,0.028907,-0.63323,-0.12749,-0.51542,3.8123,4.9946,0.40791,0.39544,0.15784,-1.0314,0.169,-0.62771,-0.25276,-2.6918,-10.546,-3.2738,0.72054,0.091551,-0.68508,0.41018,0.31987,0.28064
2,4.1481,-1.7731,-0.26274,2.0305,-0.19748,-0.37958,-0.72062,0.14824,-0.56666,7.42,3.9297,-2.2191,0.68695,2.0449,0.9504,-0.011607,-0.78207,-0.01581,-4.5973,-5.1044,0.49903,0.82509,-1.4937,1.4712,-0.046213,1.0945,-0.21554,-0.51734,1.4876,-21.686,-1.9763,1.2052,-0.80715,0.377,-0.62921,0.34123,-4.2953,-1.5793,-4.7118,-1.1442,0.93627,-2.2601,1.0962,0.38852,-0.17036
8,-1.991,-0.56034,-1.578,-0.43233,0.38265,0.38512,-0.73729,-0.32092,-0.30824,-1.3087,-0.13128,4.055,0.82174,0.3057,0.30789,-0.40244,-0.53824,0.45221,-2.4443,1.0156,1.066,1.4473,-0.46788,0.53024,-0.42137,0.009376,-0.66033,-0.70654,7.4701,-0.51422,0.25921,-2.1107,0.12841,0.4779,-0.30615,-0.48857,2.6106,-9.2897,1.624,0.050979,-0.14715,0.70144,0.49067,0.19587,0.5873
0,7.7883,1.1313,2.2283,-0.38829,-0.056094,0.078984,-0.6428,0.062628,-0.61105,9.2208,3.1171,-1.1174,-0.70487,0.62293,-1.0833,-0.030093,-0.17473,-1.0995,8.6896,-2.8757,4.0809,-1.1339,-0.99817,-1.3542,-1.3606,0.76462,-0.27161,-9.7651,-2.9796,-1.116,-1.094,0.17985,1.7859,0.51578,-0.52858,0.32357,-9.8546,0.54927,-1.4709,-0.8503,0.37986,1.284,0.9938,0.68122,-0.14571
5,8.0329,-1.4646,3.7142,-0.26994,-0.20235,0.11202,-0.62167,-0.070606,0.087674,6.829,4.9966,4.783,-0.18535,-0.23605,0.15784,-0.88694,0.069074,-0.17969,0.83265,4.006,9.9563,-0.43127,-0.13084,-0.003593,-0.50356,-0.35413,-0.43604,4.4516,5.1481,1.4572,0.23026,0.2229,-0.33782,0.32208,-0.54036,-0.29907,0.70271,-11.931,-4.2242,0.45104,0.41979,-0.51257,0.37474,0.34101,0.27235
5,7.4128,0.81803,6.5789,-0.33372,0.075126,0.17737,-0.65458,-0.20749,-0.061791,4.7903,7.6236,-4.7042,-0.1728,0.13906,0.16255,-0.73927,-0.31908,-0.15257,6.2371,-7.2789,1.3188,-0.14476,0.050885,0.12395,-0.90764,0.31878,-0.64768,-1.5582,8.9982,1.8473,-0.052861,-0.44836,1.89,0.26284,-0.4896,-0.36923,-2.3965,-9.5922,-5.8128,0.36291,-1.1378,2.0093,0.24347,0.35046,0.36679
3,14.744,1.6002,1.964,0.10137,0.11729,0.25687,-0.75408,-0.14408,-0.57377,3.7443,6.7359,5.1925,-0.32296,0.036905,1.5197,0.092017,-0.93366,-0.56152,6.6555,-4.184,7.5078,-0.37012,-0.80301,-0.47913,-0.11986,0.3242,-0.68622,-8.3039,-1.9295,-1.7113,0.54904,-0.13479,-0.49896,0.82094,-0.56802,-0.43127,-13.42,-1.2972,-3.3617,-0.91369,0.67178,-1.0918,0.74487,0.26367,0.4968
2,10.705,-0.78928,0.42633,-2.4698,1.676,-0.34621,-0.83244,-0.096306,-0.73426,0.22563,10.657,2.1843,1.2783,-2.1087,-0.40759,0.53887,-0.79758,-0.5317,-5.5532,-7.3661,1.2131,-0.80223,1.7225,-1.9866,0.38328,1.0014,-0.65175,-7.1129,-16.136,-5.2727,2.9833,0.45403,2.0277,0.095291,-0.77634,0.1252,-10.174,-4.6037,0.68291,0.73917,-0.23802,3.7862,0.59505,0.43666,0.07083
6,9.5414,-0.49733,-1.3757,-0.28906,0.029025,0.41361,-0.91293,0.43715,0.46308,-2.3824,6.029,6.4263,-0.075814,-0.11133,0.19407,-0.39226,-0.39279,-0.83337,-0.99278,-1.4655,9.5906,-0.071657,0.017778,0.10911,-0.4077,0.51767,-0.7788,-2.8129,6.8264,-1.6612,-0.49579,0.63334,2.026,0.30136,-0.65702,0.36095,-6.1805,-10.513,-3.1972,-0.47092,-0.54965,1.2375,0.56708,0.5866,-0.29014
5,7.2649,0.83037,6.8003,0.039207,0.12518,-0.072951,-0.64987,-0.21562,-0.088349,5.0156,7.7284,-3.5878,0.068378,-0.038692,-0.11209,-0.81717,-0.23258,-0.044077,6.7236,-7.0569,1.4428,0.055101,-0.058121,-0.048198,-0.98555,0.24568,-0.5977,-4.9311,9.2548,3.4864,-0.13025,0.41307,-2.0625,0.32642,-0.45141,-0.33475,-1.9624,-9.0019,-4.5374,0.049715,0.69734,-1.6291,0.26132,0.3969,0.3298
7,9.6422,0.58686,2.8292,-0.12263,0.73425,-0.029088,-0.4828,-0.19099,-0.80113,3.368,9.7104,-0.81849,0.63696,-0.12085,-0.19858,0.46065,-0.82461,-0.011685,4.431,-2.8061,8.3703,0.11426,0.31071,0.32501,0.30165,0.048226,-0.91063,1.559,7.625,4.0554,0.007876,-0.10742,-0.55101,-0.68918,-0.57595,-0.3557,-0.58523,-8.9632,2.4025,-0.17493,-0.095622,0.29894,-0.55915,0.79168,-0.072605
2,4.8552,4.0647,6.2554,-2.6905,-2.1719,-0.41856,-0.66312,-0.37084,-0.7666,-9.0583,10.485,1.3198,1.5416,-2.8784,-2.0694,0.3789,-0.87329,-0.27726,5.1012,-11.633,2.6712,0.75989,1.7012,-3.8422,0.35368,0.62963,-0.99052,-12.588,-7.2947,2.1256,2.1201,0.031037,1.6962,0.53558,-0.41248,0.047598,-42.689,-21.678,-7.562,-0.14082,1.0504,-1.5984,0.34668,0.64771,0.11694
3,8.5911,0.52528,1.8018,0.032934,1.1166,0.85402,-0.76841,-0.035392,-0.71403,0.75136,9.992,1.2089,0.22377,-0.75918,2.7461,0.92129,0.61774,0.37615,3.3787,-6.7675,6.8864,0.96446,-1.5171,-3.3718,-0.069897,0.45432,-0.65988,-9.8471,-0.97349,0.94729,-0.28969,-0.61452,0.33258,0.79416,0.083754,-0.57415,-5.3654,-0.6183,-0.97904,-1.9989,-1.416,1.9464,0.60627,0.74827,0.38589
1,11.559,-0.020324,5.5619,0.15324,0.27948,0.29575,-0.88324,-0.014506,-0.679,11.106,2.2624,2.8852,0.29724,-0.67715,1.3908,-0.62619,-0.90701,-0.23503,11.239,-4.149,2.9921,0.15662,-0.067718,0.58412,-0.78489,0.29355,1.2891,-18.073,8.0666,4.2332,-0.18908,1.0738,-0.94708,-0.018276,-0.63661,-0.030331,-12.257,-2.9328,-1.5715,-0.60743,-0.11847,0.26099,0.71118,0.015581,0.13281
9,6.9292,-0.91336,4.7669,1.7397,0.32745,0.25708,-0.70606,0.040423,-0.64968,14.92,16.031,2.7285,0.19425,2.5355,-1.4413,0.55874,-0.72564,-0.20721,26.481,-9.761,32.52,1.8687,-1.6677,3.8979,0.55241,0.55812,-0.47624,-9.0507,6.5205,1.1508,-3.4031,0.3417,0.81901,0.53103,-0.7706,-0.069577,-8.6621,0.11308,-1.8714,-0.31457,0.045853,-0.72687,0.64078,0.66549,0.37295
3,-7.9794,9.1284,7.1288,0.13051,0.03133,-0.063034,0.60745,-0.13378,-0.76399,2.0835,11.741,-1.9778,0.058048,-0.005999,0.14912,1.1789,0.043874,0.26404,2.7924,-9.8437,4.2958,0.10321,-0.000105,-0.3505,-0.003611,0.61824,-0.42975,-13.38,2.2134,-1.5183,0.43461,-0.23704,0.29352,0.85355,-0.005266,-0.4794,-9.826,-4.6109,-1.4886,-1.2147,0.024895,0.22625,0.47775,0.90049,0.43015
5,8.4567,0.39605,4.5633,0.15483,0.69553,-0.39714,-0.64364,-0.11637,0.015718,6.1234,4.824,5.7196,0.14553,0.26817,-0.062311,-0.89108,-0.073264,-0.14897,6.0585,-4.4842,6.4219,0.073531,-0.1269,0.003908,-0.78432,0.015525,-0.65437,-4.3412,11.655,-1.8565,0.58616,-0.85057,-2.2326,0.35962,-0.54645,-0.053733,0.69232,-8.6779,1.4947,0.22313,0.006931,-2.3578,0.17056,0.59358,0.10774
4,8.158,-1.8692,2.3692,0.33309,0.070434,0.33848,-0.73531,0.14455,-0.54234,3.9167,6.3263,6.765,-0.10664,0.29271,-0.076815,-0.42179,-0.72389,-0.7584,-4.1556,-7.0007,6.1273,0.78017,0.22185,1.162,0.010252,0.31851,-0.80498,-8.7492,1.9523,-1.7093,0.33053,0.074901,-1.0004,0.46921,-0.3356,-0.10454,-9.3631,1.0827,-0.91454,-0.081224,-0.026499,-1.2089,0.58125,0.11756,0.24582
9,9.9964,0.41995,0.43946,-0.096985,0.027737,0.14186,-0.89368,0.26714,0.26501,8.7573,4.7262,0.66265,-0.54131,-0.16539,-1.1251,-0.8105,0.30254,-0.50864,8.6266,-3.5344,4.044,0.060009,0.47886,1.1708,-0.89858,-0.18814,0.18568,-9.5481,-1.3402,-1.221,-0.043545,-0.023302,0.028994,0.8365,0.44366,0.35059,-9.752,-0.28478,-0.93968,0.020646,0.028971,-0.017925,1.0029,-0.26986,-0.17973
2,1.1939,-0.6154,0.59023,1.2327,-0.29553,0.47859,-0.86023,0.17568,-0.53622,9.2217,3.7073,0.42653,-0.84077,0.16327,2.6231,0.13471,-0.6982,-0.47236,-3.6781,-3.3966,0.92694,-0.65127,-1.552,1.3012,0.099659,1.1811,-0.32212,-3.1333,-8.2374,7.0427,-0.2195,0.52455,0.030348,0.59101,-0.44686,0.4699,-4.7097,2.6899,1.6656,-1.1174,-0.90973,-2.2991,0.98776,0.32194,-0.16029
8,22.387,-0.6845,4.8048,0.12163,1.1681,0.12818,-0.51557,-0.011631,-0.603,22.304,-3.6302,9.7024,0.10219,-0.28229,-0.38526,-0.53667,-0.40437,-0.30857,25.302,-9.3046,6.72,-0.51108,-0.23128,-0.21374,-0.52737,0.3651,-0.35247,-25.115,-1.2566,2.3101,0.74842,-0.70512,-1.7795,0.62863,-0.34931,-0.004965,-25.054,4.1188,0.2813,0.07205,-0.65735,1.8369,0.63131,0.28028,0.27009
7,9.8998,-0.83024,-2.3507,-0.11607,-0.019731,0.13119,-0.88826,-0.030784,-0.38909,3.9409,1.5192,9.0182,-0.1729,-0.0441,0.08511,0.23908,-0.28161,-0.86129,3.3937,1.3395,8.9959,0.13059,0.058644,0.12335,0.30979,-0.26338,-0.83856,2.468,8.8293,-0.16592,0.083027,0.005355,-0.18369,-0.6397,-0.67615,-0.22361,2.8415,-8.9063,0.63139,0.080759,0.067412,0.17497,-0.72683,0.63339,-0.015293
7,8.6235,-2.6386,4.3548,1.1556,0.78175,0.047738,-0.78135,0.32473,-0.73744,-2.0901,6.2695,7.4329,-0.25115,0.61945,-0.25631,0.51293,-0.5242,-0.59981,-0.11194,0.39641,10.73,0.6049,0.65327,0.092152,0.31182,-0.16526,-0.87691,1.8907,8.4961,1.538,-0.052929,0.24777,-0.7063,-0.68723,-0.64487,-0.20639,1.9231,-8.5205,-0.51635,0.39036,-0.17297,0.42739,-0.7192,0.6388,0.12573
4,10.956,1.9268,2.2213,-0.77395,0.14004,0.050294,-0.80481,-0.11172,-0.34118,4.3732,9.1583,6.8712,-2.4841,-0.92759,2.5179,-0.10656,-0.72172,-0.98816,-7.156,-8.712,7.8,-1.4358,-0.69008,-1.8163,0.11408,0.47632,-0.67241,-4.3741,-2.8776,0.37294,-0.656,0.42647,-0.068828,0.51056,-0.32019,-0.10361,-13.118,-2.9872,-2.6841,-0.61715,-0.56793,1.5467,0.60638,0.12926,0.25804
3,16.601,-1.768,-1.6508,-0.36134,-0.57288,0.002672,-0.8915,-0.21185,-0.26726,2.5339,7.0663,8.2918,0.33908,-0.26411,0.46506,0.75985,-0.43564,-0.50701,5.566,-8.6759,3.51,-0.1425,0.1255,-0.43435,-0.1226,0.52287,-0.51859,-14.153,0.026327,-3.4138,-0.012289,-0.16939,0.70143,0.85392,-0.22763,-0.42142,-9.0718,-4.3715,-3.2039,-0.13264,0.20357,0.087003,0.51833,0.78496,0.50795
9,5.7269,1.9207,-3.0914,-0.75569,0.31461,1.2091,-0.76068,-0.52832,0.32317,9.707,1.1472,0.50402,1.2513,-0.79388,0.40697,-0.95867,-0.39407,-0.060879,13.365,-5.1587,-1.7212,-8.5632,0.49069,3.1388,-0.87769,0.028511,-0.57916,-8.66,2.3234,-3.0304,-0.59742,-0.42976,1.4103,0.95974,-0.45705,0.15085,-4.7704,-8.5814,-0.40269,0.93144,1.3714,-0.65069,0.38805,0.85321,0.44337
8,4.1881,-1.6839,2.4705,0.32489,0.2696,0.073157,-0.71453,-0.33598,-0.30689,4.1754,3.297,1.5996,0.080993,-0.10562,-0.56007,-0.3569,-0.57566,0.40893,2.9902,-0.69445,1.6197,-0.54254,-0.15768,0.33918,-0.42955,0.008257,-0.63654,-5.907,3.4681,-2.0036,-0.017453,-1.6814,0.29613,0.48429,-0.28003,-0.4578,-6.3588,-6.5869,-0.18485,-0.51641,-1.3785,0.070716,0.42963,0.20318,0.61071
3,8.5598,-0.12584,-1.5962,-0.34578,0.49707,-0.22156,-0.86404,-0.2461,-0.32347,6.8167,6.1036,3.7863,0.035122,0.12346,-0.53808,0.48879,-0.54323,-0.22448,8.6719,-1.337,3.7328,0.19468,0.37698,0.24905,-0.48682,0.2964,-0.53767,-8.4594,0.84862,-0.93682,0.1308,-0.13323,1.113,0.85302,-0.33426,-0.25744,-7.9582,-2.1724,-1.3996,0.3489,-0.24555,0.58155,0.77456,0.29457,0.59684
5,9.3523,-0.3387,2.1751,0.1562,0.001788,-0.030257,-0.58507,-0.18432,0.17695,2.6828,0.70452,9.2862,0.011153,0.057271,-0.049162,-0.27845,-0.15871,-0.2421,1.4443,-1.0771,9.5985,0.043059,0.009355,-0.052528,-0.62135,-0.11468,-0.51955,-4.8829,12.6,-2.199,0.48064,0.15289,-1.6537,0.41987,-0.52627,-0.11838,-0.22664,-7.7822,0.22536,0.47886,0.41164,-1.8151,0.16984,0.53887,0.25393
5,9.2173,0.81407,2.0377,0.21797,0.059497,-0.17749,-0.56683,-0.21153,0.19146,2.7397,1.0991,9.4044,0.059619,0.14719,-0.11431,-0.28656,-0.1855,-0.23363,1.7891,-1.3428,9.12,0.20942,-0.051832,-0.054201,-0.63274,-0.12439,-0.511,-4.623,10.102,-0.49435,-1.0627,-0.20931,0.92719,0.43823,-0.51268,-0.11126,3.2186,-4.7666,0.71996,-0.30829,-0.037119,1.0408,0.13703,0.5354,0.28016
0,9.9919,-1.0499,2.0405,0.57263,0.040645,0.4017,-0.62022,0.10566,-0.63599,11.448,4.6164,-1.0179,0.97616,0.57615,1.8232,0.31943,0.11385,-0.86024,11.426,-4.4577,5.8647,0.22201,0.75486,0.49385,-1.2799,0.82256,0.17916,-0.94741,-23.28,-10.008,0.47817,-0.41278,1.0851,0.44264,-0.68171,0.26788,-10.421,-5.41,-0.33553,-0.01433,-0.35197,-2.304,1.1458,0.47572,-0.097572
0,8.1369,0.95116,3.207,-0.088869,-0.01475,0.057524,-0.67402,0.085247,-0.57101,7.505,1.7998,-1.2834,-0.21826,-0.075814,-0.75815,0.21582,0.094178,-0.61023,6.2748,-5.0989,4.3322,-0.51393,-0.67112,-0.22332,-1.2707,0.33528,0.015831,-5.2126,-6.1768,1.3253,0.70598,0.38125,-0.88489,0.45005,-0.65773,0.31395,-9.8889,-0.33296,-1.7001,0.13148,-0.023824,1.119,1.1394,0.48447,-0.11114
4,13.656,-0.26625,4.7688,1.5766,0.10705,0.72652,-0.69329,-0.19316,-0.54344,-2.5493,6.9068,5.7067,0.061673,0.90383,-0.60725,0.029435,-0.7507,-0.66481,0.14064,-9.3467,4.0489,1.1776,-0.10213,-0.39521,0.49103,0.42678,-0.74571,-13.559,-4.0247,-1.1041,-0.57281,0.21835,-2.333,0.61541,-0.21672,-0.12819,-11.872,1.4049,-0.889,-0.50589,0.21901,-2.3826,0.44559,0.37776,-0.03281
2,-2.566,2.4885,-2.0899,-0.068112,0.21026,-0.41686,-0.65321,-0.050723,-0.57054,-13.753,3.4018,3.0441,-0.49312,-1.0898,-0.085117,0.14211,-0.64696,0.23489,7.2697,4.3897,-2.1296,0.8103,0.49013,-0.27797,0.33635,0.70455,-0.53284,-2.397,13.849,1.2966,-0.13208,-0.6689,1.1559,0.84649,-0.1657,0.2817,-6.1141,-25.301,-7.7843,-1.1317,1.8142,-0.30242,1.0047,0.88428,-0.14935
4,-5.953,2.4953,6.8557,0.17548,-0.029183,-0.070604,0.76169,-0.12424,-0.31393,-6.434,9.4944,-4.8946,0.2224,-0.087106,0.75343,-0.31348,-0.62444,0.31109,5.463,-6.9899,4.3682,0.18079,0.22858,-0.8939,0.019696,0.79814,-0.81906,-6.8952,3.3287,0.47787,0.54654,-0.39189,0.64772,0.70103,-0.094847,-0.16926,-6.6968,-1.3955,0.07368,-1.1377,-0.26095,0.9237,0.39262,0.46457,0.16039
3,4.645,-1.6558,-0.96148,0.8354,0.9949,0.088688,-0.71917,-0.013013,-0.62906,5.647,5.3726,6.2865,-0.74572,-0.82465,1.4528,-0.061686,-0.40359,-0.85322,4.8499,-2.0285,6.1616,-0.054297,-0.64372,0.26845,-0.13773,0.35526,-0.99074,-5.6872,2.644,-0.4785,0.285,-0.019899,-1.5015,0.82031,-0.25178,-0.38865,-7.9228,0.58372,0.41939,-0.16087,-0.52234,-2.0864,0.7938,0.54643,0.26531
9,8.4636,-0.60452,0.9945,-0.2103,-0.14571,-0.91958,-0.95721,0.43007,0.28545,3.6431,5.6206,0.73793,0.61128,0.12444,-0.57976,-0.77957,-0.63688,-0.10468,14.24,-3.9713,4.792,-1.8135,1.5504,2.8124,-1.0126,0.21644,0.04196,-9.5317,-0.00804,-1.5337,0.44157,-0.46563,-0.52506,0.99254,0.29545,0.31065,-9.3921,-0.66568,1.1293,2.1205,0.09606,-1.5644,1.0802,0.098232,-0.18032
2,30.648,2.473,-8.3604,0.016418,1.897,-0.51131,-0.80378,0.1204,-0.45213,-1.1784,11.254,8.5832,-0.17907,-0.15172,0.2658,-0.006657,-0.20297,-0.67093,1.8834,-7.2499,9.6912,0.34976,0.010928,-0.45545,0.38833,0.76283,-0.79189,-30.033,-3.6455,-6.5533,-2.2623,1.6574,3.8784,0.57769,-0.6648,0.36834,-22.042,-12.631,-3.6613,-0.25135,-0.35435,3.6171,0.77607,0.71407,-0.02208
8,2.4976,-1.0973,-0.015756,-0.43959,0.43899,-0.053829,-0.66531,0.47127,-0.20798,-0.76423,0.30382,-1.6884,1.563,-1.3093,0.26127,-0.31076,-0.47379,-0.58501,1.1479,1.0882,-2.3153,-0.79763,0.5054,-0.56877,0.08974,0.52739,0.60075,0.58844,-0.36695,0.6377,0.98531,0.10884,0.3257,0.48005,-0.031517,0.52321,-0.86026,-9.7554,-1.924,0.52801,-0.46836,-0.56489,0.44237,0.032291,-0.49836
6,8.2211,-0.14126,2.5623,-0.77155,0.22259,0.46101,-0.86045,0.3264,0.17219,-1.254,4.8337,8.3614,-0.017799,-0.14072,0.15475,-0.37479,-0.19117,-0.8094,-0.049544,-1.7258,9.3132,-0.022523,0.22761,0.12659,-0.35548,0.52899,-0.64947,-9.5378,7.9302,-4.0163,-0.67858,0.33684,2.1891,0.46764,-0.24792,0.4776,-10.177,-7.154,-0.32128,-0.53872,-0.047554,2.858,0.56234,0.36423,-0.35012
2,6.8114,1.3634,-0.15012,-1.4837,-0.015008,0.098081,-0.82349,0.22397,-0.4946,3.8419,3.2715,-0.55138,0.081206,-0.66129,-1.8875,0.11429,-0.60724,-0.4889,-1.7785,-6.7927,1.969,-1.0783,0.38963,-1.1902,-0.73536,0.96894,-0.15189,-3.3851,-10.092,1.1927,-2.5283,-1.0389,2.7683,0.72868,-0.48293,0.38727,-11.382,-11.061,0.90594,-0.56514,0.22657,2.971,1.1884,0.46135,-0.12518
8,2.4585,-0.071735,-2.8306,0.86184,-2.4472,-0.22363,-0.91775,0.14634,-0.62445,10.681,-0.95325,0.12422,-0.70866,2.2722,-2.1083,-0.48996,-0.34525,-0.43311,-1.0853,-4.1927,4.5894,1.683,0.26461,-2.3027,-0.67819,0.73155,-0.42861,-22.774,6.9421,5.078,-0.049432,2.2887,0.10341,0.98157,-0.59387,0.033812,-12.512,-6.7403,0.84367,-0.68161,0.64841,-0.24891,0.98958,0.54832,0.34184
4,11.159,-2.3163,4.5315,1.3728,-0.27212,0.12639,-0.69795,-0.013726,-0.58122,-0.099647,10.28,4.2489,0.28298,0.11505,0.19298,-0.25154,-0.75073,-0.34428,0.19706,-8.6883,5.7294,-0.4648,-0.24607,-1.3176,0.19673,0.59307,-0.78134,-13.287,1.4966,-2.2466,0.40143,-0.32419,-1.5129,0.62631,-0.32896,0.002008,-10.229,-0.035174,0.48678,0.82012,1.0264,-1.2997,0.44274,0.39544,0.12661
9,9.6473,0.20523,0.022184,1.0587,0.12602,0.56227,-0.619,-0.47407,-0.45778,1.2025,9.475,2.0345,-0.45746,1.3824,2.6872,0.41963,-0.76497,0.24765,-3.7931,0.055897,0.3337,0.23364,-7.2171,-0.61421,0.028016,-0.31771,-0.84061,-9.8801,1.0894,-2.8029,-0.77956,0.25708,-0.655,0.68922,-0.4942,-0.28205,-8.2493,1.523,0.65295,-3.3668,-0.7962,-0.23879,0.64712,0.47862,0.40305
9,10.091,2.4101,-0.9056,1.5007,-1.0066,0.41212,-0.80888,-0.065239,-0.63094,7.0165,5.0601,0.57369,2.0114,1.7326,-0.3681,-0.18801,-0.98506,-0.35033,3.6651,1.1106,9.9468,0.90352,2.0417,3.2494,0.4127,-0.28238,-0.87505,-12.406,0.25949,0.79097,1.289,0.98868,0.068544,0.83106,-0.65545,0.22838,-8.9716,-2.0394,-1.4211,-1.2066,-0.96565,-0.15011,0.78762,0.80041,-0.044564
6,9.3913,-0.69665,-1.3838,-0.13169,-0.043383,0.36474,-0.93992,0.43908,0.42298,-2.5721,6.8707,6.7892,-0.11412,-0.11359,0.13342,-0.35218,-0.4305,-0.81111,-1.0091,-2.0165,9.6417,-0.12484,0.073894,0.18153,-0.40693,0.54236,-0.73695,-2.0854,4.7407,-1.1035,-0.46273,0.46868,1.4829,0.30153,-0.67015,0.3505,-5.8506,-10.36,-2.7265,-0.089195,-0.24203,0.96354,0.56074,0.59913,-0.29796
3,9.6877,-0.05767,-0.47363,0.67673,-0.17223,-0.15314,-0.86332,-0.1772,-0.39935,4.6011,4.2502,7.5506,0.13729,0.54457,-1.1783,0.41024,-0.4533,-0.12504,4.6653,-7.598,4.5454,0.21815,0.41717,0.017821,-0.14322,0.54349,-0.56514,-10.095,-0.064983,-2.3434,0.33858,-0.15599,-0.36146,0.90489,0.11861,-0.36488,-9.8091,-5.9457,-1.1581,0.14217,0.48775,-0.59817,0.54778,0.93899,0.29563
3,8.9343,0.22726,-1.7253,-0.3865,0.40278,-0.12267,-0.87475,-0.18961,-0.30715,6.4206,6.1962,2.7198,-0.10813,0.21478,-0.63876,0.49588,-0.55908,-0.19958,8.7371,-2.3204,3.5821,0.28221,0.44792,0.29162,-0.48791,0.27413,-0.54177,-9.1892,2.6794,-1.9586,0.26343,-0.008104,1.2281,0.86311,-0.34001,-0.23701,-9.2308,-1.5682,-1.5988,-0.064243,-0.15847,0.51496,0.78256,0.23284,0.58774
7,7.889,-0.010505,5.3974,-0.066052,0.19147,-0.22584,-0.56281,-0.016362,-0.79992,-0.2685,3.9492,7.4421,0.044305,0.1617,-0.78739,0.51801,0.036259,-0.81296,-2.0902,-1.8966,6.8059,0.15912,-0.061181,0.64844,0.54453,-0.20619,-0.7606,-2.8239,10.13,-3.0741,0.03457,0.016535,-0.082619,-0.2141,-0.93457,0.092296,-1.557,-9.4903,-5.2282,-0.10719,-0.13773,0.094749,-0.30457,0.7942,0.47087
8,5.6957,-1.1307,-0.38797,0.12897,-0.48103,-0.28849,-0.60663,0.31122,0.42456,6.5628,2.6879,-0.50508,-0.60516,0.05285,-0.71385,-0.60132,0.092196,-0.31521,5.0551,-1.622,2.2154,0.40939,0.1418,0.6184,-0.76594,0.24118,0.15107,-8.5104,2.3559,-2.4173,-0.52975,0.11767,-0.09575,0.60736,0.10993,0.59963,-8.6283,-2.0535,-1.2108,0.036224,-0.10858,0.18357,0.59916,-0.29415,-0.25601
9,12.836,-2.044,2.107,-1.6915,0.8117,0.14726,-1.006,-0.25886,-0.057118,12.497,-2.9148,2.4675,1.0787,-0.37891,0.27921,-0.56943,-0.67047,0.31012,0.4028,-13.591,5.6316,0.30946,0.91883,0.66343,-0.35607,0.34616,-0.78602,-19.882,5.1573,0.73351,-0.37407,-0.57517,0.13924,0.85787,0.309,-0.17686,-10.201,-6.3474,-1.129,-2.3564,0.13265,-3.0927,0.48858,-0.72439,0.1863
0,9.4528,-1.9064,2.6592,-0.013745,-0.23025,-0.35118,-0.78812,0.098058,-0.59352,8.7291,4.8161,2.5918,-0.05948,-0.18975,1.1173,0.020326,-0.51662,-1.0547,8.1319,-2.7602,0.89592,0.59743,-0.065307,0.1016,-0.5962,1.2214,-0.58973,-10.65,-0.76834,-2.0023,0.5753,0.05536,-0.89009,0.98135,-0.16332,0.31243,-9.0396,-10.772,0.075444,0.8371,0.72597,-0.052374,0.77313,0.94425,-0.33138
2,8.0275,1.919,-0.83404,2.2513,0.38978,-0.072701,-0.89843,0.049531,-0.4574,-5.4407,8.1933,2.3624,0.39895,1.7008,0.92074,0.084582,-0.77989,-0.27721,4.7073,-4.9027,-0.86943,-1.2691,-1.5322,1.369,0.58361,0.96089,-0.15307,-17.658,6.2637,-0.93577,-0.60199,-0.94546,-3.7244,0.72623,-0.1317,0.44133,-4.1465,7.327,-0.62661,0.62961,0.34809,-1.4757,0.89934,0.68109,-0.23775
2,12.781,4.4541,5.1512,-1.7262,0.13458,-0.30776,-0.82618,-0.16555,-0.66716,-0.71182,7.442,9.6302,0.64441,-1.1642,1.149,0.13301,-0.70351,-0.87118,-1.3979,-6.0908,6.0591,0.44757,-1.5931,-0.92206,0.095289,0.36184,-1.1721,-10.968,-11.539,-2.3044,1.1312,0.43085,2.8059,0.218,-0.73109,0.021289,-23.092,-3.9143,1.6398,1.8201,0.004293,3.8311,0.58261,0.45316,0.098638
3,6.8649,0.65196,-1.9537,-0.48278,-0.80961,-0.67234,-0.83188,0.16567,-0.63259,5.8739,9.2367,-1.1492,1.2463,0.16387,1.3405,0.54858,-0.52613,0.19752,6.1853,-6.2113,3.3644,1.5249,-0.32764,-2.7018,-0.15867,0.45233,-0.5923,-9.499,5.5437,-0.25722,-0.21142,-0.57245,1.044,0.81355,0.026447,-0.50239,-9.5393,-1.6068,-2.5002,-0.87582,-1.1001,1.8897,0.68197,0.6939,0.37712
5,8.7784,-0.30746,5.9751,-0.025835,-0.078413,0.098745,-0.79365,-0.073716,-0.005479,5.0105,8.5632,0.1718,-0.083342,-0.16861,0.21906,-0.79566,-0.30188,-0.21848,6.9225,-4.5611,5.6651,-0.045742,0.097246,-0.12006,-0.99149,-0.072079,-0.64616,9.1976,-9.1119,-1.5321,0.18425,-0.017631,1.3218,0.077531,-0.60337,-0.35457,-3.0055,-16.146,-4.3616,-0.25101,0.06225,0.6699,0.33941,0.27473,0.17279
8,0.41308,-1.6658,1.3004,-0.22189,-0.17786,0.43329,-0.63506,0.38574,0.35076,-1.8797,1.7832,0.21025,1.1943,1.9582,-0.81551,-0.60345,0.14134,-0.34204,0.21882,-1.9948,-0.24135,-0.88322,1.8851,0.25528,-0.78648,0.26602,0.062627,-0.30717,0.28521,1.5618,-0.98855,-0.061045,-0.062802,0.67082,0.16093,0.51741,0.14356,-5.098,-1.5667,0.88528,-0.030281,-0.4142,0.63924,-0.24624,-0.27018
1,7.3739,-0.32125,1.4679,-0.20261,-1.7783,-0.010943,-0.66884,0.21417,-0.71263,2.3096,11.117,-0.14211,0.13299,0.26864,-0.2019,-0.27551,-0.58259,-0.42839,3.3901,-5.9658,6.5702,-0.02049,-0.085129,-0.072121,0.10436,0.65605,-0.88334,-14.162,1.1756,-2.5582,0.36438,0.5998,2.1053,0.76837,-0.51703,0.15216,-9.8339,-1.2931,-1.6641,-0.752,0.40953,1.1333,0.9733,0.47228,-0.19207
8,17.165,0.041372,-3.0251,0.25894,0.10701,-0.22261,-0.93387,0.10531,0.38318,24.663,5.0867,-3.2216,0.42257,-1.452,0.11424,-0.86884,0.23015,0.42685,22.089,-6.1938,-0.52248,-0.32009,-1.0382,-1.9387,-0.88224,-0.14467,0.41737,-15.586,-0.52847,0.84585,-0.30924,0.27723,-0.11117,0.76763,0.50517,0.34658,-11.38,-3.1553,1.8116,-0.18463,-0.007424,0.41738,0.80397,-0.36748,-0.40453
7,9.3595,-0.03306,4.3421,0.004971,-0.42651,0.053309,-0.75414,-0.070911,-0.72465,-4.3691,3.6876,8.7237,-1.1704,-0.20447,0.32424,0.57015,-0.13062,-0.71548,-0.88528,-0.15524,9.904,0.082518,0.16818,-0.34784,0.12315,-0.33528,-0.83286,1.3159,9.7342,-1.093,-0.07933,0.15265,0.50655,-0.52935,-0.75321,-0.094321,1.7791,-10.34,-1.0233,0.29096,0.14118,-0.48242,-0.52842,0.73825,0.21193
6,9.7229,0.21911,-1.0656,-0.15186,-0.057982,0.41435,-0.94521,0.43817,0.42697,-1.7207,6.0886,7.1832,-0.1179,-0.1105,0.29014,-0.48025,-0.33843,-0.83922,-0.99537,-1.3207,9.7979,-0.060177,0.024001,0.14535,-0.41998,0.50094,-0.79,-3.6886,7.6253,-1.3501,-0.15605,0.35119,2.3135,0.34823,-0.64057,0.33796,-6.3608,-11.446,-2.8995,0.32049,-0.29924,1.5105,0.54582,0.61658,-0.29759
9,8.8848,-0.2891,3.3644,0.34902,-0.019423,0.007924,-0.61972,-0.10821,-0.74405,-0.83622,6.0202,6.8319,-0.65932,0.26002,-0.63705,0.55631,-0.26437,-0.7707,1.6619,-9.7707,0.50482,0.42757,0.24621,0.78853,0.30122,0.89316,-0.27399,-7.8149,-2.474,1.1817,0.76435,0.31364,0.27503,0.63908,-0.65215,-0.3381,-9.8967,1.6877,-0.76999,-0.32545,0.14644,0.63439,0.8129,0.54851,0.30571
4,4.9843,-1.4869,1.1684,0.33426,0.36639,-0.19133,-0.65562,0.20117,-0.57919,2.5064,6.0595,5.5946,1.4058,1.0449,-1.2535,-0.25986,-0.75889,-0.76998,-6.2266,-7.4268,4.8242,0.37004,-0.85664,0.88215,0.29554,0.5388,-0.47473,-7.8272,2.3941,-2.875,0.79987,-0.34188,-1.8622,0.4696,-0.37612,0.073147,-6.9439,-2.5286,0.95733,0.67474,-0.12202,-1.7765,0.5863,0.28564,0.071423
1,7.945,0.095655,3.1586,0.76807,-0.27049,0.023837,-0.7912,-0.10604,-0.73498,2.1621,5.9096,4.9493,-0.061059,0.020011,0.41234,-0.1642,-0.80425,-0.62971,2.9608,-7.8146,4.1035,0.30173,-0.78574,-0.34367,0.070022,1.0765,-1.0558,-9.9335,-0.064394,-0.62055,0.40855,0.18943,-1.6857,0.22696,-0.7184,-0.007454,-11.101,1.1706,0.13447,1.1143,0.40229,-2.5951,0.50928,0.56406,0.13925
9,14.353,-5.2921,2.4205,-0.058199,-0.003343,0.34732,-0.66172,0.60836,0.15324,12.196,4.352,7.4878,0.46338,-0.2259,-0.17275,-0.74601,-0.003423,-0.45207,-0.96013,-2.4454,4.5246,0.84462,-4.2735,-3.9684,0.15864,0.88173,-0.05113,-14.737,-5.3358,-3.062,1.0157,-0.11971,-1.1822,0.64876,0.28973,0.52967,-18.46,0.84171,-1.364,1.6342,1.8051,-2.3625,0.66737,-0.24485,-0.48753
4,-5.4051,3.787,10.835,0.20823,1.1825,0.40986,0.69212,-0.1104,-0.40147,-5.4995,7.4252,-5.3627,0.86986,1.3908,1.4543,-0.21806,-0.62637,0.31814,3.5337,-9.1921,4.1515,0.68258,-0.18027,-2.0174,0.085621,0.81401,-0.73987,-10.285,2.6757,0.99931,0.41,-0.21408,-0.28686,0.68608,-0.12433,-0.16724,-7.3315,-1.1013,-0.43793,-0.12262,0.070639,0.34152,0.3437,0.51075,0.14014
0,10.214,-0.95719,3.3371,-0.11693,-0.26941,0.36648,-0.73064,0.25182,-0.61603,6.8801,3.9313,0.67641,-0.23257,-0.42585,0.32423,-0.11789,-0.080934,-0.66341,9.1593,-3.5858,3.355,0.27222,-0.41786,-0.47511,-1.1961,0.59063,0.15019,-12.651,15.63,-2.2015,-2.7028,0.031957,0.32322,0.60178,-0.71528,0.36365,-9.4434,-2.3911,-1.0719,-0.58418,-0.037698,0.72715,1.221,0.39151,-0.065049
3,12.825,-7.2049,1.3171,0.23718,-0.077768,0.21028,-0.9442,0.13197,-0.36447,2.6612,5.5908,7.4876,0.67253,0.31401,-0.50327,0.53756,-0.36041,-0.073053,3.6412,-6.973,6.1934,0.15277,-0.16452,-0.51719,0.018673,0.48111,-0.57965,-16.124,-4.926,-2.2308,-0.53881,0.008074,-0.048523,0.91078,0.000818,-0.32348,-9.0574,-2.2756,-2.4328,0.42023,-0.42639,0.35479,0.59891,0.66221,0.60459
7,9.4631,-1.5653,-7.372,0.17996,0.94122,0.036978,-0.9439,-0.17149,-0.095846,8.0411,2.3515,7.9513,0.13384,0.29587,0.13635,0.075162,-0.19655,-0.91877,8.0833,0.053135,8.2529,0.3807,0.14228,-0.40495,-0.061478,-0.19832,-0.90505,-0.66973,9.6898,0.36405,-0.14416,-0.089906,0.074007,-0.50182,-0.79244,-0.22313,0.45758,-10.089,0.033059,0.15897,0.025584,-0.02568,-0.60116,0.76107,0.059064
8,6.6227,-1.0178,-0.15365,0.077769,0.17647,0.16375,-0.78638,-0.31667,0.25262,5.3378,2.4938,1.0408,-0.70818,-0.14076,-0.65081,-0.62539,-0.057136,0.48971,5.9115,-1.0817,0.51975,0.56422,0.12218,0.393,-0.60114,-0.36651,0.042914,-5.038,4.1645,0.093221,1.8845,0.37129,1.5794,0.48796,0.037195,-0.42185,-7.0253,-0.4259,-1.0065,-0.88408,0.71879,-1.4437,0.43721,-0.27189,0.51434
8,1.9291,-1.229,0.40098,0.099392,-0.33769,0.037475,-0.72696,-0.32548,-0.30737,2.7829,2.7213,0.78506,-0.54807,0.21352,-0.1181,-0.39042,-0.57837,0.38714,3.2187,-2.3155,2.1972,-0.32583,-0.049166,-0.32283,-0.45628,0.002679,-0.63035,-0.60259,-2.985,-2.0692,1.0695,0.79694,-0.3433,0.47374,-0.28773,-0.4967,-1.947,6.4052,1.5056,-0.99576,0.9184,0.090247,0.43189,0.17589,0.6311
9,16.053,-1.5792,7.3851,0.87135,-1.9014,0.19959,-0.6987,0.20069,-0.34243,0.6851,8.5853,0.4169,1.2338,1.5992,3.9121,0.35712,-0.57392,-0.39422,-0.80145,-0.04097,2.4962,-0.9983,-0.58879,1.5519,0.66087,0.14161,-0.30139,-10.744,-15.166,-15.324,2.1231,-1.2178,2.4802,0.71057,-0.25116,0.25915,-17.075,-1.0223,4.9091,0.57746,-0.76174,-0.045058,0.72686,0.099603,-0.3297
6,8.8135,-1.0787,2.3448,0.72776,0.47358,-0.26854,-0.8418,0.36545,0.18985,0.61974,4.2153,8.3364,-0.24336,-0.19425,-0.085149,-0.50778,-0.084503,-0.75181,-0.17441,-1.5157,9.2493,0.26546,-0.28901,0.091408,-0.32626,0.50121,-0.67693,-10.984,5.0824,-2.4513,0.41452,-0.71967,-2.7563,0.47932,-0.21949,0.45782,-8.4127,-8.829,-0.26459,0.2857,-0.017779,-2.0505,0.56569,0.38758,-0.32734
0,11.527,-0.79334,4.0927,-0.054424,-0.5089,0.17423,-0.85147,-0.19675,-0.67772,4.7557,6.0864,6.058,-0.44788,-0.33077,-0.70446,-0.50589,-0.77476,-0.73343,6.0394,-7.0463,5.9079,-0.16232,0.52446,0.090204,-0.40606,0.86682,-1.2162,-11.08,2.3896,-0.60745,0.85338,0.1745,-0.88716,0.55781,-0.39916,0.098191,-11.926,-10.299,-3.2524,-0.84634,0.25082,-0.45396,0.25517,0.69237,0.14863
7,9.8416,-0.71983,0.9617,-0.076954,0.060584,-0.037503,-0.76698,-0.00402,-0.60192,2.2367,4.7498,7.7625,0.11115,-0.67868,0.47791,0.34797,-0.35019,-0.80974,1.8309,-3.3768,8.7835,-0.13877,-0.76004,-0.25325,0.36344,0.048748,-0.87417,0.8887,9.1027,-1.5276,0.013335,0.025112,-0.3439,-0.58433,-0.76842,-0.006404,0.91088,-8.17,-3.7337,-0.1871,-0.067258,0.26431,-0.62577,0.67059,0.32196
1,10.882,0.004242,1.8073,0.15284,-0.25949,-0.48725,-0.73608,-0.040591,-0.48973,9.0433,5.4373,0.4735,0.16524,-0.30427,0.36161,-0.64519,-0.65751,-0.96928,7.6615,-2.2527,3.0592,0.59655,-0.27058,-0.31312,-0.53442,1.0752,-0.80112,-11.497,0.37626,-2.8523,0.038167,0.002349,-0.88366,0.8017,-0.31605,0.28596,-11.815,-17.793,-4.2209,0.72086,-0.10256,-0.005743,0.76632,0.953,-0.21101
9,10.811,2.854,-2.1809,0.87968,0.54746,0.070861,-0.82383,-0.19861,-0.48907,3.6772,6.0066,3.4297,2.8209,0.29795,-0.44874,-0.36035,-0.91629,-0.092691,13.146,-4.7132,13.375,-8.1033,1.4469,1.1486,-0.10456,-0.001595,-0.92423,-9.8323,-0.75009,-2.8702,-0.50414,0.11434,-0.35111,0.70205,-0.63676,0.23883,-8.3352,-0.45154,3.1345,-0.94032,-0.10302,-0.23396,0.72104,0.72154,0.18729
9,5.4953,1.7329,1.7216,-1.2344,0.059039,0.22479,-0.7113,-0.49821,-0.12076,9.286,-8.9642,0.31918,-0.77736,0.39862,-3.5106,-0.34615,-0.72395,-0.19127,13.015,-1.149,11.296,5.478,-4.0699,1.4552,-0.5923,-0.086394,-0.62722,0.7441,-11.328,-2.8198,-1.1267,-0.11914,0.36706,0.8036,0.014312,-0.22397,-11.096,-8.3928,-1.7546,-1.2109,-0.88936,2.2725,0.5925,-0.39053,0.34801
1,13.736,-1.1462,3.9317,-0.022907,-0.73212,-0.30838,-0.90422,-0.17366,-0.60068,-1.55,6.3631,8.503,-0.27652,0.045844,-1.1426,0.31581,-0.6216,-0.72773,-1.1988,-7.1446,8.6201,0.24486,0.61863,-0.077102,0.33716,0.45121,-1.1289,-11.548,3.923,0.49747,1.4662,-0.10446,-1.1019,0.61276,-0.34045,0.11623,-8.4324,-2.4238,-0.51297,0.14185,0.55167,-0.41482,0.083167,0.73827,0.17715
6,8.1179,-2.294,4.6484,-0.59708,-0.26091,-0.05759,-0.81408,0.57554,-0.10393,-1.4685,4.2585,8.5185,0.31686,0.11945,-0.10244,-0.38907,-0.17797,-0.92215,-0.40628,-4.5425,9.5303,1.4769,-0.7241,0.57029,-0.2721,0.81971,-0.47287,1.8039,1.5434,-2.084,0.1888,0.27025,0.14064,0.40869,-0.67576,0.26398,-7.804,-9.1184,-1.4203,0.28219,-0.24398,-0.19961,0.59336,0.46332,-0.41537
9,7.5568,-0.60773,4.3851,-0.97277,0.91785,0.31062,-0.6322,-0.55435,-0.43445,4.0241,9.9966,12.027,3.5442,-0.22641,5.1533,0.35804,-0.73505,-0.46943,14.556,-18.71,12.461,-3.0046,-6.1697,-7.6507,-0.10078,-0.11959,-0.90729,-9.9014,-3.2363,-0.26567,-1.0776,-0.91564,-0.67206,0.90499,0.049574,-0.36914,-11.049,-11.707,0.85817,-1.3123,-0.85096,-1.9805,0.60481,-0.62927,0.34409
8,5.7087,-0.53642,1.4602,0.12288,0.31948,-0.077703,-0.72793,-0.33149,-0.28263,5.602,3.6651,1.1629,-0.35885,-0.37575,-0.74344,-0.40664,-0.56454,0.38771,5.6348,-1.642,2.5662,-1.059,-0.31688,0.55086,-0.44583,0.005571,-0.62962,-6.184,-0.23663,-4.136,0.2393,-1.5153,0.43411,0.49935,-0.27545,-0.4554,-7.033,0.041681,-4.2798,-0.96609,-1.7994,0.053616,0.42094,0.17542,0.62861
6,9.2404,-2.5639,1.1749,-0.33579,-0.21004,0.27171,-0.8685,0.37994,0.30035,3.4503,0.80015,9.4954,-0.13991,-0.12932,0.049863,-0.92841,-0.001511,-0.65404,0.77914,-1.541,9.7013,-0.036094,0.15296,0.091366,-0.53297,0.57672,-0.74741,-0.011685,3.6096,0.27915,0.18264,0.010334,0.007388,0.55523,-0.58199,0.18293,-7.4188,-8.3754,-3.323,0.30278,0.10426,-0.15436,0.72692,0.32985,-0.13592
0,8.3008,0.47375,3.047,-0.41584,-0.11902,0.052261,-0.61842,0.12392,-0.65426,0.53238,8.3481,5.7743,0.17692,-0.36995,0.46393,-0.061179,-0.23984,-0.65002,1.0702,-5.2218,8.1555,0.13586,-0.69801,-0.16585,0.32386,0.75337,-0.81741,-15.887,-3.7843,-4.5837,1.2558,0.82375,3.0612,0.73074,-0.39061,0.42678,-12.363,-0.41484,-3.3211,-1.8446,0.49138,1.7363,0.77511,0.64125,-0.13237
5,9.3713,-0.45142,2.1519,-0.097413,0.034879,0.095464,-0.59693,-0.25515,0.16171,-0.17183,8.6883,4.669,-0.014332,-0.010527,0.036592,-0.14757,-0.56605,0.011757,1.1597,-3.9085,8.8847,0.007856,0.021443,0.097129,-0.42244,-0.030411,-0.62011,3.4859,4.9529,0.32454,-0.15038,-0.17645,1.3039,0.15031,-0.61465,-0.3342,-2.9737,-15.016,0.39715,-0.74806,0.27527,0.83291,0.26631,0.38855,0.19595
2,11.255,2.4494,-3.3145,1.0955,-0.92204,-1.7095,-0.68649,-0.068376,-0.53554,-6.9087,8.1977,-6.9872,-1.0046,-2.4557,-1.0631,0.24425,-0.50528,-0.04847,6.3961,-7.2081,-0.087448,-1.6891,1.6939,-1.3502,0.083496,0.92585,-0.50847,-18.351,4.7738,-2.9384,0.012386,0.45753,3.1686,0.79732,-0.36015,0.20402,-13.032,5.7346,-4.0986,1.0746,2.7847,-0.99953,0.94142,0.81556,-0.096223
5,9.3794,-0.33588,3.309,0.38602,-0.027837,-0.27961,-0.59127,-0.18015,0.13754,6.0356,4.9819,6.2932,0.022267,-0.043398,-0.22639,-0.88606,0.038244,-0.2348,6.0469,-6.1212,4.9934,0.23966,-0.29811,-0.11731,-0.83097,0.13142,-0.63865,-7.5879,16.373,-2.3715,0.67556,-0.051905,0.50091,0.56795,-0.3751,-0.079146,6.098,-0.55151,0.008659,0.24747,-0.27624,-0.45677,0.02338,0.57029,0.24023
8,21.789,-3.3556,6.5718,0.057809,1.5664,-0.007206,-0.7171,-0.34596,-0.28627,22.701,8.5115,0.036023,0.6499,-0.6538,-0.29463,-0.37139,-0.52961,0.43651,23.446,-10.563,9.621,-0.13586,-0.4667,-0.1915,-0.37574,-0.07358,-0.65635,-15.792,-2.0865,-3.8603,-1.126,-0.51198,-0.7109,0.51845,-0.25085,-0.44726,-36.36,-18.095,-2.5157,2.3963,-2.3281,-0.88566,0.37174,0.21223,0.65549
9,9.4469,-2.7053,2.8074,0.98286,-0.25707,-0.15587,-1.0023,-0.12293,0.32934,7.6033,4.8397,5.8066,1.7331,1.1142,1.5831,-0.98301,0.16889,-0.22858,8.3334,-6.7698,3.0775,1.0853,1.0675,2.9948,-0.88099,0.40404,-0.3658,-9.0479,-0.61987,-3.4334,-0.8817,-0.001754,-1.0964,0.89498,0.56254,-0.37173,-7.5904,-6.3973,-1.0494,-1.2303,0.40734,-0.66198,1.0169,0.27257,0.28429
9,9.4992,-0.11546,-0.96622,0.10248,0.33798,-1.0195,-0.69437,-0.20443,0.46593,2.4797,11.172,2.4278,0.52477,-0.28232,0.82506,-0.74703,0.27824,0.15954,-1.0597,-8.6927,-7.1522,0.082733,-0.053733,0.4169,-0.52511,0.65198,0.16668,-11.154,-2.4715,-8.7614,-0.29042,0.083241,0.85981,0.57864,0.39069,-0.43098,-16.461,-9.0738,0.64544,0.49054,-0.14907,-0.56189,0.60114,-0.19052,0.52388
9,7.4037,0.086191,-3.4777,0.90139,-0.92657,-0.34281,-0.66127,-0.19109,0.50797,6.1723,4.416,1.4307,1.0645,-0.72182,0.012325,-0.7155,-0.39757,0.037844,6.1954,-1.7204,3.3232,-0.10354,-0.63144,0.2485,-0.69298,-0.10367,-0.38246,-7.2794,1.5672,-2.0264,-1.3172,0.033132,-0.69908,0.83434,0.034953,-0.050101,-9.2304,-4.7462,-0.51988,-1.1465,-0.11776,-0.68522,0.74365,0.096777,0.36505
9,8.4392,0.41871,0.46835,0.054892,-0.60766,-0.33751,-0.75129,-0.026577,-0.64135,-1.71,20.844,-2.1235,1.6138,0.43369,0.57151,0.22019,-0.82117,0.42037,7.069,-4.8105,8.7508,2.1297,-0.71986,-0.86827,-0.091353,0.76832,-0.6675,-10.437,-0.6943,1.918,-0.19201,-0.72877,-1.1399,0.89133,-0.54814,0.19768,-10.503,-3.0304,-0.13662,-0.72595,0.52231,0.31861,0.48975,0.83949,-0.14941
2,8.9415,-5.928,0.74784,2.2001,-0.051674,-0.55478,-0.70823,0.13856,-0.57162,7.8641,5.0994,-5.4381,0.63782,2.4637,0.83685,0.003056,-0.7058,-0.12199,-3.9022,-7.2709,1.4003,0.42735,-1.3993,1.334,0.010192,1.0416,-0.37188,-25.841,11.603,-5.8496,-1.2408,4.1264,0.56096,0.44753,-0.62333,0.33383,-9.3145,0.42674,-8.0977,0.012693,1.6069,-2.4064,1.1099,0.42362,-0.13825
8,27.646,-6.2657,7.4694,0.30814,-0.32484,-0.047388,-0.72809,-0.35713,-0.2394,21.93,8.0396,0.38127,0.15877,0.25669,-0.09934,-0.37314,-0.56479,0.39697,19.836,-8.0131,8.8176,-0.015971,-0.087726,0.052412,-0.38575,-0.060515,-0.65076,-13.863,-34.13,2.3957,0.48695,-1.2071,-0.7696,0.51968,-0.24959,-0.45718,-21.464,46.827,-2.7763,-0.27062,-1.7106,1.4511,0.31991,0.14683,0.70317
3,6.9494,-0.76139,1.6699,0.05883,-0.63945,-0.1581,-0.68838,0.14375,-0.60737,5.3275,6.7869,4.5857,-0.068108,-0.25086,1.2286,0.19757,-0.40466,-0.14331,3.0526,-5.6229,7.605,-0.4901,-0.62443,-0.66902,0.082161,0.43138,-0.71364,-10.319,4.462,-2.5987,0.91484,-0.03639,-1.4938,0.55983,-0.74482,0.088608,-7.8251,-9.2025,-3.6941,1.2988,0.25602,-1.4856,0.89729,0.34406,0.15185
9,14.751,1.9919,0.5868,-0.077271,0.6655,-0.59919,-0.97705,-0.26069,-0.039673,3.2014,14.31,1.3382,-0.19773,-0.26923,-2.0227,-0.41048,-0.81025,0.038813,-1.291,-9.2659,15.091,-1.4746,0.023723,-1.312,-0.29547,0.30374,-0.82029,-12.842,-3.7461,5.4961,3.4969,0.2436,1.0779,0.55429,0.49875,-0.54171,-12.576,-0.62741,1.7789,3.2978,1.1101,-0.14347,0.84408,-0.16365,0.31751
9,13.084,2.4565,0.5132,0.88945,-1.0055,0.61641,-0.68899,-0.40821,-0.58282,-3.5143,2.8554,-2.6937,7.2159,1.4639,2.6105,0.88741,-0.4564,0.09283,-3.5625,-0.45523,1.0207,-7.9499,1.5048,-4.1949,0.67658,0.36554,-0.60288,-9.5608,-1.0946,2.6692,-0.35744,-0.17084,0.64821,0.78868,-0.41065,-0.481,-8.8331,-6.6503,1.6272,-0.67387,-0.77683,-0.022536,0.73117,0.77421,0.243
4,3.2685,3.7368,0.21493,-2.3756,0.9778,-1.0627,-0.79501,-0.20177,-0.59071,-11.325,0.58849,-5.0909,-1.1648,-1.9029,-3.8952,0.14148,-0.72775,-0.14383,7.081,-7.6021,7.3897,0.04868,1.0618,2.1824,0.33673,0.73782,-0.65514,-12.923,1.2596,-0.36816,-0.55961,-0.1571,2.3108,0.51977,-0.23668,-0.13057,-10.845,-2.2122,-4.1129,0.14487,-0.013033,1.6481,0.46596,0.43354,0.066067
5,8.6606,-0.53998,4.7975,-0.1669,0.094613,0.51517,-0.65031,-0.096876,0.011954,6.2045,4.4918,6.2144,-0.082339,-0.12639,0.17042,-0.89009,-0.049121,-0.1625,5.9867,-5.0147,5.9606,-0.10322,0.3441,0.1574,-0.79594,0.049854,-0.65406,-2.0584,10.92,-1.5698,-0.43437,0.41467,2.3926,0.28904,-0.58131,-0.071586,-2.6514,-10.125,0.98608,-0.46122,-0.15078,2.6408,0.28728,0.52229,0.14009
6,9.8883,-2.2062,0.73672,0.57749,-0.35186,-0.18946,-0.71163,0.37916,0.35614,3.3367,1.9964,8.9247,-0.032954,0.16254,0.44788,-0.57169,0.05676,-0.55402,1.0701,-0.99421,9.6457,-0.013566,-0.16873,0.10403,-0.37865,0.55058,-0.59236,-6.4641,6.6645,-5.3889,0.80372,-0.23114,-2.9155,0.51297,-0.32645,0.41355,-8.761,-7.8373,-6.7364,1.1785,0.77875,-2.1441,0.61808,0.43816,-0.083536
2,6.0423,0.015377,2.5479,1.913,0.037931,0.18953,-0.6814,-0.00625,-0.5676,-5.0476,7.4608,-4.114,0.96386,3.7709,0.13679,0.18725,-0.64306,0.012976,6.1059,-7.3049,1.1655,-2.0204,-1.8761,0.81641,0.29571,0.78817,-0.51314,-10.489,3.6838,-0.22825,1.3756,-1.6143,-1.978,0.75758,-0.26941,0.34749,-3.5642,11.303,1.6344,4.6607,-0.68243,-0.13868,0.86716,0.77077,-0.36151
4,8.2775,0.27532,3.1676,-1.2237,0.1924,-0.46294,-0.7298,-0.1363,-0.56278,-1.9872,8.2181,4.8317,-0.88743,-0.54023,-1.5599,-0.23719,-0.63028,-0.48926,1.1965,-6.4289,6.6214,-0.02238,0.72406,0.66905,0.052538,0.54747,-1.0144,-12.291,2.3755,-0.56502,0.15933,-0.02853,2.4344,0.56524,-0.2291,-0.13115,-9.6676,-1.2977,-1.4775,-0.086485,-0.20117,1.2911,0.47072,0.2915,0.2581
9,8.3783,1.0639,2.0863,-0.04426,0.036906,-0.15994,-0.55788,0.040875,-0.81386,6.2854,6.6848,2.5038,-1.7598,-0.92307,-0.77518,0.1305,-0.99425,0.12034,7.8453,-1.3191,4.9035,-0.42473,0.33261,-0.38796,-0.37537,0.62741,-0.6398,-9.4008,-1.1895,-1.3905,-1.3378,0.54027,0.8924,0.72185,-0.54371,0.46672,-9.0891,-0.58188,-1.5089,-0.033054,-0.1125,0.42614,0.63671,0.83229,0.07146
3,7.0393,0.65345,2.9783,-2.2158,0.39651,-0.27282,-0.72622,0.004833,-0.7642,0.54644,10.013,0.28982,0.21088,-0.49619,-2.0857,0.94826,0.083516,0.44575,4.3132,-4.9297,7.2086,-0.73189,1.967,1.6963,0.093469,0.52488,-0.57425,-6.5778,1.4724,2.6412,0.078901,-0.88279,1.0928,0.80907,-0.43757,-0.40848,-8.6543,-3.1769,1.1549,1.2272,0.47356,1.3131,0.77627,0.39737,0.52324
1,6.3025,-0.19265,0.79316,0.063351,-0.8185,-0.088995,-1.101,0.09947,-0.48662,1.9354,6.8764,5.5424,0.048604,0.62984,-0.20714,-0.25775,-0.59213,-0.78335,1.7486,-6.5927,6.5701,0.079252,0.074523,0.21037,0.091881,1.022,-0.83753,-8.4215,1.4221,-1.0911,0.94004,-0.31572,-1.6163,0.45967,-0.58358,0.37663,-9.4469,-0.26053,-0.24193,2.6171,1.4446,-2.2643,0.40181,0.70996,0.16278
1,7.1811,0.33014,2.6921,-0.027096,0.082951,-0.32532,-0.63266,0.11606,-0.61392,0.9642,8.0718,4.1115,-0.2112,-0.3356,0.77495,0.027825,-0.22681,-0.60735,0.69323,-6.3388,6.4264,-0.026819,-0.42022,-0.4623,0.38605,0.83333,-0.68176,-8.594,-0.28057,-3.2643,1.277,-0.46053,-2.068,0.60239,-0.58525,0.39687,-9.7127,-0.40975,-0.17236,0.93243,-0.046722,-2.6446,0.8801,0.70552,-0.1659
2,5.1919,4.5865,-1.9853,4.8462,4.6636,-0.83953,-0.8869,0.10691,-0.53455,-0.49467,13.737,1.2714,0.085661,1.1509,0.35273,-0.55396,-0.74013,-0.2228,4.6794,-10.426,5.5796,-0.07603,-1.3635,-2.176,-0.2653,0.67087,-0.95151,-25.339,5.1276,4.5624,-1.0861,0.5555,-4.0237,0.82521,-0.43221,0.1003,-9.9705,9.4023,2.1913,-1.5114,0.67297,-1.1775,0.81864,0.64777,0.16212
7,9.687,-0.48016,0.6483,0.1729,0.20559,-0.045074,-0.77029,-0.057272,-0.58623,0.6927,4.8749,8.5066,0.070004,-0.054601,0.14507,0.48474,-0.2345,-0.78052,0.75403,-3.479,9.0548,0.18956,-0.073223,-0.049537,0.39971,0.025276,-0.85719,1.2749,9.4817,-1.9707,-0.055694,0.011261,0.054774,-0.67323,-0.69218,-0.006416,1.5316,-8.8134,-4.0925,0.2286,-0.16912,-0.050623,-0.69783,0.60966,0.28723
9,9.0729,-2.8493,3.7864,-0.33079,0.24643,-0.21703,-0.58999,0.0955,-0.79493,-1.6445,7.6372,5.1724,0.56419,-0.53668,-0.16076,0.61508,-0.52474,-0.60142,0.62728,-7.7807,4.9844,-0.067384,-0.024671,-0.62762,0.56537,0.57167,-0.5635,-9.9105,-1.5378,-0.50836,-0.070571,0.26505,0.17638,0.94067,-0.42604,-0.13757,-9.6762,0.57893,1.8636,0.45903,-0.11009,-0.15499,0.93738,0.55497,0.12615
8,20.879,-3.0529,2.0105,-0.68735,-0.88894,-0.061261,-0.8023,0.369,-0.16649,22.148,7.1669,-0.84488,-0.80392,-0.17051,0.69967,-0.63365,-0.004681,-0.20972,17.577,-1.8393,5.6,1.2604,0.009806,0.58569,-0.70764,0.37565,0.10708,-21.964,0.015777,-5.6613,-1.294,0.99377,-1.6844,0.47335,-0.2039,0.55834,-25.75,-12.667,4.593,1.8308,-0.82512,1.3901,0.56844,0.18936,-0.28649
5,7.6667,3.011,4.648,-0.17753,0.058061,0.13074,-0.60909,-0.24901,0.1213,3.4755,7.8966,4.8011,-0.017038,-0.13448,0.15752,-0.79721,-0.50726,-0.27767,0.13931,-4.4703,8.6073,-0.34131,0.1565,0.072,-0.46927,0.15097,-0.56217,-0.79806,7.8301,1.621,-0.20469,-0.34556,1.8091,0.324,-0.49437,-0.35026,-6.5575,-18.669,-0.38374,-0.34075,-0.21963,1.674,0.37114,0.2947,0.13424
2,-1.0572,-4.0559,-0.97337,1.5425,0.61999,-0.60382,-0.7478,0.37537,-0.64239,7.5831,2.0013,-0.78152,0.34811,-0.28968,-0.57315,-0.78362,-0.4127,-0.25833,7.4723,-1.7267,5.9013,0.10703,0.38838,1.605,-0.40091,0.6592,-0.92525,-5.175,17.166,-8.0647,0.25787,2.3523,-1.5083,0.5093,-0.70157,0.13435,1.4261,-12.036,1.2233,-1.5436,0.22894,-1.2861,1.1444,0.095653,-0.24026
8,-7.5898,1.1383,-4.1125,-0.089569,0.37777,-0.1096,-0.60749,0.45565,-0.36291,-0.051487,-3.2607,-2.8982,0.41702,-0.020747,0.15614,-0.31936,-0.30821,-0.68659,0.96084,3.0969,-0.51702,0.20855,0.426,0.13184,0.08338,0.52568,0.57785,1.046,7.0473,-0.78116,-0.66688,0.11572,0.14378,0.50299,-0.043651,0.4995,1.6639,-8.3725,2.0766,1.4527,-0.17743,0.048157,0.49063,0.059403,-0.46209
8,9.9883,-1.9138,-4.034,-0.73457,3.5272,-0.59649,-0.65115,0.012472,0.024691,9.8704,7.75,-1.2286,-3.8446,-1.9623,-0.65068,-0.49861,0.029384,0.10558,14.369,-7.8203,-5.1237,4.7038,-0.3039,1.4445,-0.45598,-0.17276,0.12879,-11.646,3.9007,2.3781,-1.1046,-3.409,-1.4871,0.43599,0.19014,0.060403,-9.0193,-0.42047,-1.2918,3.3556,-1.1743,2.0662,0.4538,-0.15117,0.066329
7,4.1955,-3.1148,10.048,0.16151,1.5465,-0.1012,-0.22891,0.25257,-1.0008,1.3478,5.3386,10.293,-0.5016,-0.93125,-1.9098,0.39042,-0.059907,-0.88148,-0.82346,1.7747,7.9981,0.39698,0.62732,1.9377,0.45363,-0.42079,-0.7337,-2.749,14.424,3.9512,0.07727,0.10158,-0.5931,-0.22135,-0.87888,-0.30638,-1.6437,-18.587,-0.63668,0.52235,0.012271,-0.13956,-0.21124,0.94261,0.09055
6,9.8562,0.77582,0.38464,-0.021979,-0.056699,-0.41697,-0.78685,0.23518,0.28521,-0.4002,4.1133,9.0525,0.06251,0.26684,-0.36261,-0.36113,-0.17856,-0.68809,2.1962,-1.3536,9.3349,0.1576,-0.22965,-0.15339,-0.46651,0.51652,-0.54635,-7.8657,7.0471,-3.3616,-0.60911,-0.19775,0.15299,0.59073,-0.097925,0.28909,-1.6133,-4.9172,-2.0083,-0.13864,-0.082805,0.42337,0.46573,0.67955,0.021889
9,15.006,0.34342,2.928,-0.39137,-0.11986,-0.54965,-0.75087,-0.08622,-0.002203,14.228,3.7663,-4.917,0.048253,1.6954,2.8781,-0.64156,-0.29701,0.26354,16.279,5.9304,7.4623,-3.4959,1.1766,-1.5985,-0.54667,-0.16941,-0.55945,-14.248,1.0023,-2.1402,1.4771,-1.0373,-1.5523,0.75252,0.05696,-0.036033,-18.317,3.6135,-3.0494,1.6576,-0.97584,-1.6833,0.69618,0.095896,0.28634
8,5.0229,-2.0875,1.6832,-0.17064,-0.45169,-0.10314,-0.72169,-0.33043,-0.2869,3.8837,3.1629,0.78065,-0.306,-0.24432,-0.31674,-0.31866,-0.6082,0.38868,4.9738,-3.6281,1.757,0.25753,0.47792,-0.13877,-0.41246,0.034715,-0.6422,-7.5494,9.4575,-1.0377,0.93701,1.3242,0.15966,0.45035,-0.27033,-0.4955,-4.4815,-2.4859,-2.6522,0.003506,0.74592,0.064496,0.43393,0.16467,0.62245
8,-4.3822,-0.45885,-2.0839,0.55094,-0.70048,0.2173,-0.59785,0.50413,-0.31852,0.51914,-3.7134,-3.0861,1.5414,0.38321,0.4142,-0.377,-0.36033,-0.61778,1.203,3.634,0.003184,-0.026727,-0.32892,-0.17633,0.092199,0.4737,0.62823,1.3077,7.4959,-0.018812,-0.34377,-0.077248,0.46366,0.47799,-0.054505,0.52249,0.96875,-2.5089,1.0944,0.06471,-0.20995,-0.16204,0.47453,0.080146,-0.47215
9,10.016,-3.1867,-4.6229,7.8577,-0.32092,-1.8335,-0.87735,-0.3242,-0.31479,7.9496,2.3085,4.3912,0.49807,3.0503,6.4644,0.90342,-0.061993,-0.14057,5.3834,-10.749,5.962,1.2198,-1.4446,-0.10532,-0.15019,-0.019512,-0.88361,-7.5348,-1.3611,-0.32664,-1.2281,0.31548,-0.41493,0.65834,-0.2211,-0.56802,-8.7517,-2.7145,1.8229,-5.6115,-0.54961,-0.26816,0.63882,0.3745,0.51615
5,9.377,-2.3652,1.8608,0.037861,0.040351,-0.042094,-0.62563,-0.17192,0.16324,1.265,5.3801,7.8399,0.23584,-0.009545,-0.02358,-0.24334,-0.48063,-0.21867,1.0983,-1.8598,9.8946,-0.091776,-0.0105,-0.019412,-0.44877,-0.16554,-0.5709,-6.1452,14.151,-0.44199,0.12069,0.37943,-1.1476,0.32075,-0.4929,-0.19126,3.2816,-5.6015,1.878,-0.071555,-0.070652,-1.3662,0.047538,0.61136,0.10993
9,12.035,2.3276,-5.0156,-0.98517,0.37403,-0.48771,-0.67071,0.64767,-0.14335,3.5546,10.549,-1.2129,-0.52507,0.06213,1.3982,-0.54334,-0.4741,-0.5361,17.206,-11.716,-0.25856,-6.2515,2.562,1.363,-0.70683,0.37999,0.51737,-11.285,1.617,0.10642,1.8134,0.058653,2.5055,0.60273,0.18871,0.78333,-1.3816,4.6114,-8.6318,-2.3146,0.30928,1.0663,0.61406,0.42736,-0.57037
3,9.3589,-1.7894,-2.5142,-0.19647,0.16948,0.084325,-0.93791,-0.1635,-0.10826,7.1625,5.1114,4.0019,-0.081321,-0.12391,-0.58765,0.33367,-0.76299,-0.42405,7.5429,-6.525,1.7158,-0.032165,-0.1123,0.58444,-0.3527,0.51888,-0.41652,-9.6648,0.58569,-1.8203,0.10567,-0.12062,-0.3647,0.88052,-0.16056,-0.38034,-8.4318,-4.4146,-2.5625,0.60326,0.78814,-1.0198,0.65624,0.60575,0.52455
9,4.5748,-1.8892,4.4132,0.23879,1.401,-0.3072,-0.44444,0.70537,-0.59408,-5.3736,0.54174,4.657,0.11725,1.4258,-1.3242,0.55374,0.68177,-0.45615,-2.4185,-3.9948,3.4391,-0.85545,1.2906,1.6929,0.93593,0.31842,0.019361,-5.9714,5.2523,-2.0962,1.9847,0.40823,-1.043,0.89128,-0.096465,0.61906,-8.0063,4.5927,-0.092095,1.4118,2.0053,-1.7244,0.86667,0.3639,-0.47293
7,9.6882,-0.39124,-0.10216,0.07848,0.023409,-0.034197,-0.85848,-0.042161,-0.46608,1.9948,3.7549,8.866,-0.22716,0.099624,-0.032868,0.286,-0.27231,-0.86189,1.8185,0.11793,9.8662,0.18307,0.20059,-0.095994,0.22592,-0.25338,-0.8816,-0.082066,8.3038,-1.2543,0.32372,0.11568,-1.0124,-0.43609,-0.85815,-0.042796,0.059071,-8.1885,-4.0721,-0.21776,-0.67811,0.85434,-0.48362,0.71318,0.44889
4,6.4917,-1.0543,1.1672,0.32355,0.25365,0.071985,-0.68356,0.16647,-0.55789,2.181,6.7244,5.479,0.50475,0.53908,-0.20663,-0.20039,-0.88127,-0.75411,-7.2961,-6.4514,5.4707,0.2546,-0.37967,0.4297,0.33547,0.50883,-0.46769,-7.3488,2.8656,-2.0484,0.85255,-0.64833,-1.8326,0.44127,-0.40183,0.11748,-7.6905,-1.4044,1.0807,0.38077,-0.17064,-1.7414,0.59623,0.25871,0.064561
7,10.579,1.0727,-1.2002,-0.19318,-0.42543,0.027562,-0.75895,-0.25234,-0.52907,6.5757,7.6309,6.412,-0.66107,-0.15846,-0.18787,0.35201,-0.55841,-0.66963,6.8128,-0.22408,8.3661,-0.11094,-0.015352,-0.30919,0.22254,-0.070435,-0.91701,1.7216,9.0475,1.9847,0.10375,-0.12527,0.11912,-0.67731,-0.62925,-0.2886,0.054762,-9.4998,1.144,0.23176,0.1676,-0.13642,-0.53121,0.81388,-0.049652
1,8.2265,0.77714,3.3774,-0.50389,0.12083,-0.10633,-0.81751,-0.092009,-0.71352,10.317,1.7858,1.6931,-0.6184,1.3919,-1.4692,-0.77796,-0.74184,-0.27454,9.1547,-4.3601,2.4228,-1.0689,-0.11109,-1.5781,-1.724,0.093961,0.7317,-12.182,-3.117,-2.1206,-1.7911,0.12285,2.726,0.49429,-0.34843,0.13045,-10.313,-0.18604,-3.1081,-0.71871,0.040093,2.0517,0.46989,0.49667,0.15162
9,17.095,-0.87548,4.6708,-0.008759,0.051983,-0.26465,-0.70786,0.15732,-0.5711,12.698,17.587,5.4347,-2.1278,-2.0054,-1.741,0.22008,-0.70052,-0.49154,26.573,-19.774,15.789,-2.0592,0.61654,0.20049,-0.16676,0.67,-0.6367,-17.058,-5.3179,-7.7146,-1.2192,-0.43956,1.1997,0.96727,-0.30556,0.72385,-11.71,-2.9303,-15.763,-0.71558,-0.12485,1.7768,0.80828,0.45244,-0.22359
2,-0.54951,0.45555,-0.84593,-0.5077,-0.28301,-0.22464,-0.87064,-0.032933,-0.50999,-4.8289,2.8144,0.80902,0.49285,-0.73744,-1.3923,0.051824,-0.79428,-0.2547,5.4323,4.1591,-0.63511,-0.79488,-0.12139,-3.1131,0.33234,0.93697,-0.52475,-5.2869,1.1634,4.696,-0.64001,-0.66163,2.4038,0.72827,-0.11581,0.41825,0.51557,3.3703,8.139,-2.827,-0.45352,-2.0407,0.83823,0.62089,-0.1827
1,6.7368,1.7858,3.7019,-0.66037,-1.3211,-0.102,-0.77458,-0.18282,-0.70533,-1.8597,7.0578,5.3757,-0.012215,0.31361,-0.75441,0.45414,-0.76874,-0.76266,1.6368,-5.5973,6.7946,0.28009,0.71606,0.52291,0.29803,0.60759,-1.1339,-7.0904,0.013506,0.18554,-0.54137,0.20629,2.4373,0.087298,-0.80593,0.057844,-9.7068,1.4584,-1.9031,-0.073763,0.33127,1.635,0.61501,0.47095,0.051993
9,9.5196,-0.63105,1.9111,-0.51462,-0.21002,-0.32577,-0.60125,-0.12716,-0.5944,5.5437,7.4752,4.1485,-1.0223,0.049941,-1.7305,-0.067211,-0.78943,-0.23261,0.45569,-6.403,9.3278,0.20521,0.51737,0.18795,0.24639,0.22489,-0.7756,-9.0424,-1.2392,-1.4689,1.1155,-0.59237,0.54549,0.75481,-0.33032,-0.080492,-13.319,-2.032,3.3212,-1.5724,0.33873,0.79996,0.67234,0.42063,0.23746
9,9.3566,3.0343,-0.52133,0.318,0.80377,-0.40049,-0.81279,0.26438,-0.29759,9.2063,1.8282,-1.8273,-0.77498,0.35942,0.2953,-0.68761,-0.45182,-0.33082,5.91,-7.179,-3.7995,-0.82738,1.5591,4.3116,0.27414,0.84007,-0.014198,-9.1685,-0.85065,0.87519,-0.61354,0.26103,-0.48481,0.77317,-0.39111,0.20328,-10.066,-0.76544,-0.70815,-0.54995,-0.061733,0.13224,0.7168,0.5177,-0.18563
3,-3.99,3.3602,7.7179,0.63412,-0.31084,-0.53119,0.55556,-0.26108,-0.76437,6.5818,6.0519,-2.2302,-0.011223,-0.64563,-0.26418,0.65238,-0.6506,0.4532,6.2504,-5.4928,4.4069,-0.007022,0.5469,0.14914,-0.25557,0.53689,-0.56411,-4.0183,0.32873,-2.1364,0.88756,-1.0359,1.9786,0.79501,-0.22593,-0.41331,-5.8851,-7.1757,-0.99999,0.02676,-0.086916,1.4094,0.68397,0.56827,0.61079
6,9.0518,0.65612,1.8403,0.40084,0.12289,-0.12046,-0.92401,0.28314,-0.023054,2.8883,7.6928,5.6663,0.10425,0.13289,-0.15723,-0.79236,-0.40379,-0.56652,2.6528,-3.6049,8.0292,-0.02749,-0.033047,0.063661,-0.73252,0.60873,-0.58237,-9.0174,8.296,0.18523,0.095405,0.027342,0.14974,0.69963,-0.15189,0.20834,-1.0254,-1.9305,-0.82591,0.19344,0.31556,-0.15477,0.5317,0.70182,-0.13971
2,12.102,1.737,7.0688,-2.5092,0.40708,-0.92377,-0.81232,-0.23567,-0.6814,-6.2193,14.593,2.711,-4.0877,-2.7293,-1.6679,0.71082,-0.6911,-0.36944,-1.4147,-9.8115,11.278,0.8552,0.52318,-1.8045,0.38451,0.54931,-0.97418,-14.229,-12.82,-2.33,0.074875,-0.26412,3.6068,0.3155,-0.72334,-0.10584,-10.49,2.1227,-7.3065,-0.37694,-0.48359,3.2732,0.52551,0.50403,0.13657
2,0.55453,-2.1036,1.1102,1.2695,-1.0983,0.10749,-0.88099,0.030512,-0.65426,7.0838,0.19378,2.6757,0.90673,-0.69298,0.64747,0.52036,-0.31111,-0.93871,-6.0147,1.1694,1.2686,0.63147,-0.13481,0.32233,0.26178,0.95308,-0.72678,-1.184,7.3294,-2.2811,-3.159,-0.039785,1.4469,0.18862,-0.67984,0.096428,0.37719,-11.893,6.2906,-0.68596,-0.32709,-0.39747,0.72891,0.18764,0.031513
7,9.8223,0.033918,0.62712,0.027399,0.031303,0.031301,-0.74062,-0.087763,-0.61419,0.50889,4.6059,8.3296,0.090265,-0.17836,0.27115,0.53434,-0.19651,-0.75671,0.94738,-3.2207,8.9584,-0.57597,-0.28785,-0.2715,0.40322,-0.1013,-0.84571,1.1709,9.251,-1.3187,0.091542,0.1717,-0.16339,-0.68267,-0.67781,-0.030451,1.3011,-8.6496,-4.3796,0.20682,0.076016,0.066383,-0.70131,0.56351,0.35253
0,7.7183,0.61987,2.5659,-0.27159,-0.17078,-0.26406,-1.0373,-0.025861,-0.62943,3.5418,7.2287,4.906,0.12698,0.3677,-0.048028,-0.38697,-0.62333,-0.8176,3.2968,-6.6789,6.5097,0.068559,-0.12237,0.047821,0.008802,0.94101,-1.0607,-9.354,-0.86145,-0.93121,0.32136,0.24885,-0.9348,0.39041,-0.57006,0.3417,-9.1826,1.6235,-0.16703,3.4815,0.78935,-1.3741,0.28765,0.6888,0.29
5,9.6202,1.1645,2.403,-0.10799,0.29492,0.080004,-0.55945,-0.22506,0.19315,2.4308,1.0746,9.3984,-0.005572,0.009929,-0.055417,-0.26148,-0.18998,-0.23125,2.0067,-0.87062,9.6121,0.003814,0.080877,0.000697,-0.64362,-0.13575,-0.48564,-4.2914,11.736,-0.51828,-1.112,-0.40685,1.1427,0.41128,-0.51506,-0.15011,1.9281,-4.8815,0.36774,-0.68415,-0.27756,1.4622,0.1627,0.52855,0.27722
9,9.5781,-1.1732,-1.7895,0.043851,-0.10401,-0.014859,-0.92247,-0.21599,-0.41608,19.829,15.556,10.291,-0.85603,-1.0279,1.8313,-0.31726,-0.62889,-0.79,7.1791,-3.8226,4.1564,-1.1551,-0.31554,-0.71905,-0.28084,0.58718,-0.81106,-9.4868,4.1444,1.6299,0.50607,-0.001549,0.18645,0.68512,-0.75997,-0.45853,-9.6504,2.0912,1.9388,0.79646,0.018502,-0.15011,1.1146,0.16527,0.23672
8,9.8323,-2.3046,3.0994,0.3424,0.96189,0.068389,-0.70956,-0.35466,-0.30979,10.161,5.0244,-0.94924,2.2151,-0.24552,-0.73337,-0.37982,-0.55879,0.41774,11.284,-3.6924,4.2241,-0.12342,-0.4374,0.54424,-0.38901,-0.023552,-0.66773,-15.444,1.2334,-1.0959,-0.031643,-0.91606,0.034542,0.52697,-0.24016,-0.45765,-12.513,-1.2497,-4.585,-0.70331,-0.62157,0.19643,0.41725,0.16704,0.64158
3,5.591,0.25997,-0.24797,0.070823,0.8166,-0.36374,-0.71192,-0.19802,-0.5973,8.0022,2.038,2.9224,1.5913,-0.51677,-0.81266,-0.15421,-0.90838,-0.47696,9.7731,-1.041,2.7671,-1.1115,0.5931,0.089392,-0.40742,0.36989,-0.55955,-7.7516,-1.665,1.9385,-0.09806,-0.32633,1.8047,0.86835,-0.077525,-0.37677,-7.0725,-1.318,0.31061,-0.032588,-0.2175,1.8613,0.82741,0.55166,0.26409
6,10.485,-4.8686,0.94075,0.63267,-0.74276,-0.077526,-0.92183,0.55777,0.25872,-0.19361,8.6554,3.5989,0.14798,0.25357,-0.12366,-0.57296,-0.63699,-0.64499,1.5322,-2.7268,10.673,0.13111,0.26817,0.19518,-0.45998,0.61579,-0.64304,-0.45306,1.7364,0.094944,0.38411,0.47876,-0.90822,0.45385,-0.5905,0.26865,-9.7318,-8.1842,-0.55443,-0.5019,0.49777,-0.59949,0.60189,0.34785,-0.39974
3,8.9013,-0.92528,1.7131,0.56959,0.20668,0.22587,-0.67984,0.066981,-0.62809,6.0485,5.4268,5.1153,0.064116,0.71231,-0.67612,0.1572,-0.38279,-0.1686,5.3275,-5.4478,6.1859,0.038673,0.25376,0.93792,0.014382,0.44908,-0.69859,-9.0946,2.4923,-0.50063,0.002193,0.037676,-0.69059,0.68427,-0.56181,0.1611,-9.2154,-3.7629,-2.134,0.28532,0.40865,-1.5631,0.74194,0.53193,0.18078
9,9.7891,1.687,-0.42083,-0.33487,0.029568,-0.32024,-0.63536,-0.48994,-0.28342,6.3914,-2.8871,12.213,3.7974,1.7688,0.11963,-0.45739,-0.46762,-0.50332,8.4014,-0.81776,3.1906,-0.23887,0.86089,1.1007,-0.476,-0.000659,-0.68044,-9.7958,2.3134,-2.0199,-0.009995,0.98679,-0.66739,0.6731,-0.3724,-0.20763,-9.0388,-1.1529,-2.1435,0.43625,0.41034,0.55473,0.57184,0.36278,0.48894
8,2.2397,-1.7205,0.53264,0.041823,-0.37137,-0.097287,-0.7252,-0.32479,-0.30448,2.2772,2.6801,0.3222,0.14149,0.039864,-0.4682,-0.38317,-0.59395,0.36869,2.1467,-2.1056,1.8055,-0.26692,0.32291,0.032765,-0.42435,0.007745,-0.64819,-4.2955,4.7962,0.89406,0.50106,1.1618,-0.059324,0.45227,-0.27435,-0.5152,-4.0477,-3.8204,-0.090482,-0.4678,0.76369,-0.50773,0.45385,0.17068,0.6133
3,8.0532,-0.67952,-2.3498,-0.078,0.23631,0.29654,-0.95352,0.075243,-0.44487,-0.7226,7.583,5.9274,-0.066399,-0.83008,1.6785,0.62292,0.043048,0.27864,-0.37254,-5.5546,8.1612,-0.56373,-0.69567,-0.56436,0.5625,0.3776,-0.47952,-6.2545,5.1742,-0.96292,0.38757,-0.49342,-1.7426,0.24304,-0.86554,0.14233,-11.635,-1.0458,-0.029107,-0.67942,-0.26587,-0.23962,0.86417,0.4969,0.008467
9,11.394,1.6225,1.6095,-0.077461,-0.14743,-0.19098,-0.89304,-0.35877,-0.11658,10.02,17.408,5.469,4.3691,0.97653,-0.77452,-0.82053,-0.1528,0.26244,12.262,-10.017,11.831,0.84941,-4.7359,-3.5444,-0.76543,0.2241,-0.59326,-9.7441,1.8791,-1.7374,-0.027294,-0.11758,0.38484,0.96756,0.018153,-0.26648,-11.456,0.02537,0.031005,0.59778,-0.23564,0.23419,0.8863,-0.1893,0.27609
5,9.4423,-0.33834,2.0397,-0.11498,0.070656,0.17531,-0.58874,-0.18278,0.17388,2.6287,1.0539,9.3207,-0.033795,-0.076018,-0.030358,-0.27785,-0.17291,-0.24259,1.3762,-0.8934,9.6741,-0.11107,0.082806,0.041932,-0.62124,-0.12261,-0.52604,4.1747,5.0813,0.47362,0.39585,0.12674,-0.63155,0.16276,-0.62672,-0.2679,-2.7804,-10.479,-4.112,0.4688,0.30188,-0.59903,0.42443,0.28881,0.28032
4,-8.9616,6.0111,6.6194,-0.71677,0.6657,1.1565,0.5179,-0.10962,-0.60323,-1.6576,8.5138,-5.1045,0.72954,1.168,0.69296,-0.15995,-0.76276,0.25468,2.122,-9.6353,2.7304,0.057595,0.052762,-1.2947,0.15192,0.75108,-0.72154,-13.505,-0.27397,-0.636,-0.79095,-0.020426,-1.2553,0.65463,-0.1571,-0.16671,-11.67,-8.6285,-1.1917,0.67323,0.33085,-1.1025,0.39729,0.48785,0.13519
3,7.2326,-5.2768,-5.758,0.71131,0.8193,-0.072215,-0.7831,0.57504,0.045308,3.2323,5.2145,6.5669,0.2966,0.95191,-1.2777,0.58332,-0.49094,0.001492,3.8607,-5.9888,6.5016,0.68856,0.089807,0.60932,-0.077083,0.47131,-0.57834,-9.1626,-1.8268,-3.4708,0.25636,0.12115,-1.3456,0.91607,0.045924,-0.26697,-7.9383,-9.7429,-0.48806,-0.083242,-0.10189,-1.8701,0.29943,1.0227,0.32612
4,11.35,-2.2218,5.1996,0.70676,0.22333,0.51167,-0.71023,-0.066744,-0.54793,1.1721,9.0971,4.2206,-0.038082,0.25406,-0.72143,-0.083228,-0.73228,-0.32458,-1.4079,-8.0879,4.67,0.27659,1.1812,1.1393,0.11797,0.47092,-0.75349,-12.368,-2.486,-0.56001,0.10229,-0.221,-2.1648,0.5952,-0.27268,-0.10064,-12.182,-1.7895,0.15832,-0.51849,0.28359,-1.8027,0.4712,0.34346,-0.034511
7,8.8629,-0.39779,-3.5348,-0.016092,0.78032,-0.1758,-1.013,-0.021307,-0.17833,0.41093,5.4686,8.783,0.555,0.44301,-0.10516,0.47009,-0.34858,-0.68844,1.6133,0.42791,4.5583,0.37501,0.091214,0.10009,0.39977,-0.16577,-0.78575,3.6526,8.3502,-1.4872,0.26492,-0.25734,-0.86966,-0.71041,-0.60967,-0.080815,4.0303,-8.0427,-0.75493,-0.3267,-0.60802,0.84801,-0.72708,0.54205,0.2058
8,-6.8343,-1.2165,-0.67072,0.67227,1.0479,-0.11155,-0.40981,0.014994,-0.6998,-3.3585,-0.35112,0.28658,-0.070417,0.41865,0.11043,-0.53766,-0.44996,-0.29403,-1.971,2.7535,1.1888,0.43245,-0.078373,0.41538,-0.51686,0.39301,-0.37626,0.54035,9.9776,-0.18759,-0.22691,-0.06234,-0.37067,0.68308,-0.27004,0.061527,-1.6282,-11.946,3.1119,0.33737,-0.104,0.48484,0.66085,0.16319,0.32043
8,-1.631,-0.45429,0.53368,0.037608,-0.14618,-0.14105,-0.37942,0.01512,-0.71184,-0.68487,0.43642,-1.0411,0.025417,0.002312,-0.081317,-0.48719,-0.43058,-0.35715,-0.3616,-0.28199,-0.041664,-0.14876,0.18873,0.25119,-0.46503,0.39316,-0.42003,-0.20438,0.1753,-2.0281,-0.44669,-0.088463,0.69108,0.6076,-0.35647,0.051977,-0.55155,-0.89136,-0.32538,0.025281,-0.023603,-0.47977,0.61013,0.26339,0.29566
6,9.2823,-1.9028,4.761,0.45469,0.11464,-0.11852,-0.86383,0.50863,-0.06147,-2.0312,5.7815,8.0878,0.032177,-0.026216,-0.11591,-0.33493,-0.3095,-0.87684,-0.7976,-5.6405,8.7818,-0.15321,0.18637,-0.040206,-0.19376,0.82195,-0.43164,-3.2786,3.8854,0.40618,0.91557,-0.10043,-2.0578,0.44864,-0.60455,0.29046,-9.4736,-9.8244,-1.3982,1.0844,0.33559,-1.3783,0.58092,0.51336,-0.40063
0,10.399,0.024902,3.2077,0.74572,-0.60549,-0.081978,-0.77875,-0.16019,-0.74525,4.1892,6.0985,6.2959,0.097529,0.065837,0.4562,-0.46539,-0.76985,-0.73378,-8.0096,-1.0102,3.5827,1.2391,-0.60506,-3.095,0.76243,-0.4236,-0.72419,-13.014,1.6335,-0.92697,0.44327,0.27289,-1.4986,0.20644,-0.72454,-0.088696,-14.637,-0.55291,0.57059,-0.097905,0.036189,-2.2931,0.56398,0.41063,0.19279
0,8.7999,-1.4262,2.2936,0.42849,-0.22743,0.045025,-0.79732,-0.17003,-0.74073,5.1869,6.2629,5.2303,0.16025,-0.089439,0.22474,-0.50379,-0.78178,-0.71265,5.7131,-5.6469,5.9163,0.032744,-0.43349,-0.031565,-0.44707,0.78243,-1.0744,-10.753,0.27249,1.0875,-0.28528,0.74121,-1.5064,0.20074,-0.71369,-0.31471,-15.442,-0.39847,-0.94233,-1.0177,0.10499,-2.2103,0.62329,0.32586,0.19173
9,9.4758,-1.8366,-1.1599,0.39262,-0.035087,-0.25236,-0.96501,-0.36059,0.20741,5.0992,13.723,0.50914,0.29556,0.93061,4.1337,0.19797,-0.92377,0.36003,2.0372,-1.2154,4.1899,1.7273,-6.7841,-2.1381,-0.021784,-0.032812,-1.0037,-8.913,3.3247,-1.6978,-0.909,0.009827,-0.043032,0.95756,0.004692,-0.45401,-8.5861,-5.0159,0.39237,-0.60971,-1.2791,0.21721,0.97364,-0.03221,0.44148
2,-3.6759,-1.3649,-4.7511,-0.18014,0.93425,0.32496,-0.63303,-0.015633,-0.88897,5.2998,1.6231,-1.927,0.010059,-0.42116,0.31446,0.44964,-0.75557,-0.62003,-5.3738,1.1271,1.3866,1.1164,0.91185,-0.53412,0.54571,0.93764,-0.57233,-0.64979,0.008381,-1.2948,0.86656,0.12306,0.13554,0.2014,-0.66118,0.081589,0.60785,-7.2987,3.8849,-0.040025,-0.3202,-0.39755,0.7225,0.19282,-0.008045
6,9.551,-1.5134,-1.0768,0.39613,0.010268,-0.67792,-0.94459,0.47179,0.39475,-2.0181,6.4302,7.1811,0.23395,0.16213,-0.013333,-0.41912,-0.34247,-0.84857,-0.80028,-1.2575,9.3355,0.39739,-0.3444,-0.11358,-0.43322,0.50377,-0.77875,-8.094,10.576,-2.9718,-0.45395,-0.38051,-1.8662,0.50157,-0.37736,0.32931,-3.216,-7.6694,-2.2429,0.17046,0.40755,-2.3445,0.38983,0.76661,-0.27939
5,9.3859,-2.5331,2.975,-0.043334,-0.12801,-0.082427,-0.62918,-0.06726,0.081811,7.7422,4.4174,4.0755,-0.068258,-0.15005,-0.047988,-0.87479,0.1071,-0.13859,4.6477,-6.4495,5.7181,0.045629,0.14058,-0.059703,-0.73612,0.21036,-0.69803,0.3868,3.1577,-0.95368,1.3403,0.97399,-2.3122,0.41481,-0.52057,-0.17128,-1.4063,-10.04,-0.90451,1.2536,0.056356,-1.7306,0.28094,0.48099,0.22609
2,34.194,11.189,-3.9509,-2.2547,0.022004,-2.122,-0.907,-0.22478,-0.51736,-1.2182,30.607,5.7529,-0.37841,-2.6107,-4.3707,0.4555,-0.74325,-0.43286,4.4792,-16.211,23.025,-1.4683,2.7966,-3.5115,0.27603,0.7142,-0.93433,-31.49,-6.492,-4.6897,-2.4596,1.3345,3.3327,0.48212,-0.50794,0.022067,-17.371,0.22871,-10.483,-2.141,-2.011,4.1771,0.43355,0.5993,0.12024
8,14.751,-1.3768,3.7812,0.37278,-0.60106,-0.20464,-0.92787,0.15253,0.41624,16.86,10.081,1.2953,-0.77529,-0.92787,0.16703,-0.87384,0.40785,0.24228,15.606,-9.9409,2.9415,0.42004,-0.79978,-1.2075,-0.92323,0.14087,0.35358,-14.426,-1.3927,-0.78857,-0.29073,0.74584,1.2319,0.87117,0.3201,0.34782,-17.238,-1.4883,0.45828,-0.2933,1.4966,-1.0448,0.90821,-0.24571,-0.29638
6,9.6673,-0.74225,-1.5181,0.28718,0.13595,-0.44151,-0.92143,0.43677,0.44629,-2.4663,6.452,7.1763,0.134,0.15202,0.03731,-0.37391,-0.38071,-0.84286,-1.0392,-1.4217,9.6478,0.10443,-0.17877,-0.021809,-0.40222,0.52097,-0.77999,-7.4441,8.9081,-3.4821,-0.059806,-0.33756,-2.1778,0.47216,-0.43459,0.34983,-5.3609,-9.1834,-2.2235,0.45089,0.62238,-2.2179,0.43856,0.73848,-0.24199
4,6.9815,-1.4858,2.0224,2.1786,0.41969,0.30407,-0.76839,-0.15664,-0.5814,-6.846,8.1775,-2.3178,0.36678,1.436,0.6053,-0.015523,-0.91769,-0.099358,4.0988,-8.9768,10.126,-0.066358,0.1056,-3.6683,0.27926,0.59505,-0.79861,-12.824,7.277,1.075,0.88605,-0.001551,-1.2596,0.65649,-0.16935,-0.16377,-2.4901,-7.1624,-9.1951,0.33328,0.45889,0.25061,0.34887,0.47382,0.09439
8,0.79377,-0.15229,-1.1248,0.47713,0.70235,-0.00363,-0.76703,-0.34812,0.2528,0.97877,-0.60424,0.095871,1.3969,0.41486,-0.55524,-0.63404,-0.21279,0.44569,-0.34686,-0.21168,0.11638,0.11733,0.0383,-0.23465,-0.63714,-0.32286,-0.1556,0.47503,1.4039,0.2442,-0.49502,0.38045,0.000754,0.48865,0.12744,-0.46659,0.48465,-2.833,0.14479,0.62799,0.20047,0.040074,0.50005,-0.33467,0.45228
2,-1.0827,-0.26816,-2.4729,3.7197,0.96976,1.6357,-0.85604,-0.036629,-0.67668,2.0798,8.5868,1.9567,-0.13381,1.6387,3.6431,0.37296,-0.65568,-0.70548,-10.094,-4.7219,-0.24326,-1.3302,-2.382,2.059,0.63897,0.98676,-0.46509,-9.02,16.461,-16.568,-0.97244,-0.36308,-0.82294,0.20826,-0.66789,0.05493,-10.976,-2.6367,1.3024,-2.5079,-0.74375,-1.9106,0.70609,0.27448,0.021268
6,9.673,-0.99259,-0.42035,-0.24496,0.018138,0.34765,-0.75007,0.33243,0.31439,1.5334,3.7387,9.0825,-0.12205,-0.23552,0.017246,-0.4701,-0.10432,-0.6341,1.1392,-1.5235,9.5975,-0.2105,0.24767,-0.052573,-0.41899,0.53419,-0.56412,-1.4083,2.3655,-2.1013,-1.3693,0.074621,1.5205,0.48692,-0.51455,0.32321,-7.9843,-7.7663,-9.0224,-0.72599,-0.25597,0.68075,0.63174,0.34571,-0.017305
6,9.3209,2.2055,1.4457,-0.075049,0.14054,-0.23909,-0.80184,-0.054977,0.30006,1.6603,1.5289,9.3211,0.12053,0.084523,-0.13829,-0.47453,0.043448,-0.61796,1.3328,-0.99592,9.5063,0.007399,-0.10523,-0.18346,-0.49285,0.42933,-0.60063,-11.573,12.153,-3.8826,0.002975,-0.27217,0.16325,0.62433,0.13925,0.14027,-1.4744,-1.4559,0.99189,0.002282,0.21295,-0.90947,0.42372,0.66866,-0.14834
9,8.3404,1.656,0.38928,-0.11823,-1.0936,-0.25924,-0.82605,0.33232,-0.4632,-1.2875,-10.041,4.4782,-6.9567,-9.5747,6.7469,-0.15429,-0.3891,-0.89356,-0.67147,-6.6616,2.4519,-0.82657,-1.7967,-1.4166,0.48504,0.80599,-0.30513,-8.5867,-2.953,-2.1825,-0.66604,0.043555,-0.29384,0.67842,-0.44911,0.6589,-10.301,-1.7629,2.4568,-0.65022,-0.15625,0.05898,0.70424,0.76497,-0.1895
8,35.791,-4.2624,11.706,0.022917,0.17394,0.046992,-0.51081,0.023481,-0.60578,38.486,1.8569,4.4093,-0.33536,-0.22225,0.27742,-0.55077,-0.43749,-0.25296,34.535,-5.8042,0.36153,-0.50125,0.26789,-0.32966,-0.46377,0.36679,-0.43921,-35.608,-9.3169,-3.7133,-0.15025,0.24237,0.003012,0.62174,-0.37861,-0.005534,-35.839,5.1886,-5.2258,0.83635,0.32074,0.17084,0.62056,0.30967,0.29259
5,9.6051,-0.37163,2.2252,-0.011278,-0.12723,-0.010091,-0.57677,-0.18741,0.19306,2.2324,0.68774,9.5769,-0.009681,-0.057616,0.047426,-0.25478,-0.17967,-0.24947,1.2874,-1.1671,9.7458,-0.045338,-0.066367,-0.10228,-0.61481,-0.12565,-0.52056,-4.7445,10.286,-0.22599,0.74459,-0.13359,-2.1416,0.38456,-0.52325,-0.1631,-0.79774,-10.691,-1.6269,0.6878,0.62339,-1.8724,0.22742,0.51008,0.273
0,7.9654,1.2216,0.62054,0.085235,-0.24128,0.003754,-0.7041,0.2057,-0.66498,4.1003,8.3672,-1.5279,-0.54925,-0.39177,0.49342,-0.56926,-0.55075,-0.38698,5.4946,-3.5993,6.839,0.28025,-0.48267,-0.22376,-0.17023,0.73682,-0.87258,-14.596,-3.973,-1.2759,0.55147,-0.051234,2.7351,0.77784,-0.51274,0.062781,-10.896,-3.8138,-5.4005,0.11399,0.33261,1.0176,1.2066,0.31224,-0.30041
4,10.837,-3.6874,-0.51955,0.82113,-0.28637,0.063103,-1.0116,-0.02274,-0.1967,-6.6768,9.0282,3.3003,0.56442,-0.61407,1.8719,-0.097396,-0.6343,-0.51271,-0.90993,-7.1297,7.4332,0.57323,-0.69904,-1.4288,0.38073,0.44596,-0.99762,-11.241,0.95466,-0.56422,0.22141,-0.21343,-0.56102,0.65872,-0.13836,-0.11415,-5.5099,-1.4562,-1.7361,1.1774,-0.2581,0.41154,0.2631,0.50798,0.14014
8,8.8859,-0.098867,2.343,-0.17826,-0.37865,-0.056635,-0.78775,-0.36919,0.14927,8.1924,3.0465,1.8543,-0.7613,-0.47831,0.1797,-0.65727,-0.1015,0.41864,9.542,-1.7584,1.2548,0.14676,0.038463,-0.27438,-0.59078,-0.41415,-0.075949,-9.5413,2.734,-1.1923,0.48096,0.42362,0.95966,0.46532,0.15067,-0.50763,-9.6508,-0.51418,-1.547,0.073164,0.14239,-0.19219,0.43496,-0.35425,0.50956
1,7.2763,-0.25093,3.0049,0.57038,0.07911,0.053883,-0.84969,-0.067134,-0.6801,8.2316,2.662,3.5315,1.4462,-0.11457,0.070571,-1.0026,-0.46872,-0.046803,9.1327,-2.3199,1.0693,0.1192,0.96346,2.1765,-1.1584,1.5778,0.31981,-9.7993,0.72233,-3.2024,1.2743,0.32985,-1.8072,0.47067,-0.44905,0.088249,-10.589,2.7885,1.1914,1.4991,0.4658,-2.779,0.49801,0.46328,0.13809
7,9.2333,-1.2713,-3.9691,-0.11015,-0.75038,0.19678,-0.88848,-0.099103,-0.36065,5.6285,2.7672,7.6814,0.074339,0.09934,-0.01462,0.15693,-0.14739,-0.92367,5.9189,-2.5373,8.0347,-0.10328,0.17368,-0.33214,0.076557,-0.14101,-0.92201,-1.2026,8.7582,2.6715,0.03204,-0.15105,-0.006319,-0.50189,-0.78501,-0.25791,0.48004,-8.665,1.9147,-0.049053,-0.10463,0.033863,-0.60287,0.76495,-0.023487
8,-0.95103,-1.0497,0.31728,-0.24635,0.018681,-0.2804,-0.80876,0.38413,-0.15222,-7.6846,-8.003,4.2364,-0.13694,-0.20832,-1.4212,-0.674,-0.076469,-0.17381,-7.2396,-2.6054,5.4587,-3.8218,-0.56419,-1.6557,-0.6845,-0.065754,0.33536,6.6986,-4.0253,-7.0217,-1.1084,0.1987,-0.18192,0.5723,0.031903,0.44055,-4.1793,-0.72825,-0.54149,-2.629,-0.79622,-1.6507,0.57686,0.0365,-0.36801
3,9.8583,-0.51119,2.8633,0.48611,-0.051452,0.14852,-0.70854,-0.085019,-0.63443,0.12632,5.357,7.6808,0.19416,1.0867,-0.87847,1.058,0.061041,-0.2713,-0.18912,-4.2924,9.373,0.43299,1.3537,0.65561,0.33326,0.11685,-0.62855,-9.8439,-2.0829,-2.0542,-0.26507,-0.12005,-0.60903,0.87535,-0.18389,-0.31701,-6.9493,-5.6589,0.35505,-0.39889,-0.23529,-1.9599,0.48348,0.874,0.19821
5,7.5059,-0.044727,5.5455,-0.052057,-0.77361,0.11773,-0.64597,-0.10827,-0.030167,6.6864,4.3916,5.4097,-0.015017,-0.27034,0.16543,-0.8964,-0.009679,-0.12137,6.0886,-4.637,6.009,-0.022617,0.031226,-0.10275,-0.7857,0.027814,-0.65468,7.0062,1.6439,1.4133,0.66684,-0.2304,-1.0217,0.088426,-0.66652,-0.15305,-2.5222,-13.096,0.32282,0.40992,0.55316,-0.87959,0.42343,0.37921,0.16469
5,9.1805,0.95632,2.5348,-0.10066,0.007589,0.007297,-0.82461,-0.3194,0.034539,-0.60429,6.2261,7.6395,-0.022197,-0.018885,0.029556,0.30008,-0.63111,-0.030706,0.28413,0.10485,9.6638,0.014188,-0.032956,-0.028126,-0.61488,-0.19537,-0.61153,1.0684,8.9278,-1.9532,-0.93714,0.80405,2.5869,-0.076864,-0.71302,-0.20707,-1.5797,-12.154,-1.6414,0.26219,-0.67428,2.324,0.16421,0.4218,0.40565
1,6.9347,1.1204,0.33711,0.046935,-0.64104,0.11129,-1.1471,0.050098,-0.30608,9.218,1.7455,1.4871,-1.3601,0.46401,-2.5087,-0.45489,0.57901,-0.78557,5.6557,-3.4378,3.1546,-0.60681,-0.044594,-0.39145,-0.61503,0.96304,0.11319,-8.6009,0.56438,-0.55395,-1.7414,1.0661,2.3936,0.24157,-0.70737,0.42161,-8.5623,-2.0741,-2.1901,-1.239,-0.52156,1.9852,0.70023,0.59374,0.030473
4,15.141,0.34907,-3.7977,-3.5332,0.31849,-0.083124,-0.9575,-0.000345,-0.29404,-4.5004,10.859,1.9923,-0.34881,-0.3355,-2.9243,-0.000849,-0.68676,-0.64516,-2.0423,-5.9763,6.1136,-0.14763,1.9472,1.8169,0.42168,0.48654,-0.79223,-15.649,4.4396,-3.3856,-0.044889,1.9978,2.7092,0.39986,-0.42765,0.01227,-13.648,-0.14808,-3.6928,0.18586,0.29703,1.7873,0.53244,0.30989,0.14567
3,6.7389,-1.3277,-2.4321,0.000545,0.25773,-0.051917,-0.99526,0.12241,-0.35021,2.9104,7.1822,4.5524,0.14599,0.61644,0.76613,0.5829,-0.28118,0.072887,1.9735,-6.8349,5.9156,-0.41562,-0.90526,-0.10302,0.42598,0.60329,-0.48388,-7.2224,4.4259,-2.0025,-0.29768,-0.28605,-1.9075,0.55339,-0.67031,0.12587,-8.4159,-2.1658,-0.016602,0.83135,0.00315,-1.6901,0.71688,0.5924,0.084037
9,7.9536,3.8057,1.3186,-1.0539,0.037755,-0.37336,-0.63277,-0.44219,-0.34938,7.166,-13.442,9.0914,-3.4391,-6.5937,1.6009,0.2475,-0.47359,-0.64813,5.9536,-7.2185,9.0397,2.6376,-0.26806,0.15176,-0.13744,0.18971,-0.79945,-9.6682,1.5796,0.9927,1.9132,-0.90447,0.054896,0.62561,-0.50115,-0.17005,-8.045,2.182,-0.96132,0.56113,0.49146,0.035313,0.61616,0.32144,0.43917
7,9.0565,-0.83015,1.1942,0.32178,0.75392,-0.2408,-0.77028,-0.020824,-0.58734,0.88084,0.85343,8.4131,-0.14658,0.33064,-0.23742,0.35095,-0.2047,-0.85276,0.351,0.81552,9.1643,-0.046843,0.18258,0.074801,0.39111,-0.24372,-0.82188,1.5063,9.6231,-0.78637,-0.016913,-0.11744,-0.4244,-0.53531,-0.77563,-0.16889,2.0317,-9.6286,1.064,0.097145,0.025913,0.41202,-0.62736,0.73674,-0.048485
7,5.9437,-0.43347,7.9127,-0.22569,1.0652,0.24277,-0.35701,-0.033404,-0.89941,-3.6824,9.178,-2.8466,0.55166,-1.2553,-0.44771,0.63462,-0.71348,0.059778,-1.4397,-3.2327,7.2672,0.59986,0.11185,1.3736,0.515,0.004917,-0.81866,-0.17187,15.513,0.8089,0.56496,0.5611,-1.1499,-0.2793,-0.8117,-0.43404,-1.8739,-13.904,-4.0452,-1.0333,-0.026682,0.75723,-0.10935,0.95864,0.12589
7,9.3966,-0.75431,3.0475,-0.03548,-0.25962,0.000437,-0.66149,-0.005345,-0.71972,4.8836,4.295,8.4622,-0.10726,-0.25529,-0.10612,0.097519,-0.30741,-0.89146,4.8559,-2.4387,8.092,-0.16437,-0.35836,-0.081044,0.073395,0.037802,-0.945,-0.12449,9.2985,-2.8383,0.023331,0.07431,-1.0335,-0.42416,-0.86549,0.046167,0.033513,-8.3823,-4.0016,0.25442,-0.66288,0.57896,-0.4815,0.73227,0.42155
1,6.8009,-1.5084,0.39471,-0.35719,-0.70637,-0.056686,-0.96681,0.31924,-0.35681,5.233,-0.50979,3.6205,0.59088,-0.13566,0.11486,-0.093551,0.50397,-0.64759,9.2258,-5.4213,-2.1473,-0.72139,3.3835,-1.5318,-1.278,0.017797,-0.007258,-8.5692,-1.1912,-2.2854,0.85945,-0.33827,-1.8432,0.70541,-0.057086,0.54284,-6.1348,0.55664,-2.1141,-0.48725,0.63708,-1.3646,0.75817,0.72645,-0.32921
9,8.6421,-1.2523,0.34014,0.88351,0.46271,0.24,-0.69007,0.52641,-0.26029,-3.2451,7.272,-8.6223,-6.9129,-1.8341,-2.4943,0.56694,-0.65173,0.073664,1.0227,-6.7183,-2.1901,1.0491,-0.030632,-0.7003,-0.18915,0.68991,0.54379,-9.1288,1.7233,-2.7662,-0.79446,0.22944,0.62426,0.64724,-0.43345,0.46292,-11.001,0.95844,-3.0739,0.35799,0.27319,1.2559,0.77848,0.43335,-0.22717
8,21.333,-6.2556,4.5423,0.4015,-0.31459,-0.14299,-0.73519,-0.34734,-0.2327,21.356,7.6533,-0.92152,0.49575,1.1945,-0.14695,-0.36225,-0.57454,0.38144,22.541,-5.2812,5.5252,0.38066,0.71203,-0.43457,-0.36503,-0.079948,-0.6565,-16.108,-24.042,3.8403,-0.87094,-0.49861,-0.093694,0.5276,-0.24518,-0.43739,-17.227,11.664,2.4376,-1.998,2.7236,0.95811,0.33487,0.2166,0.67284
7,8.0048,-2.6511,1.4236,-0.01102,2.0282,0.87426,-0.91649,0.43233,-0.5532,1.1648,-3.6339,-1.8146,-1.6418,-0.027481,-0.84648,0.49438,-0.53092,-0.62632,-1.0316,-0.10646,-5.3059,-0.68773,1.0895,-0.33767,0.37681,-0.26855,-0.83651,-7.8662,15.595,1.7475,1.499,-0.034303,0.071212,-0.11155,-0.91039,-0.27443,-7.2554,-17.956,-3.0745,1.1793,-0.49059,-0.12623,-0.10287,0.9533,0.14387
2,3.9516,1.9603,21.731,-2.8241,-10.416,-1.1346,-0.58292,0.095027,-0.70945,1.5164,10.224,5.3505,0.85019,1.3313,-2.2316,-0.061869,-0.17794,-0.67424,0.87375,-11.194,10.331,0.2716,2.2596,1.0145,0.35154,0.76241,-0.80796,-35.892,1.7564,-8.8755,-0.53195,1.7184,5.9245,0.72692,-0.43331,0.38188,-31.124,19.103,-0.53342,1.3128,1.2044,-1.3255,0.66387,0.74894,-0.13612
9,7.7321,2.6242,-4.7489,3.8651,6.2566,-0.42199,0.047508,-0.040719,-0.98124,0.21527,-9.6366,-6.5069,0.027301,1.1593,-2.839,0.86526,0.40589,0.15719,6.8676,5.7089,-6.9234,4.2664,3.562,4.3709,0.89612,-0.13717,0.3097,-4.5703,-0.41061,-1.9431,-1.0746,0.34275,-0.24766,0.89019,-0.5435,0.12201,-5.7867,1.0606,1.3259,0.12707,0.49028,0.18035,0.92058,0.57331,-0.068236
5,9.2287,-0.8079,3.1766,0.35716,0.070394,-0.16602,-0.60937,-0.1319,0.11251,6.3059,4.4745,6.0169,0.069547,0.03623,-0.20654,-0.8957,0.044239,-0.23498,5.9008,-5.9251,5.163,0.065041,-0.2977,-0.062787,-0.80945,0.14212,-0.64665,-10.869,15.355,-2.339,0.31326,-0.47845,-0.97589,0.56208,-0.34886,-0.11474,2.2714,-4.5676,0.15579,0.41738,0.15033,-1.593,0.057807,0.55488,0.26132
4,12.543,-0.33898,2.542,-0.43956,0.2105,0.03327,-0.76938,0.0575,-0.50626,1.5886,8.6298,8.9844,0.14303,-0.17189,1.7309,-0.098008,-0.80462,-0.8208,-8.2357,-10.715,4.622,-0.50262,-0.82375,-1.1792,0.16321,0.57247,-0.53684,-6.0391,-2.6989,2.6958,0.75221,-0.24651,-0.44716,0.46905,-0.18368,-0.11551,-8.4756,-7.1554,0.33196,-1.0019,-0.18391,-0.9007,0.65678,0.14167,0.075349
4,11.262,2.3489,1.9243,-0.84886,-0.14669,0.22767,-0.81389,-0.15995,-0.38232,-0.79943,9.5415,4.0731,0.23794,-0.36405,0.85798,-0.13199,-0.89229,-0.71881,-0.066715,-7.3573,6.5422,0.63549,-0.56417,-0.25192,0.059049,0.58251,-0.71176,-10.267,2.4711,-1.2635,-0.80293,0.10437,1.3801,0.48753,-0.33425,-0.10671,-12.107,0.45832,-0.93366,-1.214,-0.43938,0.92262,0.62857,0.23825,0.23293
2,-0.8554,-1.3495,-2.8899,2.4624,0.98201,-0.59489,-0.69247,-0.056963,-0.84742,4.0127,2.2667,-0.47805,0.30586,0.14503,0.50772,0.4764,-0.65946,-0.70702,-6.4404,-1.5264,1.6449,-0.32655,-0.57601,0.62904,0.51105,1.0135,-0.60594,-0.21199,-7.1419,6.814,3.2665,-2.1829,1.0149,0.11358,-0.70628,0.057922,-4.1044,-1.6536,4.364,-1.463,-0.84179,-1.0525,0.71447,0.22631,0.004731
7,4.0134,-0.19214,7.6553,0.1282,-1.6526,-0.28355,-0.40692,0.032669,-0.97985,-3.4769,6.4187,7.7164,1.6719,1.383,1.694,0.64367,-0.10508,-0.69716,-6.516,-0.29321,7.2655,0.061049,-1.4599,-0.41449,0.73521,-0.11229,-0.56659,1.2561,9.3747,1.8857,0.46497,-0.15269,0.60281,-0.4922,-0.76982,-0.29453,1.3202,-9.9086,-0.67515,-0.70366,0.22217,-0.49127,-0.55753,0.78939,0.10706
2,19.659,7.1624,7.7611,-3.6534,-2.8601,-1.2543,-0.85108,-0.30001,-0.57355,-9.4192,25.974,6.4737,-0.78712,-1.3726,-2.8431,0.57751,-0.67891,-0.43383,1.8884,-23.405,12.999,1.0638,2.7381,-3.5929,0.2982,0.74896,-0.83413,-22.435,-2.5677,-1.7963,-1.0596,0.62177,3.353,0.49345,-0.53156,-0.002518,-12.706,6.3385,0.57872,-2.0911,-2.1105,3.7417,0.38515,0.61543,0.16969
1,8.4796,-3.7126,6.2445,-0.28883,-0.21866,-0.16895,-0.64453,0.39347,-0.67176,1.7394,9.0664,1.6414,0.29112,-0.027474,-0.52847,-0.22321,-0.5672,-0.48785,1.1282,-7.2173,6.8709,0.029169,0.088059,0.029982,0.28563,0.71626,-0.77682,-11.484,2.5269,-0.48736,0.95614,0.14188,-0.67521,0.80334,-0.48111,0.18254,-8.3175,-1.5184,2.8671,-0.96027,-0.73251,1.7135,0.60183,0.78224,-0.098686
1,11.939,-0.6973,3.3657,0.68375,0.29065,0.23234,-0.8762,0.011095,-0.69585,11.577,2.2359,3.8101,0.9859,-1.0226,1.5906,-0.60853,-0.68743,-0.37428,9.7809,-8.1225,1.5127,-3.0424,0.12941,1.2514,0.60253,1.182,-3.7563,-11.085,1.5368,-1.8785,1.556,0.40619,-1.2893,4e-05,-0.54227,0.049744,-10.199,-6.2926,1.8982,-0.048032,-0.33437,-1.7402,0.72492,0.075279,0.10823
5,8.0936,1.9464,4.4744,0.31893,-0.035138,-0.085865,-0.63248,-0.1963,0.11656,3.6854,7.4691,5.6158,0.091612,0.061286,-0.10162,-0.8086,-0.47523,-0.28394,6.0085,-5.0343,5.5037,0.23783,-0.22127,-0.12071,-0.82279,0.21474,-0.60075,-5.0653,10.762,0.23616,-0.047991,0.30635,0.83567,0.3796,-0.40414,-0.2046,2.1825,-5.323,0.41415,-0.79424,-0.33688,1.6556,0.16725,0.57298,0.11775
1,7.3166,-1.8852,3.7538,-0.75661,-1.0055,-0.049526,-0.64304,0.32786,-0.70209,1.2049,9.3106,1.4001,0.36221,-0.11158,-0.31411,-0.16913,-0.54226,-0.47342,1.8528,-6.5387,7.7398,-0.18097,0.6095,0.032819,0.19777,0.75775,-0.79724,-10.794,-2.5889,0.88163,0.60341,0.26197,-0.70395,0.7791,-0.53263,0.10471,-6.2368,6.389,1.6267,2.9862,-0.14475,-0.032023,0.54705,0.81466,-0.063822
1,12.179,0.57683,1.1601,0.46154,0.48903,0.28031,-0.68928,0.1453,-0.53181,-1.3591,8.89,4.7879,-0.33662,-0.26791,0.46399,0.037769,-0.17298,-0.6275,-0.6708,-7.4018,6.9097,0.1552,-0.37431,-0.73007,0.47338,0.83763,-0.59469,-11.085,5.2264,0.13263,-0.40517,0.18035,1.8852,0.85236,-0.19968,0.41876,-8.2365,7.536,-2.8569,-1.2848,0.58694,1.2318,0.63009,0.77531,-0.27996
3,8.1342,1.0966,1.5555,0.048351,-0.10127,0.15487,-0.8513,-0.10089,-0.50659,5.9125,4.6195,5.3439,-0.13129,0.47011,1.7135,0.51763,-0.43053,-0.073193,2.4263,-8.6789,4.2599,-0.084845,-0.12531,0.33851,-0.18119,0.1861,-0.57675,-8.7535,4.2412,-2.3322,0.027057,0.024785,1.233,0.80095,-0.44529,-0.17517,-10.333,-2.7541,0.024885,0.51648,-0.1261,1.1698,0.73804,0.74008,0.52487
9,9.8307,-0.65718,-3.5962,0.60092,0.79001,-0.008934,-0.78582,0.63936,-0.007702,5.9654,9.192,-0.31509,0.60192,0.26943,-0.33669,-0.18996,-0.82653,-0.48745,24.8,-0.18729,8.2488,-1.0915,-4.7337,-1.7544,-0.3473,0.4625,-0.8003,-10.197,1.1378,-1.3592,-0.30352,-0.16805,-0.21855,0.61074,-0.020617,0.87015,-3.4578,-2.5721,-7.0327,-1.6137,0.44304,-0.063045,0.79307,0.47382,-0.4198
2,17.262,5.6663,2.9734,-1.9677,0.21983,-0.40603,-0.77078,-0.14431,-0.4374,11.299,19.638,-14.62,-0.74931,-4.3407,-1.554,0.002111,-0.60301,-0.21811,3.9212,-16.906,4.2981,-1.699,1.93,-1.4061,-0.058956,1.0733,-0.3625,-18.569,-6.0891,-2.2635,0.93427,0.38594,3.083,0.49473,-0.63649,0.20775,-22.191,3.8345,-7.81,-0.5902,-1.1262,3.2083,0.98492,0.60026,-9.1e-05
4,9.3539,1.8597,-1.894,-0.7977,0.39957,-0.4684,-0.90024,-0.2735,-0.31282,0.008186,10.92,1.6172,-0.24286,-0.48448,-2.3865,-0.34876,-0.67902,-0.38499,3.5453,-6.9849,6.2961,-0.015777,0.57932,0.37251,0.096825,0.74709,-0.76307,-9.6526,-4.0836,-1.9841,-0.79,0.29475,1.1948,0.62067,-0.28935,-0.060876,-9.2715,-2.8873,-2.42,-0.912,-0.38187,0.75398,0.52016,0.36881,0.22764
4,-8.964,4.9628,5.3567,0.99621,-2.2361,-0.60748,0.61818,-0.17324,-0.45443,-2.8247,6.7597,-5.0159,-0.40212,-1.1082,-1.0836,-0.25388,-1.0992,0.12875,2.7952,-8.5297,4.1983,-0.14635,0.52123,1.0873,0.15914,0.78745,-0.66012,-11.215,-0.07325,-1.0452,0.065121,-0.59811,2.1441,0.53506,-0.32591,-0.2272,-12.841,-0.8733,-2.5806,0.50348,-0.28191,1.4315,0.51838,0.40655,0.20692
7,10.438,2.1971,-2.4907,-0.24721,-0.83191,-0.091281,-0.68523,-0.23009,-0.62508,4.7488,9.1857,4.7707,-0.49939,-0.060353,-0.1663,0.38772,-0.5998,-0.61244,8.0881,-2.3709,8.2229,-0.1342,2.1e-05,-0.4044,0.19107,-0.049521,-0.92901,0.74445,9.018,3.9621,-0.17514,0.10409,0.13096,-0.69139,-0.59769,-0.31915,-1.1232,-9.4954,0.69691,0.19827,0.13314,-0.090727,-0.55315,0.80025,-0.052015
6,8.2968,0.64177,4.2441,0.7551,0.20063,-0.61348,-0.91739,0.38201,-0.1241,-2.177,4.1873,7.5382,0.55956,0.11238,0.070332,-0.38374,-0.30034,-0.91091,1.9332,-1.0231,9.9272,-0.25319,-0.2737,-0.3448,-0.47774,0.52675,-0.84388,-10.774,9.7828,0.63032,-0.4913,0.073015,-1.8361,0.55885,-0.37826,0.30364,-4.7984,-7.0692,0.27783,0.59385,-0.37476,-2.551,0.43379,0.62499,-0.47533
9,8.1848,0.71434,1.8539,1.347,-0.152,0.57864,-0.91969,0.34851,-0.38331,9.0253,2.0744,2.5493,0.51017,0.76638,-0.71627,-0.66939,-0.45692,-0.61549,2.3268,-1.2248,4.6896,1.0878,2.8791,1.676,0.30408,0.6667,-0.62699,-9.1985,-1.4421,-0.78634,-2.6194,0.012888,0.83627,0.82397,-0.40888,0.33589,-8.8694,-2.2015,-2.5576,-1.19,-0.38154,0.47159,1.0311,0.29483,-0.12529
4,10.706,-1.5178,4.8599,0.92125,0.000408,0.06259,-0.72398,-0.076279,-0.49462,-6.3199,6.8566,3.4687,-0.13104,0.33491,0.1837,0.10712,-0.73616,-0.42149,-2.3859,-6.0178,6.9947,0.3166,-1.2569,-1.3829,0.47262,0.39439,-0.8428,-11.797,-1.2153,-2.5982,0.28536,-0.52805,-0.94648,0.64582,-0.22982,0.10912,-6.9802,-6.2482,0.85704,0.56654,0.41474,-1.3202,0.31266,0.49038,0.00585
2,-3.3027,0.81651,-1.3243,-0.57009,-0.05663,-0.066451,-1.083,-0.016698,-0.53853,-13.454,2.5877,2.7771,-1.2716,1.6859,-0.49913,0.021111,-0.77507,-0.32372,9.8561,2.3856,-1.4538,1.0858,-1.2885,-0.8972,0.6731,0.69892,-0.82985,3.104,13.494,-5.6788,0.25943,0.4695,0.88136,0.64725,-0.14285,0.37783,-0.29834,-6.8395,-8.3114,-3.2344,-0.35905,2.8074,0.559,0.60726,0.026737
0,9.9181,-0.63823,4.1651,0.29078,-0.050031,0.079961,-0.84303,-0.24388,-0.67446,3.8643,6.6421,5.7505,-0.064784,0.23669,-0.79187,-0.32577,-0.87306,-0.77065,6.26,-6.1888,4.6738,-0.13789,0.28161,0.38485,-0.50582,0.85093,-1.1609,-10.869,3.2514,0.006789,0.79793,0.39415,-1.0802,0.54223,-0.45087,0.071808,-12.78,-6.8222,-0.2925,0.9247,0.54424,-0.85349,0.21773,0.70699,0.2641
9,9.1233,0.76357,1.6857,-0.23941,0.63723,0.2824,-0.76842,0.40881,-0.13857,12.087,4.64,-0.52612,2.5475,0.51898,-4.7909,-0.31995,-0.58584,-0.49725,9.7984,-1.6612,3.7744,1.252,1.1308,2.4546,-0.40326,0.7099,-0.30532,-9.4359,-3.2379,-0.46008,-0.83467,0.030531,-0.5609,0.7223,-0.028761,0.48228,-9.7593,-1.1316,-1.3307,0.045838,-0.074304,-0.065795,0.76871,0.25698,-0.27986
3,9.6365,-1.476,0.73436,-0.46761,0.14422,-0.36566,-0.88597,0.14864,-0.54758,0.26077,8.6527,4.5681,-0.13055,0.53009,-1.352,0.66986,-0.083811,0.32301,-1.8214,-7.5945,6.2264,0.27975,0.42345,0.66334,0.69701,0.34644,-0.36733,-9.0003,0.033957,-2.1509,0.45422,-0.27036,-0.30832,0.71305,-0.38554,0.096842,-6.9761,-6.5691,-2.6874,1.0994,0.85242,-0.88586,0.3906,0.78948,0.20391
5,10.25,0.18363,2.431,-0.015403,0.01712,0.18585,-0.83938,-0.249,0.022425,-1.2198,7.0657,7.4362,-0.006115,-0.010178,0.013924,0.3529,-0.65787,-0.040687,-0.65438,-0.22589,10.262,-0.058508,0.17597,0.03021,-0.56539,-0.17243,-0.64251,-1.9551,11.621,-3.1312,-0.61105,0.94514,1.928,-0.006661,-0.69674,-0.15374,0.10527,-8.4185,-1.6208,-0.4209,-1.1117,2.4303,-0.002717,0.47897,0.45027
3,5.9288,-1.901,0.069087,-1.1568,0.63509,-0.35273,-0.77007,-0.3396,-0.42968,3.6487,13.856,-0.93145,0.44308,-0.50201,0.49323,0.47816,-0.53654,-0.20468,5.5525,-8.4834,4.2074,-0.077954,0.10764,1.3487,-0.17045,0.45979,-0.57624,-10.781,4.2212,-2.4139,2.8979,0.33839,-1.1378,0.76512,-0.59268,-0.39423,-12.345,-1.2895,0.36936,2.6073,0.12271,0.99776,0.72113,0.29392,0.62279
7,9.9755,-0.43171,-2.0206,-0.022858,0.29453,0.084499,-0.88772,-0.076586,-0.38238,4.5803,1.5339,8.5164,-0.16099,-0.22112,0.030663,0.10169,-0.28256,-0.88663,4.6855,1.2838,9.0552,-0.5706,-0.18475,0.042916,0.17456,-0.2363,-0.88509,1.4308,9.6667,-0.68259,0.13546,-0.002272,-0.23022,-0.5946,-0.72281,-0.20095,2.3616,-9.3038,-0.02334,-0.006462,0.043272,0.23399,-0.70571,0.6585,0.015255
0,12.122,-0.86996,3.4957,0.086641,0.20339,-0.17327,-1.0656,0.048524,-0.56324,2.0959,8.0507,5.6801,0.11526,-0.50243,-0.63872,-0.33725,-0.61481,-0.8139,1.3656,-7.5827,6.4788,-0.4393,0.36041,-0.39403,0.17154,0.97117,-0.93915,-10.904,2.3565,-2.7696,0.58226,-0.29154,-0.45379,0.58592,-0.3423,0.39692,-11.26,-5.6731,-2.0761,0.19195,-0.16428,0.70528,0.33777,0.70161,0.181
0,8.5979,1.8793,3.0491,-0.052144,-0.04874,0.000673,-0.80571,-0.1823,-0.69892,4.747,5.9297,5.4683,0.11948,0.37489,-0.47112,-0.37744,-0.79705,-0.75875,6.0504,-4.5804,5.7348,0.033457,0.29812,0.64483,-0.38423,0.78713,-1.2149,-6.3059,-2.6522,3.4086,-2.442,0.40297,0.33488,0.067757,-0.802,-0.073346,-10.081,-1.7651,-1.6821,-0.89768,-0.27385,1.4254,0.64184,0.36762,0.13026
1,8.3861,1.5867,-1.6934,-0.8162,0.098088,-0.13663,-0.75,-0.007204,-0.46851,9.0514,3.6679,1.3454,-1.7435,-0.34399,-0.89539,-0.75371,-0.47014,-1.0509,11.234,-2.3486,3.1492,0.55374,-1.5945,-2.2658,-1.4857,1.2408,-0.3845,-13.038,1.3257,-1.7814,-1.3447,-0.33923,2.0737,0.85445,-0.25631,0.16617,-13.398,-3.9417,1.5583,-0.78536,-0.13461,0.97937,0.79197,0.88285,-0.14973
9,14.724,-4.8242,-7.3041,3.6919,-1.8425,-0.80342,-0.9645,0.2981,-0.1148,19.348,5.935,1.3432,1.9139,0.41374,1.2924,-0.48324,-0.77794,-0.45481,21.737,-1.9238,2.5059,-1.3049,-1.5915,-2.0918,-0.36956,0.14006,-0.88999,-8.1005,8.2391,-5.8014,1.7967,0.18518,0.7277,0.55507,-0.74631,0.49748,-8.6765,-1.8987,-7.5149,-0.89167,-0.30921,0.59672,0.69949,0.83343,0.040565
5,8.3345,-1.5524,5.7753,-0.080281,-0.47208,-0.067824,-0.79991,-0.030839,0.028788,-1.0158,8.3672,2.9957,-0.042665,-0.018556,0.058272,-0.1894,-0.53824,0.016169,1.4176,-3.3971,8.9057,-0.19269,0.031609,-0.008859,-0.52334,-0.10957,-0.60245,2.1125,1.6738,0.47848,-0.53072,-0.30884,2.0392,0.16556,-0.56462,-0.33978,-4.6781,-16.929,-2.3034,0.74194,-0.4092,1.3776,0.33725,0.28387,0.16172
2,35.483,12.711,1.9265,-6.2911,-0.75831,-1.2281,-0.89348,-0.24628,-0.57656,-2.1884,22.505,4.7616,-0.16358,-1.4687,-2.6153,0.5593,-0.69303,-0.52243,1.9208,-21.657,14.392,0.37445,2.9203,-1.6626,0.4387,0.87021,-0.75025,-32.23,-14.548,-2.4317,0.008636,-0.031047,3.6018,0.39738,-0.65266,-0.022541,-23.874,-3.1212,-16.796,3.6395,0.38448,3.1217,0.4886,0.53743,0.14579
9,6.4874,0.54514,0.19076,0.088026,-1.9455,-1.0509,-0.79192,0.33271,0.19643,10.692,2.9905,-1.4325,2.1844,-1.0488,0.032504,-0.69471,-0.3957,-0.25786,2.7605,-3.3068,7.4208,0.071726,-1.8883,-1.457,-0.31703,0.7529,-0.30862,-10.46,0.77971,-1.9085,1.4204,0.5362,-0.55127,0.71701,0.13723,0.51438,-9.2398,-2.2455,-1.1932,0.61081,-0.039112,-0.30212,0.74496,0.21037,-0.38553
0,11.304,-1.6706,0.80836,-0.6919,0.63547,0.1056,-1.0877,0.10489,-0.58825,3.9143,9.3619,5.5208,0.17925,0.17977,1.0413,-0.4375,-0.67361,-0.75665,2.4776,-7.1198,7.9022,0.029924,-0.56098,-0.31725,0.10531,0.96708,-0.99666,-15.037,-0.072536,-3.3903,-0.88094,-0.052796,-0.6282,0.13936,-0.77484,0.20649,-9.0935,-9.284,1.3832,-0.75763,-0.41558,-2.1578,0.78974,0.32768,0.054136
4,13.091,-1.2245,5.9498,0.78513,-0.37389,-0.047459,-0.80388,-0.099832,-0.59219,-2.5674,10.737,-1.377,1.1324,1.6125,2.0743,0.047236,-0.67483,0.070387,1.5106,-5.9069,4.2297,-1.2807,-0.043571,-2.0311,0.18806,0.51885,-0.73796,-14.798,3.8926,-0.62598,0.55605,-0.12188,-1.0792,0.63543,-0.1291,-0.14258,-9.5189,-3.2722,-1.8148,1.2371,0.68032,-0.64784,0.35845,0.39082,0.048986
3,9.6569,-0.086013,0.64158,-0.12303,0.38006,-0.25012,-0.77343,-0.098157,-0.56963,2.6777,3.9172,9.474,0.31095,-1.3632,0.4142,0.83741,-0.010578,-0.44007,0.42768,-3.1949,9.3001,-0.063805,-1.2656,-1.0025,0.17807,0.17668,-0.6664,-11.421,1.3542,-4.1753,0.55971,0.36089,0.65696,0.90786,-0.26402,-0.39335,-9.4558,-8.1108,-0.089872,-0.019732,0.73155,1.4007,0.5941,0.81276,0.19772
7,7.0045,0.011297,5.1915,0.29459,1.0351,0.23235,-0.36872,-0.01123,-0.97156,1.7955,0.74836,9.1703,-0.15161,1.506,-0.63363,0.34988,0.09067,-0.90223,1.4375,-1.2675,8.4244,0.43616,1.1621,0.81582,0.38317,-0.20123,-0.8796,-3.2661,9.7621,-0.42203,0.11318,0.031038,-0.031281,-0.25106,-0.9352,-0.12358,-2.0697,-9.3697,-1.6279,-0.19183,0.001069,0.042286,-0.34705,0.89727,0.19722
3,9.2867,2.0339,-0.23922,0.056344,0.43853,0.1608,-0.87227,-0.13264,-0.4087,6.1255,5.7676,6.6093,0.36981,0.48735,-0.37975,0.37665,-0.497,-0.13341,5.5111,-2.8006,-2.4106,-1.864,-0.83294,0.9322,-0.22591,0.46274,-0.72186,-9.8691,3.0201,-0.87903,-0.02886,-0.11238,1.1149,0.84811,-0.29172,-0.29133,-8.7199,-3.4213,-2.4553,-0.44699,-0.093371,0.68677,0.64004,0.61796,0.68663
2,0.6364,-1.665,-0.69951,1.6861,4.6876,-0.20454,-0.44044,0.20504,-0.82029,3.7537,5.0529,4.3467,0.13761,1.3418,-1.2736,-0.12792,-0.19334,-0.66091,2.5297,-3.8946,5.3539,-0.098259,1.2354,1.5166,0.25583,0.7186,-0.8941,-4.448,6.5451,-8.6916,0.7083,0.44816,0.090121,0.40062,-0.6764,0.37569,0.46147,-9.8405,1.5432,1.923,-0.45141,-1.8233,1.0563,0.2501,-0.097629
2,4.2462,-0.46052,0.62843,-1.3333,1.5705,0.85072,-0.72431,0.16419,-0.55695,2.954,5.5777,2.4456,0.39391,-0.21102,1.2954,-0.14808,-0.22473,-0.64126,3.5027,-4.6632,5.4599,0.12856,-0.48335,-0.46481,0.20039,0.69096,-0.89877,0.56896,1.9866,4.7653,0.29588,-1.4321,-1.2439,0.35822,-0.70276,0.3473,-6.3218,-9.1152,-2.0478,-2.8166,-0.40014,2.2751,1.0863,0.27139,-0.11463
8,10.193,0.15951,1.8319,-0.059689,-0.3572,-0.008998,-0.78136,-0.35332,0.18455,8.8824,2.2869,2.4988,0.20139,-0.28485,0.72132,-0.61203,-0.12528,0.47378,9.4056,-1.4554,0.57021,0.27864,-0.58181,-0.60228,-0.58283,-0.42707,0.060663,-9.8527,-1.3046,-0.31689,0.32628,-0.023496,0.14287,0.43173,0.21697,-0.50544,-10.016,0.36074,-1.1339,-0.12752,-0.036171,-0.079715,0.40576,-0.44015,0.45429
8,3.8152,0.90856,-4.7145,-0.097162,-0.42242,-0.62506,-0.54113,0.24046,0.55631,0.23116,2.5109,1.0669,-2.0745,-1.2949,0.065835,-0.63992,0.2229,-0.22823,1.1089,-1.8817,1.5496,1.573,-1.2045,-1.1417,-0.75369,0.21624,0.28311,-5.9082,4.1661,-2.7415,0.099691,0.5196,1.6371,0.62969,0.090205,0.64305,-6.7296,-14.956,2.9203,-0.93227,-0.40609,-1.2779,0.62914,-0.25185,-0.30228
7,9.8913,0.23977,3.9549,0.22551,-0.37888,-0.20248,-0.53975,-0.12525,-0.77999,2.106,9.8876,-1.2539,-1.5295,1.3894,0.8359,0.50711,-0.79584,-0.055671,1.0203,-4.5457,8.8228,0.12577,-0.64526,-1.508,0.37895,-0.036273,-0.88303,1.629,7.372,3.9364,0.21109,-0.19141,0.4523,-0.6802,-0.57316,-0.37137,-0.015787,-9.0298,1.8486,0.11414,-0.049493,-0.55651,-0.55189,0.7989,-0.029915
8,25.681,-6.0525,7.1901,0.21308,0.54073,0.008651,-0.72547,-0.34422,-0.25703,24.59,8.935,0.46154,1.0912,0.24688,-0.31744,-0.41534,-0.56236,0.36661,22.501,-9.1828,7.8054,0.11702,-0.53146,-0.32395,-0.36455,0.023626,-0.66801,-23.058,-3.8463,-1.0659,-0.006206,0.31756,0.53114,0.52455,-0.32156,-0.40188,-22.267,13.289,-3.1628,0.017734,-1.6031,-0.53367,0.37381,0.21487,0.65194
2,9.6702,0.64695,2.7631,-3.0271,0.35112,-0.41235,-0.80435,-0.099049,-0.71906,-0.34942,9.9835,3.0432,-0.22045,-1.5892,-1.6267,0.65441,-0.56821,-0.61859,-5.7572,-8.9965,3.6221,-2.0082,2.7478,-1.3997,0.37789,0.95222,-0.66409,-8.9247,-13.857,-1.605,1.4619,-0.2681,2.4734,0.21555,-0.70624,0.054335,-22.64,-10.155,9.0183,1.705,0.02625,4.0285,0.65877,0.39282,0.034326
7,6.7733,1.5002,4.5195,-0.82491,0.74702,-0.15232,-0.39324,-0.20131,-0.85361,-1.0127,8.6861,-1.27,0.1522,-0.36977,-0.50304,0.52712,-0.78974,0.011489,0.17859,-2.4553,6.6896,0.33713,0.40708,0.49035,0.35601,0.083038,-0.88518,2.1046,8.2975,2.7502,-0.29529,0.33859,-1.0534,-0.50539,-0.73232,-0.37296,0.7789,-9.1359,0.23153,-0.49785,0.083488,1.0879,-0.36078,0.90357,0.053094
7,9.5169,0.6925,2.2297,0.23217,-0.60768,0.13364,-0.71532,-0.18876,-0.62337,-3.1682,3.0234,9.6618,0.12916,-0.18556,0.38974,0.63498,-0.10013,-0.72098,0.51472,-3.6911,10.499,0.14404,0.092796,-0.37252,0.26572,-0.033599,-0.91629,-1.5021,9.5717,1.2172,0.099431,-0.047902,0.56388,-0.34379,-0.85847,-0.25511,-0.82213,-9.9201,0.62298,-0.24412,0.2075,-0.6244,-0.40191,0.88507,0.000684
6,8.7391,-0.22175,-1.8224,-0.020588,-0.21552,-0.43853,-0.9696,0.42735,0.39809,-1.6016,6.9339,6.8813,0.083317,-0.0197,-0.32816,-0.44641,-0.37422,-0.83621,-1.0213,-0.31566,9.8043,0.12505,-0.16845,-0.17711,-0.40865,0.47348,-0.81687,-6.6422,10.291,-3.183,-0.099527,0.18668,0.2587,0.54774,-0.31583,0.27423,0.05924,-4.1827,0.70247,-0.05994,0.1427,0.19519,0.30764,0.82104,-0.25529
8,2.2066,0.079349,2.1575,-0.6265,-0.79255,0.28867,-0.95192,0.40095,0.24181,2.6579,0.64899,-1.3467,0.97233,-2.3406,1.2482,-0.8858,-0.19678,-0.34357,0.26062,-2.3283,3.3089,-0.24002,0.15579,-1.4741,-0.87733,-0.062867,0.44325,-18.574,-1.8587,-0.50319,0.86253,1.4967,0.19975,0.80037,0.33567,0.58048,-10.074,0.22722,0.037355,-1.1199,-0.29869,-0.26569,0.8396,-0.059957,-0.49109
4,9.4367,-1.1612,3.5381,-0.53458,0.25298,-0.1257,-0.72318,0.13972,-0.49999,-0.14585,7.4746,6.7877,-0.4821,-0.48414,1.1669,-0.11742,-0.96939,-0.77109,-9.8284,-7.1366,4.7988,-0.30164,-0.78295,-0.98915,0.40238,0.46642,-0.43846,-6.5423,3.1113,-2.3482,0.70754,-0.63725,-0.95916,0.35966,-0.42784,0.072168,-10.897,-1.2608,-1.1426,0.51704,-0.036758,0.40232,0.61547,0.22637,0.084397
3,-4.5663,3.885,3.5618,1.4006,-0.20445,-0.8136,0.64375,-0.29261,-0.68173,3.2543,8.0842,-1.5704,-0.13394,-0.31371,1.2095,0.81501,-0.42876,0.3652,4.4443,-7.1359,3.9665,0.15703,0.2873,-1.0671,-0.20005,0.5879,-0.51891,-11.195,3.5286,1.2863,0.65508,-0.079402,1.4742,0.85611,0.026145,-0.47222,-9.1199,-8.0206,0.04269,0.036694,0.1748,1.9933,0.58556,0.73176,0.61202
5,9.2789,-1.1494,3.4924,0.10722,0.015579,-0.22517,-0.61826,-0.087837,0.10736,6.916,5.4085,4.6034,0.12667,0.062053,-0.10565,-0.88345,0.034725,-0.24366,5.0263,-5.7658,5.693,0.079299,-0.17846,-0.10695,-0.78412,0.20733,-0.65718,-4.5534,5.6226,-1.8426,0.80459,0.50816,-2.844,0.45995,-0.48156,-0.13757,0.008383,-9.8604,-1.2043,-0.023453,-0.29689,-2.2858,0.22776,0.52303,0.20199
2,7.6633,1.5386,1.9468,4.9191,1.4057,0.17515,-1.1039,0.08026,-0.64479,-5.8335,7.3456,1.9699,-0.25601,3.3461,0.98425,0.29781,-0.89831,-0.24032,5.6378,-2.1808,0.045351,0.72162,-3.4236,1.6858,0.73473,0.8077,-0.62858,-12.202,8.3092,1.8976,1.5572,-2.0464,-3.4793,0.55505,-0.41361,0.37618,-6.8548,7.5807,3.9658,1.7699,-0.11763,0.45668,0.26727,0.66837,0.37935
1,11.524,-1.6544,2.2526,0.17669,0.71175,0.16891,-0.84551,-0.090392,-0.7207,-3.0838,9.5099,3.7895,0.15535,0.358,1.3063,0.51825,-0.98039,-0.45567,-2.8768,-7.5606,6.5423,-0.93295,-0.94409,-0.38066,0.55889,0.62159,-1.2342,-10.162,-1.1642,-0.58071,0.64519,0.29031,-1.4917,-0.097835,-0.86092,-0.13161,-11.188,-3.8775,0.98427,-0.83979,-0.81133,-1.9715,0.69114,0.35569,0.098673
1,8.6584,-0.98397,0.74846,0.11166,-0.064043,-0.081733,-0.80417,0.078039,-0.35987,9.1812,1.081,3.6825,0.076886,0.37152,-1.0064,0.61599,-0.42042,-0.22268,8.958,-1.7242,3.5562,-0.16823,0.27193,0.44968,-1.5969,0.49385,-0.68579,-9.9358,-0.3028,-2.2488,0.5872,0.28459,-1.306,0.81305,-0.40249,0.31218,-6.7939,-1.4661,-0.40614,0.8078,0.86181,-1.3958,0.70152,1.0288,-0.048416
5,8.2364,-2.6352,4.0636,-0.29662,0.21423,0.35985,-0.81274,-0.032935,0.011002,-1.0357,8.3289,5.1604,-0.23277,-0.1499,0.19379,-0.13794,-0.50222,-0.091079,0.56656,0.11383,9.7013,-0.68343,0.32535,-0.28604,-0.48945,-0.085766,-0.60889,-2.5427,3.7435,0.46733,-0.91627,-0.33787,3.0463,0.21113,-0.53289,-0.30475,-6.9293,-16.439,-4.0911,0.35304,-0.65883,2.0256,0.31352,0.32462,0.19621
0,10.434,-0.10112,3.2094,0.72557,-0.10458,-0.009241,-0.63797,0.059461,-0.63502,10.528,3.9103,0.77693,0.98839,-0.070653,0.29965,-0.13569,-0.27018,-0.91829,11.942,-2.8637,1.8612,0.64207,1.4541,1.3095,-1.3449,1.0957,-0.50197,-9.6532,0.18581,-4.4863,-0.32288,0.47021,-1.2657,0.51713,-0.58989,0.25841,-12.821,-1.537,1.3985,-0.86359,0.77353,-1.9798,0.93223,0.78729,-0.078533
7,9.3012,-0.089977,-5.4836,0.3421,-1.0523,-0.059893,-0.89228,-0.12695,-0.33111,6.9316,2.6263,7.3188,-0.23309,0.085249,0.46797,0.14633,-0.22878,-0.89962,6.1487,-1.1551,7.785,0.060055,0.08393,-0.40785,0.035395,-0.17128,-0.90863,-1.3526,9.3472,1.1007,0.089594,-0.00262,0.03922,-0.51494,-0.7812,-0.22832,-0.62765,-10.025,0.51392,-0.010451,0.17046,-0.020208,-0.58074,0.77663,0.046135
6,10.368,0.32858,3.0367,-0.022274,-0.031547,0.009206,-0.8654,0.31189,0.16928,-0.40531,6.1507,7.2499,-0.081323,0.11264,0.059107,-0.41187,-0.21873,-0.79384,0.5401,-0.31811,9.3123,-0.33973,0.14036,-0.11123,-0.40263,0.47218,-0.68268,-9.3673,4.1185,-3.4385,-0.6657,0.55265,1.2016,0.53815,-0.11281,0.4042,-1.8083,-2.9069,2.2819,-0.73485,-0.43828,1.3044,0.48198,0.49191,-0.39987
9,10.967,-2.4545,-8.3972,1.0667,0.73924,0.012771,-1.0013,-0.29164,-0.12537,6.5086,10.645,8.9929,0.05132,2.9821,-2.066,-0.24529,-0.86313,-0.60284,8.4769,-3.1049,3.8042,-0.33574,-0.38078,-0.39633,-0.59351,0.35147,-0.78645,-9.8102,3.5542,2.5619,0.051646,0.048292,-0.17685,0.56154,-0.7597,-0.59221,-9.2219,-1.4817,1.9663,0.21864,0.042479,0.34527,1.0324,0.4957,0.15611
1,12.446,-1.6445,-1.5031,1.1307,-0.76853,-0.36664,-0.8203,0.005721,-0.29968,7.167,4.8201,6.2081,0.29096,-0.42404,0.15641,0.96239,-0.03087,-0.18933,8.3906,-3.8342,5.4694,0.53312,-1.0156,-1.923,-1.4456,0.67379,-0.79146,-12.341,3.407,-0.98354,-0.42307,-0.33687,0.10935,0.93623,-0.066132,0.22599,-7.5281,0.55017,2.1494,-1.073,-0.26005,1.4167,0.62454,0.92068,-0.32318
8,-5.2117,0.55747,-1.7296,-0.54589,-0.10865,0.15203,-0.73906,-0.30911,-0.31338,-2.6824,0.49586,2.0227,0.53726,-0.32907,-0.15534,-0.39992,-0.56398,0.42249,-3.3879,-0.12758,2.3514,0.11536,-0.08293,-0.16156,-0.43617,0.059411,-0.65295,3.8129,9.1629,-2.0102,-0.80371,-0.74047,0.087959,0.45937,-0.35155,-0.47261,3.7235,-6.7799,-0.80995,-0.60452,0.048155,0.57876,0.49528,0.19666,0.57524
0,7.9553,-0.41943,3.9853,-0.093409,-0.22295,-0.12174,-0.78097,-0.088293,-0.92794,7.5209,3.5527,3.6115,0.15125,-0.32249,0.12656,-0.76475,-0.65504,-0.33352,6.978,-2.0679,1.2489,0.5376,0.667,1.076,-0.45675,0.95098,-1.2127,-9.4046,-2.4817,-1.9416,0.4846,-0.016068,-0.90989,0.5726,-0.44269,0.33173,-6.343,5.6898,0.59003,0.47274,0.38672,-0.1801,0.25872,0.66844,0.40389
8,-2.3595,1.0041,0.21086,0.78188,0.29728,0.045476,-0.64319,0.39093,0.3249,0.46719,-0.36181,2.3213,-2.5356,0.67496,-1.0924,-0.65594,0.17042,-0.2278,-0.82353,0.99981,3.0049,1.502,1.099,0.13271,-0.7527,0.17908,0.2597,0.80288,7.8474,-2.7134,0.79529,-0.065478,0.024051,0.64317,0.20861,0.50243,1.7726,-6.1908,-0.35726,-0.90276,-0.049916,0.53657,0.61041,-0.26834,-0.27792
5,8.9641,-0.57925,2.0354,-0.20698,0.032958,0.2646,-0.58721,-0.1803,0.17369,2.6535,0.79942,9.2665,-0.11556,-0.15479,0.042931,-0.28287,-0.15723,-0.24546,1.3418,-0.82441,9.509,-0.06939,0.077432,0.020778,-0.61438,-0.12503,-0.52844,3.7013,7.2188,1.5579,0.30365,0.17207,-0.2758,0.15769,-0.61608,-0.28419,-2.4696,-12.486,-3.6683,0.27369,0.035618,-0.26115,0.43129,0.27512,0.27985
3,6.39,-0.8741,-0.023199,0.4757,-0.38404,0.14164,-0.76367,0.073896,-0.52488,7.3604,4.191,3.8515,-0.2209,0.19751,0.69968,0.049431,-0.3659,-0.16909,5.5764,-5.2279,5.2397,-0.056367,-0.35509,-0.10558,-0.09184,0.48576,-0.6718,-7.0872,4.6955,-0.82429,0.39079,-0.19175,-1.4936,0.64047,-0.65435,0.14886,-9.2764,-4.4412,-2.2381,1.0485,0.25714,-2.043,0.8804,0.37904,0.12084
6,8.4192,1.1338,4.8081,-0.47481,-0.17049,-0.017387,-0.9067,0.29863,-0.1492,1.7597,7.8714,4.9733,-0.031175,-0.076419,0.045931,-0.74561,-0.50546,-0.53532,0.61696,-4.9305,8.6019,-0.016091,0.054787,-0.10455,-0.61053,0.69668,-0.55923,-0.14749,1.7143,1.2997,0.48746,0.52055,-0.84852,0.62601,-0.53147,0.090357,-7.5308,-8.5627,-5.6333,0.30351,0.28629,-0.56345,0.72576,0.40873,-0.089778
4,9.2983,-1.0398,3.8906,-0.9676,0.09334,-0.10822,-0.70412,0.1089,-0.55314,2.0096,8.0473,5.9345,-0.10416,-0.07135,1.3695,-0.27541,-0.69686,-0.84742,-5.151,-8.0192,6.795,-0.57216,-0.4231,-0.83463,0.000407,0.49393,-0.69015,-6.321,3.5576,-1.212,0.44657,0.30721,-0.45408,0.43791,-0.35309,-0.19532,-9.6609,-1.5332,-2.3312,-0.39731,-0.33521,0.83961,0.58118,0.034083,0.29322
3,4.1579,-4.0232,-1.7962,-0.39999,0.22381,0.24796,-0.82,0.60643,-0.055034,2.8994,6.058,4.6535,0.26165,-1.0009,0.73248,0.44805,-0.5564,-0.060982,5.6217,-5.7941,4.1948,-0.033433,0.1047,-0.88349,-0.24571,0.47557,-0.58315,-11.161,1.1724,-1.5033,-0.80218,-0.33517,2.7621,0.92075,-0.03266,-0.22706,-6.4608,-8.6438,-0.59462,1.1441,0.41076,2.1473,0.45402,0.93839,0.37064
9,11.521,1.1047,-2.8576,-1.2405,2.627,-1.0951,-0.9059,0.4534,-0.32527,3.0382,5.3127,1.8234,1.2003,-0.99396,1.4713,-0.32304,-0.83162,-0.5782,9.8617,1.5952,7.7659,2.399,1.494,0.44331,-0.54982,0.71833,-0.65023,-10.289,3.0233,0.22635,-0.025918,-0.21895,-0.30973,0.9818,-0.51306,0.33008,-9.4312,-3.4232,-2.6971,0.24762,0.20914,0.10898,0.9403,0.67224,-0.14842
0,10.513,-1.1643,4.6521,0.44789,0.54223,0.36226,-0.72176,0.037339,-0.98242,11.978,2.5569,3.0761,1.4179,-0.29047,1.9025,-0.74752,-0.81307,-0.5356,12.843,-4.7513,4.0074,1.1352,0.21466,0.50481,-0.90971,1.5732,0.10237,-5.9754,-7.3585,-5.2553,0.69699,0.24211,-0.80671,0.20211,-0.82923,0.024715,-12.026,-7.316,-0.49245,-0.28741,-0.12893,-2.1555,0.73751,0.25184,0.34806
3,8.2442,-0.14302,-0.80201,0.32265,1.4973,-0.40592,-0.85272,0.018748,-0.62218,-0.47094,10.503,1.9425,0.53223,-0.59612,1.9743,1.0878,0.62693,0.13419,2.3484,-7.3268,7.4624,0.66068,-1.499,-3.1825,0.001815,0.45464,-0.62408,-9.3035,6.989,-4.9033,0.83361,-0.14435,0.45981,0.81991,-0.011956,-0.61692,-9.2236,-2.4034,1.9618,-0.66222,-0.58746,1.8601,0.63012,0.7508,0.33218
4,8.1824,-1.1012,2.949,-0.41196,0.17887,-0.085193,-0.70578,0.13649,-0.55778,2.9662,7.1234,6.4368,0.27063,0.002488,0.96579,-0.37486,-0.72894,-0.80007,-4.5908,-8.9337,6.1299,0.18805,-0.54662,-0.64758,-0.011756,0.50619,-0.65759,-6.4344,4.3308,-3.2711,0.83012,0.24931,-0.74558,0.42634,-0.3892,-0.13388,-8.7114,-2.9289,-1.8259,0.99602,-0.12231,0.22943,0.58179,0.059959,0.29342
1,5.8706,-1.2273,4.9585,0.58989,0.13795,-0.20242,-0.60431,0.23762,-0.73993,0.37774,9.2141,2.1978,-0.20344,0.031644,-0.26271,-0.083853,-0.60057,-0.45038,2.3058,-5.1449,7.188,-0.12186,0.32184,0.053776,0.21145,0.63669,-0.89333,-7.4,-6.0955,-0.8608,-2.1451,-0.16457,2.1337,0.36832,-0.82489,-0.018724,-9.4598,-1.5588,-1.149,-0.78725,0.1624,0.93444,1.0345,0.46827,-0.14145
4,7.9268,-0.89676,-0.10027,1.5455,-0.82786,-0.18766,-1.0031,-0.17092,-0.26611,-10.962,11.758,1.3298,1.6953,0.066395,2.5721,-0.071753,-0.66308,-0.21116,1.6237,-7.559,7.7665,0.47463,-0.49583,-2.2863,0.36276,0.52208,-0.91717,-6.7885,8.0335,-4.2994,-0.32558,-0.24011,-0.23467,0.65361,-0.11266,-0.13139,-3.4706,1.9565,-1.767,-0.48826,-0.45731,0.6179,0.27844,0.43894,0.15558
8,25.202,-0.49068,5.6346,0.37111,0.95858,-0.13532,-0.62972,0.42832,-0.25402,4.6475,19.369,16.537,-0.2454,0.56384,-0.39607,-0.39604,-0.21981,-0.62216,26.447,0.50284,1.2447,0.076763,0.19437,-0.19131,-0.63505,0.13113,0.34653,-23.709,-4.7758,0.82122,1.4786,-0.27839,-0.98505,0.44578,-0.13836,0.50797,-27.422,-1.8408,1.2337,-2.3077,-0.4366,0.53349,0.4803,0.19795,-0.4067
5,9.3341,-0.52029,3.2324,0.20062,0.11848,-0.14733,-0.60724,-0.13374,0.11843,6.1713,4.2799,6.0624,0.046503,0.005681,-0.069908,-0.89101,0.069846,-0.22399,5.5812,-6.0761,5.3814,0.044051,-0.16819,-0.16509,-0.79877,0.16546,-0.66762,-9.7014,9.9138,-0.51606,-0.38582,-0.44589,-2.805,0.51878,-0.42126,-0.090483,0.34332,-9.769,-1.1818,-0.55823,-0.17713,-2.3904,0.16084,0.54788,0.21759
2,11.32,-2.5568,-7.382,2.2373,0.073561,0.69342,-1.2268,0.17129,-0.41511,2.8212,18.948,1.1368,0.21641,2.5036,5.2554,0.60867,-0.70958,-0.78833,-8.772,-26.135,8.7659,-0.49595,-1.3938,4.2813,0.46759,1.1436,-0.42233,-17.388,-16.719,9.6164,0.079407,2.1336,2.3461,0.10117,-0.78436,0.18731,-47.73,-10.841,-1.2943,2.564,0.91963,-4.7363,0.65319,0.44118,0.16608
8,0,0,0,0,0,0,0,0,0,0,0,0,0,0,0,0,0,0,0,0,0,0,0,0,0,0,0,0,0,0,0,0,0,0,0,0,0,0,0,0,0,0,0,0,0
0,8.6286,-0.45739,0.71593,0.95607,-0.25943,0.33722,-0.67782,0.099699,-0.58395,7.652,3.7524,0.023453,0.44231,0.095583,1.7805,0.23351,-0.088439,-1.0889,9.7442,-3.5875,4.3679,1.2687,0.9894,1.6697,-1.2795,0.79705,0.23886,-7.741,2.2094,-4.9919,-0.023013,0.52356,-2.1515,0.47846,-0.65004,0.29443,-11.175,1.0764,-3.1925,0.32385,-0.082543,-2.6911,1.1226,0.57732,-0.12585
1,5.3239,-1.123,1.9098,0.30514,-0.8262,-0.054919,-0.90109,0.10203,-0.50604,5.1953,1.9418,2.7907,0.87302,-0.27563,0.51087,-0.042497,-0.25333,-0.87831,5.2472,-2.3169,1.1518,0.18571,0.31952,1.4172,-0.75868,1.2225,-0.050989,-8.2309,-2.2344,-2.7219,0.14884,-0.23132,-1.8664,0.72325,-0.19597,0.45612,-5.0012,4.1265,-1.6432,-0.29552,0.045699,-1.6186,0.78597,0.80887,-0.38669
5,8.8781,0.061735,2.5878,-0.31811,-0.11873,0.10224,-0.83947,-0.23522,0.0427,-0.95188,6.6645,6.7356,-0.19097,-0.2743,0.0884,0.28762,-0.64387,0.016334,0.20288,0.48664,9.71,-0.036775,-0.001344,-0.23654,-0.62338,-0.19119,-0.6,0.66201,8.2537,-2.2613,-0.80274,0.26544,2.386,-0.067448,-0.72449,-0.19172,-1.985,-12.338,-2.1493,0.29549,-0.83791,2.6359,0.12453,0.44034,0.41508
2,1.3099,4.7207,-2.5926,1.971,2.1966,0.099867,-0.74826,-0.33722,-0.65745,-7.3339,-1.4596,-1.3962,-0.035949,0.61564,0.29481,0.48528,-0.73582,-0.47687,10.122,-1.8376,-2.6593,0.92602,-1.7562,0.85007,0.44887,0.48693,-0.93431,-5.9748,20.787,1.2396,-0.044927,-0.53478,-2.6236,0.63453,-0.22684,0.10015,5.3561,-6.8845,2.7875,0.48443,-0.59462,1.4459,0.38931,0.60625,0.028269
2,17.834,-3.4091,2.3719,2.2018,0.68202,0.13156,-0.88696,0.11606,-0.46274,1.877,16.283,1.9955,0.90774,1.9041,1.1538,0.08419,-0.67307,-0.3303,6.0871,-10.981,-0.41063,-2.2184,0.30645,2.6433,0.49838,0.96649,-0.40701,-21.163,-5.2794,-8.3119,-1.266,-0.82146,-4.4728,0.70728,-0.23679,0.47604,-16.165,10.385,-3.5185,-0.49211,-0.20863,-1.7953,1.0149,0.63121,-0.27842
1,8.5347,0.95905,3.9178,-0.61599,-0.081693,-0.23572,-0.80862,-0.10876,-0.73604,9.9698,2.5233,1.6735,-0.80483,0.89258,-1.2688,-0.84953,-0.67062,0.13265,9.8927,-3.1902,2.6245,-0.51202,-0.66488,-1.4424,-1.2009,1.23,0.91836,-15.763,-4.813,-1.9793,-0.40519,-0.15763,2.6396,0.53903,-0.31883,0.12799,-10.321,-0.46913,-3.3431,-0.30674,0.22336,2.1862,0.35608,0.57646,0.084132
8,0.96989,0.24329,-0.80639,0.069406,-0.085024,0.19681,-0.47929,0.020657,-0.64964,-2.7589,3.2747,0.53717,-0.57944,-0.0039,0.24316,-0.57017,-0.3683,-0.3462,-2.1881,1.7301,-1.556,0.49522,0.53307,0.83076,-0.47457,0.38875,-0.43475,-1.7212,2.3536,-0.96844,-1.1318,0.11107,0.066292,0.67022,-0.29538,0.071261,-1.9058,-3.4852,-0.75412,0.012966,0.25761,-0.25096,0.67214,0.21243,0.27567
8,18.622,0.25364,7.7601,0.16776,-0.99372,0.037168,-0.81025,-0.34337,0.079639,21.452,1.9386,2.0154,0.12288,-0.38035,0.15715,-0.66675,-0.13135,0.38677,21.466,-0.21044,4.5575,0.040154,-1.0871,-0.37405,-0.57971,-0.39459,-0.10288,-15.924,6.2574,0.74556,1.1279,-0.082924,0.12391,0.50043,0.064781,-0.47477,-16.58,-4.7476,-3.1875,-0.79871,0.11968,-0.58404,0.45203,-0.30659,0.51718
3,8.9746,-0.80883,-1.53,-0.56802,0.16714,0.19048,-0.95837,0.001469,-0.40505,1.3,8.9665,5.9952,-0.51355,-0.93212,0.2802,0.5987,-0.15896,0.10058,1.9332,-6.7667,6.5456,0.00122,-0.058699,-1.0034,0.38267,0.49495,-0.51999,-9.3294,3.0466,-1.0071,-0.10502,0.42212,0.9901,0.6893,-0.4547,0.13859,-8.6686,-3.7437,-1.8957,-0.050835,0.060211,1.2513,0.61163,0.68506,0.069163
3,5.7683,-0.037423,0.096252,0.59018,-0.64974,-0.24868,-0.86221,0.044127,-0.62772,3.4818,7.4446,0.47542,-0.17533,-0.004667,1.379,0.6711,-0.28724,0.28931,5.7404,-2.9378,4.1856,1.5336,-0.90216,-2.2719,-0.29346,0.33302,-0.71952,-7.7026,6.6296,-2.9361,-0.00843,0.040088,1.3739,0.82262,0.042492,-0.49061,-9.4234,-3.2529,-2.4907,-0.27183,-0.93451,1.6307,0.74005,0.64253,0.36523
6,9.4815,-0.63645,0.87701,0.29438,-0.041224,-0.37059,-0.87503,0.31263,0.34671,3.3527,0.81603,9.0348,0.046814,0.21206,-0.069089,-0.92575,0.011155,-0.64618,1.482,-1.3162,9.5837,0.070748,-0.24557,0.002548,-0.60478,0.56307,-0.72045,-10.138,8.6776,-3.8044,1.0957,-0.17791,-1.755,0.6282,-0.18376,0.3198,-6.2064,-7.6932,-3.141,0.89568,0.25909,-1.847,0.61297,0.55508,-0.17692
6,9.2292,-5.2248,2.1698,0.38869,0.22761,-0.34259,-0.91955,0.57684,0.25385,-0.94498,8.1928,4.3753,0.24511,0.16732,0.01652,-0.52618,-0.55417,-0.64155,-0.090375,-3.7677,9.0766,-0.064532,-0.037409,-0.13301,-0.40821,0.72371,-0.63165,-10.085,6.1666,0.37316,-0.24053,0.026741,-2.7521,0.54079,-0.42561,0.3005,-9.0765,-8.4732,-1.7292,-0.14313,0.17916,-1.8802,0.56907,0.48139,-0.32736
1,4.9854,-0.7191,2.5515,-0.11375,0.014685,-0.001811,-0.64801,0.14193,-0.60127,0.98848,7.5985,4.592,0.079158,0.24112,0.066761,0.015081,-0.1982,-0.61675,0.77499,-6.1682,6.5186,0.04605,0.076672,-0.040748,0.39616,0.84877,-0.63224,-8.477,2.4743,-2.7083,0.37978,-0.48855,-1.4178,0.68314,-0.46733,0.43044,-7.9328,-0.40327,-1.0834,0.99689,0.13135,-2.8361,0.76762,0.75745,-0.24861
0,7.811,-1.7655,3.594,-0.24807,-0.12116,0.37434,-0.7376,0.16219,-0.66731,4.8845,7.34,0.55386,-0.45759,0.40571,0.11085,-0.41793,-0.54153,-0.46876,6.2167,-4.0463,5.9016,0.37679,0.17794,0.068417,-0.24302,0.62114,-0.97464,-5.6288,-4.1514,0.7404,-2.2732,0.13482,1.6966,0.48297,-0.74945,-0.026724,-7.8638,-0.8799,-0.63541,-1.4973,0.14916,0.57274,1.1318,0.38352,-0.1119
4,6.5075,-0.43483,2.071,0.95311,0.26797,0.27553,-0.72543,0.11456,-0.52274,-0.18726,5.3403,5.9782,0.68876,1.4419,-0.94107,-0.096806,-0.91468,-0.82531,-5.6485,-3.4948,4.3371,-0.24585,-0.66771,1.8371,0.3959,0.42776,-0.63539,-9.2378,2.0752,-3.6187,0.88264,-0.10044,-1.1487,0.54613,-0.32388,0.12589,-10.295,-1.3051,-0.75469,-0.23872,-0.6916,-2.3647,0.53804,0.33855,0.02554
3,15.122,1.0339,-0.91264,-1.2665,0.97896,0.93227,-0.83391,0.086288,-0.64939,-1.274,10.457,0.73757,0.0101,-0.082269,3.15,1.2398,0.36858,0.4196,0.038405,-5.7404,9.5664,-0.36186,-0.95934,-1.5431,0.31893,0.37329,-0.56448,-11.048,1.5074,-2.5063,1.6996,1.4855,-2.6013,0.65381,-0.55966,-0.50157,-12.724,2.4771,-3.7623,-0.82467,0.035687,-0.29951,0.80311,0.29767,0.44501
7,6.0136,1.0529,6.2709,-0.028948,0.8247,0.11608,-0.34162,-0.14593,-0.89176,-6.6107,-5.734,5.8272,-0.22004,1.1508,0.23098,0.60663,0.2802,-0.71415,-7.3249,2.259,7.8247,0.57313,0.9475,0.66851,0.46282,-0.15193,-0.82515,-3.5474,16.652,5.9713,-0.96015,0.11603,-0.078899,-0.15507,-0.90104,-0.2804,-1.1385,-14.009,7.6338,0.66334,0.04587,0.037555,-0.20663,0.94389,-0.066779
4,9.6285,-0.77007,2.4424,1.0851,-0.16217,-0.20856,-0.79757,-0.11349,-0.47414,-3.6456,11.688,3.5463,0.42757,-0.43368,1.6026,-0.3813,-0.6234,-0.28693,3.5217,-8.9454,4.6649,-0.384,-0.56943,-1.6423,0.18996,0.71976,-0.74499,-9.9233,3.8011,-1.6482,1.1862,-0.65755,-0.87664,0.67744,-0.27591,0.003723,-6.9875,-0.35124,0.52284,0.39573,-0.21752,0.30531,0.39877,0.4623,0.16781
9,9.772,3.9595,-0.83042,0.51746,-0.11452,1.1782,-0.71867,0.33255,-0.12064,-2.5831,17.328,-8.799,-2.7742,0.9665,-2.0472,-0.18631,-0.68426,0.30576,-1.5962,5.1974,13.887,-0.2331,1.4108,3.3568,0.12808,0.36239,-0.68917,-13.706,1.7991,-4.0651,-1.743,-0.64115,1.3615,0.70423,-0.15116,0.29329,-11.636,3.1911,-0.2835,-1.008,0.045729,-0.30879,0.77832,0.022037,-0.18103
4,9.0545,0.7428,3.2885,-1.1414,0.13746,-0.52816,-0.76827,-0.17886,-0.53556,-1.5308,10.175,5.2469,-1.2777,0.26623,-1.9833,-0.2791,-0.5653,-0.54464,1.698,-6.6641,7.6234,0.296,1.0479,0.68608,0.011436,0.50427,-1.0163,-13.827,1.9915,-0.039907,0.21128,0.098905,2.5862,0.57178,-0.16144,-0.1433,-10.268,-1.1587,-2.1731,-0.11059,-0.27061,1.3932,0.49484,0.23542,0.25259
1,10.039,-1.3683,1.0772,0.09669,0.49351,0.075349,-0.65088,0.15956,-0.58354,-0.31599,8.6881,6.452,0.062532,0.018853,0.99889,0.082093,-0.15222,-0.624,-0.32052,-6.9915,7.733,-0.11312,-0.429,-0.43452,0.53505,0.8211,-0.55713,-13.834,-1.3809,-3.6604,1.5739,0.053575,-2.2531,0.37807,-0.8024,0.29487,-12.086,-3.0246,-1.5237,0.3786,-0.60513,-2.7236,1.066,0.36806,-0.05895
3,9.2482,-1.0427,-2.3559,1.0598,0.12429,-0.59834,-0.80036,-0.26558,-0.31707,5.3333,8.9055,3.2722,0.49879,0.78947,0.31038,0.43584,-0.43535,-0.63814,6.3255,-4.6935,4.8749,-0.2645,-0.31332,0.87574,-0.16501,0.26907,-0.69763,-8.4037,2.8005,-2.3229,-0.18439,0.1596,-0.53841,0.7738,-0.34477,-0.38987,-8.0794,-2.144,-4.0382,-0.069756,0.56042,-1.1017,0.68163,0.10954,0.51042
2,21.967,5.8672,-6.6611,-1.9287,-1.4699,-0.48439,-0.75131,-0.2409,-0.41183,-5.0952,39.817,-15.781,-1.4143,-4.0068,-0.60272,0.14433,-0.53634,-0.19309,10.507,-18.465,4.6597,-0.98228,1.337,-3.7117,0.18046,0.92074,-0.55398,-27.973,-5.5567,1.5532,-0.58472,-0.50478,3.6313,0.62163,-0.56808,0.11901,-17.637,14.615,5.1139,1.7619,-0.51167,1.645,0.95145,0.70192,0.0505
9,4.0893,2.2353,2.2662,3.4112,1.2234,-0.90016,-0.5972,-0.52775,-0.41262,-1.1815,1.0849,-1.3469,-0.3289,2.2621,-1.8826,0.7218,0.46636,0.23394,-11.798,-3.8426,-3.218,-3.0489,-5.7426,-4.5088,0.39519,-0.77348,0.082519,-5.2564,0.064944,-0.06186,0.25832,0.6051,-1.0406,0.69166,0.11031,-0.42087,-8.3117,-6.2466,1.5192,0.29434,0.11057,1.6122,0.67007,0.19752,0.60709
4,8.332,-1.729,3.1469,1.2767,-0.32986,0.30584,-0.67997,0.082823,-0.55356,-1.4416,6.8069,6.0452,0.77839,1.3798,-1.5495,-0.011236,-0.85965,-0.65873,-4.1001,-6.4208,6.4184,0.06899,0.22918,1.2238,0.42891,0.34953,-0.67228,-10.62,2.1741,-3.1485,-0.70893,-0.4191,-1.0334,0.56697,-0.30855,0.13876,-15.557,-0.21975,-2.6633,0.10017,-0.82979,-3.5506,0.47279,0.3643,-0.011038
3,7.2132,-3.0463,0.7277,0.16617,0.94657,-0.27834,-0.69962,-0.041142,-0.64304,5.2215,2.4276,8.0883,0.96252,2.4238,-0.97987,0.12722,-0.40626,-0.87716,3.3735,-2.1422,6.0238,-0.67093,2.5654,1.8919,-0.077398,0.1334,-1.0927,-8.7599,1.6498,-0.59918,0.57832,0.45509,-0.9521,0.82804,-0.083706,-0.47107,-8.3578,-0.31424,1.4406,0.40477,-0.27205,-1.6961,0.83819,0.74532,0.049478
0,9.5098,-1.8646,2.3307,0.16161,0.001525,-0.20305,-0.86087,0.16848,-0.56773,8.4307,0.73322,5.0798,-0.11609,-0.52164,0.37711,-0.32133,-0.079813,-0.84748,8.762,-1.7234,1.4795,-0.3132,0.2087,-0.30569,-1.2401,1.4301,-0.53219,-10.587,1.7183,-2.0063,0.65612,-0.13229,-1.0047,0.67538,-0.045616,0.45613,-10.959,-21.849,6.0147,2.2507,1.1349,0.19175,0.75816,0.60982,-0.33309
5,8.6158,-1.2322,3.1898,-0.13789,-0.11258,0.001951,-0.61844,-0.092121,0.11239,6.917,5.6092,5.1374,0.005431,-0.03206,0.030511,-0.88634,0.025398,-0.23461,5.2194,-6.3848,5.5999,-0.22502,0.23559,0.018972,-0.76548,0.17643,-0.67887,0.5789,4.3687,-0.53697,1.4926,0.85888,-2.1622,0.37187,-0.54653,-0.19662,-1.7897,-13.084,-2.5239,2.27,-0.041309,-1.898,0.30074,0.45852,0.23266
7,9.6466,-0.95413,3.7133,-0.22143,0.39963,-0.0798,-0.63133,0.085734,-0.74609,-2.0348,2.5681,8.2909,0.002006,-0.2039,-0.34166,0.34748,0.10736,-0.89804,-5.4302,4.7067,6.1532,0.23095,0.47477,-0.049227,0.53682,-0.49442,-0.6251,-3.667,8.3083,-1.8446,0.13267,0.086826,0.10171,-0.15456,-0.94617,0.038527,-2.7215,-8.9865,-4.8175,1.0059,0.050072,-0.43687,-0.25059,0.78422,0.51301
6,9.6064,0.62193,-1.2982,0.042194,0.18952,-0.002101,-0.97681,0.39098,0.40817,-2.3236,6.5167,7.0295,0.10257,0.072258,0.021726,-0.41832,-0.41106,-0.84894,-0.38127,-0.96284,9.673,0.10618,-0.003525,0.10948,-0.45703,0.4678,-0.80346,-6.6033,8.9219,-3.4892,-0.21583,0.26835,0.73867,0.53506,-0.35694,0.29022,-1.2316,-5.89,-0.10545,-0.45555,-0.29293,1.0838,0.35723,0.7967,-0.21671
9,8.6714,-1.7391,3.969,-0.001253,0.3407,-0.79038,-0.29225,-0.1218,-0.90176,2.2666,1.5821,3.9236,-1.9285,3.0726,-2.2984,0.84995,0.45267,-0.017609,-0.80952,-4.3147,-0.38314,0.29772,1.0516,3.2716,0.71627,-0.20438,-0.5585,-9.9539,0.34529,-2.7473,0.43415,-0.26726,0.1783,0.68447,-0.66222,0.02409,-9.7978,0.42303,0.74005,1.7567,0.072292,-0.035703,0.74642,0.5162,0.42684
3,8.3716,-0.007823,2.1698,-0.35392,-0.13258,-0.031255,-0.70657,0.017238,-0.64469,1.9298,6.5211,5.7129,-0.040429,0.86572,-1.6133,0.85914,-0.13367,-0.1466,1.3162,-5.2446,7.3769,-0.15078,1.8128,0.55998,0.25727,0.34152,-0.59512,-7.8226,1.2782,-4.4024,0.36006,0.60495,2.4235,0.72199,-0.55622,-0.15981,-8.5912,-1.7242,0.66221,-0.16783,-0.15164,0.97486,0.74181,0.46434,0.4519
8,38.61,-2.2837,11.494,-0.29855,-0.18885,-0.237,-0.48965,0.015727,-0.62007,35.769,2.0487,4.4154,-0.54522,-0.94238,0.6341,-0.55005,-0.44683,-0.2269,35.451,-8.0633,4.6788,-1.3565,0.31661,-0.59024,-0.4564,0.34589,-0.46396,-30.113,-14.391,9.7512,0.68093,-0.29119,-0.70095,0.60567,-0.41341,-0.006478,-26.382,20.678,2.6246,-0.29985,-0.27913,0.7862,0.60697,0.35644,0.28721
6,8.9249,0.55162,3.1903,-1.1219,0.29566,0.60735,-1.0034,0.49591,0.094359,-1.5437,8.7261,4.3937,-0.3289,-0.45419,0.11587,-0.51833,-0.57213,-0.62167,0.90845,-2.6081,9.5925,-0.1544,0.010093,-0.1185,-0.50461,0.63275,-0.6551,-8.9412,8.3328,-0.1911,-0.71844,0.11063,2.1373,0.55923,-0.38505,0.30587,-8.9392,-6.2977,-2.6085,0.071141,-1.1225,2.4917,0.50757,0.53319,-0.36264
3,18.995,0.44497,4.7303,-0.13324,-0.76453,-0.028863,-0.78402,0.042605,-0.57013,-3.4553,9.6745,8.4651,-0.26428,-0.12654,0.26989,1.136,0.40842,0.11226,-2.6266,-6.4236,9.6899,0.37261,-0.29558,-0.013782,0.44915,0.10025,-0.56695,-8.5217,6.6286,-3.9271,0.46673,0.35515,-0.70429,0.50991,-0.75433,-0.13821,-16.774,-2.3805,-1.5249,0.094182,-0.32161,0.51367,0.71529,0.39348,0.46759
5,7.1138,0.081537,4.8286,-0.55534,-0.34855,0.20492,-0.79242,-0.09887,-0.006876,5.0749,8.6698,-0.26283,-0.33571,-0.13076,0.66565,-0.81427,-0.29768,-0.19598,6.8413,-5.1534,5.412,-0.41986,0.40973,-0.002466,-0.97827,-0.001494,-0.65451,7.5729,-5.5128,1.0042,-0.14712,-0.51411,1.5626,0.10688,-0.582,-0.37098,-2.6276,-14.998,-3.6828,-0.2192,-0.6062,0.76821,0.33819,0.27437,0.1833
4,13.042,-0.30024,0.087546,-0.60608,0.023768,-0.093123,-0.99774,0.1258,-0.19902,-1.4987,9.1876,5.2,-0.22562,0.054415,1.8976,-0.049799,-0.91697,-0.76506,-7.8948,-7.5965,3.8129,-0.64745,-0.24394,-1.9329,0.33517,0.42828,-0.57531,-4.799,-1.7951,-0.92609,-0.015968,-0.14594,-0.11279,0.33491,-0.45012,-0.12427,-12.12,-2.9072,-1.511,-0.4735,-0.37465,0.61149,0.60269,0.21701,0.18236
7,9.0941,1.0333,-3.5493,0.040844,-0.45006,-0.04923,-0.79899,-0.23376,-0.47172,5.4108,10.441,3.7812,-0.14395,0.16919,-0.005728,0.33219,-0.79434,-0.37841,7.233,-1.8562,8.8405,0.02489,0.10031,-0.068591,0.17372,-0.11774,-0.93027,2.3472,9.175,2.6385,0.097365,-0.18843,0.078524,-0.69856,-0.59273,-0.31049,0.019842,-9.9374,2.0659,0.16267,0.003968,-0.093579,-0.55587,0.79544,-0.058381
9,23.684,1.51,3.198,-0.59524,0.1389,-0.69502,-0.66681,-0.010555,-0.55238,30.685,30.248,2.4776,-2.2656,-1.3893,-5.2003,-0.003526,-0.78698,-0.29024,33.202,-13.123,4.6335,0.48365,-2.0467,-4.6136,-0.70297,0.30449,-0.3951,-18.023,-6.0095,-8.0821,-0.84662,0.75994,2.9466,0.80019,-0.46836,0.22786,-16.352,1.2901,-4.3197,-0.78214,0.27735,1.8383,0.62557,0.5962,0.18681
0,8.4343,0.60519,3.92,0.16541,0.43902,-0.31437,-0.777,-0.25856,-0.73332,4.6077,6.0909,5.576,-0.07673,-0.16216,0.083766,-0.3317,-0.85701,-0.7207,6.3513,-5.2011,5.1384,-0.14276,-0.037685,-0.67112,-0.47252,0.73554,-1.3226,-9.292,0.025318,-2.5854,1.2558,0.31118,-1.4475,0.27736,-0.71433,-0.1157,-10.933,4.1473,-0.82341,2.3974,1.2584,-2.4457,0.43113,0.50714,0.35023
1,11.595,-1.3008,0.16899,0.62379,-0.20327,-0.41256,-0.93164,0.08168,-0.41899,9.0889,0.32075,4.3082,0.036169,-0.10617,0.28888,0.28531,-0.15294,-1.2448,10.046,-1.7751,0.66392,0.63062,0.004366,-0.18006,-0.59213,1.1641,0.000722,-12.488,3.5092,-3.4725,1.2709,0.06087,-0.7718,0.77633,-0.020483,0.43029,-5.5502,-6.57,1.9139,0.72473,0.69866,-0.64903,0.73242,0.92126,-0.23098
9,9.3735,0.59548,2.9335,1.2446,-0.086648,0.3674,-0.64043,-0.33446,-0.64002,3.8827,9.8377,-0.84501,4.4773,0.63699,-1.6196,0.27975,-0.9297,-0.12297,1.3211,-12.634,2.805,-2.4255,-1.6985,0.81977,0.32932,0.56587,-0.70809,-9.848,-0.57797,1.2514,-0.67959,0.067253,0.008964,0.74871,-0.53719,-0.26443,-9.5485,0.91049,-1.4171,0.057211,-0.007112,-0.12511,0.80129,0.41654,0.49216
5,7.2877,-0.54597,5.619,-0.052917,-0.001454,-0.029474,-0.79189,-0.07937,-0.012754,4.3886,8.3285,0.58491,-0.045626,0.14153,0.14558,-0.80422,-0.27575,-0.22137,6.9362,-4.0124,5.6534,-0.032339,0.014403,-0.16255,-1.0008,-0.079795,-0.62964,7.7192,0.69476,1.4061,0.89653,0.36265,-1.7264,0.12997,-0.58147,-0.33201,-1.1736,-15.599,-0.76565,0.094744,0.5642,-1.0207,0.32662,0.2847,0.20852
2,24.345,2.4115,7.9228,-0.28979,-1.4522,-1.0687,-0.94944,-0.14274,-0.77826,-4.5956,16.215,0.73028,-0.45936,-1.8653,-2.3953,0.62323,-1.0013,-0.35857,2.1419,-16.886,4.5404,0.16448,1.4782,-0.43401,0.36535,1.0967,-0.80769,-27.766,1.5445,-7.5577,-0.93596,0.56246,1.9548,0.54084,-0.56334,0.22584,-3.7722,27.941,10.028,-0.15465,-0.46508,-1.1685,0.31744,0.70178,0.37855
7,7.1056,-0.23024,6.0717,-0.067501,0.51935,0.19397,-0.42367,0.035514,-0.94907,0.84256,-0.34733,10.11,-0.27618,1.5939,-0.86524,0.34341,0.20647,-0.89013,-0.055353,-1.9868,8.83,0.32282,1.8003,0.82181,0.38599,-0.12926,-0.89592,-3.2453,9.9413,-0.34647,-0.013633,-0.049882,-0.01759,-0.25868,-0.92888,-0.14864,-1.8616,-9.85,-1.6899,-0.056954,0.041785,-0.053678,-0.34526,0.89979,0.18951
2,17.33,-9.8868,-4.1719,3.6284,0.64141,0.81713,-1.1757,0.17364,-0.48031,-3.251,28.06,-0.33513,-0.019795,3.2812,1.2032,0.31242,-0.85401,-0.37252,-1.2069,-17.32,10.713,-0.24097,0.84305,6.1306,0.88921,0.43122,-0.828,-17.456,-3.613,-3.7321,-0.60423,-1.0507,-3.9321,0.35222,-0.65823,0.32173,-26.19,5.8582,-3.134,0.10078,0.62205,-3.5976,0.29823,0.6432,0.33834
7,9.84,-0.63741,-1.4728,-0.001205,-0.024221,-0.022875,-0.82216,0.010373,-0.51379,1.7845,6.9817,6.2346,0.020718,-0.010002,0.26,0.46947,-0.46147,-0.67673,1.8088,-5.1234,8.0822,-0.29574,-0.14162,-0.14984,0.39138,0.0872,-0.85358,0.26623,9.3199,-1.7025,-0.005246,0.15653,-0.15833,-0.66304,-0.69908,0.04346,0.35953,-8.7763,-4.1957,0.15377,0.043166,0.13804,-0.66633,0.59727,0.371
7,9.8209,-0.26101,1.1874,-0.017757,0.30297,-0.045673,-0.73229,-0.023491,-0.63809,1.6251,2.3937,9.22,-0.1603,0.40181,-0.030528,0.35443,-0.055634,-0.87815,1.3407,-3.1937,9.3152,-0.049869,0.48462,0.089293,0.3156,-0.04174,-0.88995,1.6205,9.5855,-1.229,0.052749,-0.015172,0.29013,-0.66834,-0.69496,-0.048456,2.0793,-8.5844,-3.8825,0.17307,-0.017995,-0.17729,-0.69895,0.6025,0.29921
4,0.75874,2.4605,0.23983,-0.95802,0.55235,-0.49384,-0.72345,-0.12498,-0.71203,-5.2333,4.8713,0.61803,-1.6337,-2.0719,-2.8162,0.023369,-0.80337,0.070959,10.853,-4.8066,8.4672,0.77492,2.3154,3.4632,0.22984,0.70709,-0.72767,-13.286,4.2716,-0.92822,0.72351,0.51388,2.5882,0.53675,-0.30637,-0.20589,-10.501,0.42504,-5.0698,-0.19645,0.99128,1.1523,0.48713,0.40617,0.007718
2,2.1836,-1.9397,1.8133,1.1562,-0.2464,0.38169,-0.85414,0.13334,-0.5869,10.927,11.832,0.3334,-0.74951,0.36768,5.899,0.3273,-0.70735,-0.44138,-4.9312,-0.19623,0.58616,0.072343,-1.5772,1.3275,0.18073,1.2092,-0.43708,-7.4697,-2.1172,-19.041,3.1022,1.935,0.25166,0.5479,-0.44147,0.47014,-6.4347,3.7619,-1.7643,-1.1881,-0.2994,-2.6305,0.98255,0.2877,-0.17054
1,11.918,0.58106,5.9108,-0.4375,0.19472,-0.27049,-0.85507,-0.13569,-0.68003,12.197,2.5356,4.7473,-0.2818,-0.008999,-0.42743,-0.76041,-0.55772,0.12263,9.9408,-4.8247,2.5919,0.019354,-0.38022,-1.4802,-0.54805,1.6434,-0.008478,-13.597,2.5525,-1.3483,0.89441,-0.3004,-0.60786,0.7248,-0.019378,0.15844,-15.596,-9.8289,1.2972,-0.095998,1.5193,0.87511,0.065944,0.64988,-0.052921
1,4.6407,-0.92245,1.1322,0.71432,-0.14249,-0.046613,-0.89501,0.096946,-0.5182,4.0256,1.8653,2.9859,1.8186,-0.13686,0.37262,0.03486,-0.18022,-0.71083,5.1535,-2.0437,1.2369,-0.50095,0.73789,1.3034,-0.89007,1.2072,-0.03065,-8.5487,1.2099,-2.0408,0.97566,-0.19106,-1.8438,0.68735,-0.28642,0.47199,-7.0723,2.1414,-0.19823,0.61997,0.4549,-2.2764,0.88171,0.71467,-0.34927
9,9.329,-3.929,0.40161,2.1755,0.079278,0.22053,-0.78234,-0.28739,0.018821,7.4758,-0.81854,7.8915,1.2784,-0.23078,0.12434,-0.79461,-0.16972,-0.11056,-4.458,-11.05,-3.1296,0.20519,-3.4606,1.7715,0.00017,0.639,-0.50806,-5.811,-4.7858,-9.3189,-1.3363,-0.27873,-0.29159,0.77429,0.092538,-0.042022,-12.188,-1.1435,-0.77417,-1.0596,0.61164,2.1913,0.78796,-0.18825,0.19364
0,7.0727,1.0852,2.1564,-0.39796,-0.090506,0.1948,-0.66544,0.066504,-0.58266,8.0555,2.3105,-1.7282,-0.41555,0.97311,-1.3979,0.27744,0.085879,-1.0148,7.2234,-3.081,3.7594,-0.57089,-1.2768,-1.5418,-1.1773,0.88641,-0.4055,-6.7823,-4.9816,-0.43813,-1.3504,0.22054,1.4082,0.47884,-0.60164,0.33471,-9.3317,-0.058752,-1.507,-0.78478,-0.35366,1.2091,1.0441,0.66382,-0.10677
5,7.3707,0.365,4.0533,-0.059574,0.073279,-0.008494,-0.79289,-0.095173,0.045325,-0.92784,7.9453,4.8283,0.048005,0.01586,-0.012505,-0.13229,-0.49433,-0.076201,1.7501,-1.5676,8.3767,0.15425,0.020287,-0.028503,-0.54127,-0.16644,-0.56138,-3.123,13.669,-2.444,-0.089293,0.32235,1.2527,0.2332,-0.49934,-0.1844,2.8501,-3.4187,0.25989,-0.92238,-0.5274,1.9614,0.11242,0.54578,0.19249
5,9.009,1.0518,2.2914,0.16471,0.010028,-0.29226,-0.55699,-0.21302,0.21476,3.5999,2.1216,8.5346,-0.38389,0.12723,-0.0856,-0.2784,-0.19695,-0.23323,1.5735,-0.93711,9.5742,0.25295,-0.20469,-0.001505,-0.62879,-0.12778,-0.5102,-4.2966,10.367,-0.84823,-0.58875,-0.24726,0.58991,0.45439,-0.51007,-0.083771,4.9728,-3.848,0.59519,-0.055137,0.090492,0.37716,0.11567,0.54619,0.27184
3,7.1751,-2.3048,0.2577,-0.23357,0.39653,0.17352,-0.95382,0.23417,-0.40565,2.515,7.7503,3.9399,0.61327,0.69701,0.84791,0.52041,-0.3527,0.029137,1.4725,-6.0922,6.12,-0.26645,-0.7575,-0.001942,0.48947,0.57851,-0.48944,-8.2771,3.9527,-0.88308,0.38454,-0.18751,-1.636,0.5153,-0.6765,0.19836,-7.0326,-7.8606,-0.94393,0.23442,0.27753,-2.4344,0.74621,0.56624,0.005274
7,8.7914,-1.1094,3.8849,-0.076137,-0.21798,-0.11475,-0.60624,0.14607,-0.81323,-2.9662,-2.1123,8.7489,-0.17405,-0.30403,0.39427,0.65028,0.50745,-0.53699,-4.7542,1.6934,7.8734,0.12914,-0.72142,-0.37507,0.69885,-0.47003,-0.51456,0.31113,9.7177,0.46149,0.000829,-0.0049,0.57412,-0.5435,-0.79033,-0.18562,1.2472,-9.5781,-0.85506,-0.059338,0.12598,-0.54467,-0.6189,0.7571,0.10741
7,9.5889,0.41641,3.0208,0.074253,0.60248,-0.057376,-0.40441,-0.14707,-0.84992,2.7637,10.306,-0.5019,0.13963,0.070378,-0.2046,0.46169,-0.821,-0.025761,3.6473,-3.4722,9.2153,0.1806,0.11487,0.054125,0.30042,0.04649,-0.90993,0.80225,8.5391,4.0083,-0.007063,0.11081,-0.37842,-0.70323,-0.5441,-0.37413,-1.1844,-9.4052,2.0131,-0.16665,0.15176,0.29807,-0.58554,0.76965,-0.075208
8,9.1686,1.3462,-3.8686,0.86457,2.2449,0.83985,-0.83024,0.3714,-0.22565,7.3093,2.7901,1.1391,-3.0203,-0.98399,0.99696,-0.57719,-0.2377,-0.33374,7.4828,-0.64493,2.0917,-1.9098,0.000207,-0.83107,-0.77227,0.32476,0.096305,-12.148,5.6275,-11.352,-2.0115,1.7817,0.89653,0.72768,-0.17272,0.56934,-7.7318,4.8998,0.42654,-1.8469,-0.083854,-0.72493,0.61565,0.20074,-0.37659
7,8.6523,0.13425,3.9081,0.41912,-0.90978,0.001339,-0.63217,-0.038592,-0.74464,-4.4386,0.54386,8.2292,-0.27603,0.20605,1.8039,0.55017,0.18106,-0.77754,-4.3046,0.39463,8.7277,-0.19766,-0.74042,-1.37,0.49703,-0.36662,-0.7343,-3.2183,10.153,-2.0687,-0.031818,0.048469,0.1076,-0.19681,-0.93713,0.03572,-2.2647,-9.0056,-4.4124,0.024644,-0.004728,-0.039744,-0.30228,0.7991,0.45993
7,9.5797,0.28856,3.4241,0.36278,-1.1587,-0.40152,-0.54919,-0.10749,-0.77956,2.1459,10.297,-1.7803,-1.5263,1.3375,0.72437,0.5317,-0.7826,-0.008508,3.5022,-2.931,8.9943,0.30178,-0.64412,-1.1466,0.39376,-0.03103,-0.87873,1.6071,9.0909,3.0125,0.2526,-0.19287,0.28184,-0.69077,-0.57752,-0.35122,1.4961,-8.4844,1.1645,0.19391,-0.02964,-0.37992,-0.56739,0.78886,-0.028302
4,14.325,0.36821,0.65552,-1.5143,-0.46958,-0.1086,-0.97216,-0.013394,-0.27923,-3.1116,13.628,3.3979,-0.71544,0.41356,-0.60341,0.045048,-0.64025,-0.56266,-1.3415,-5.6683,6.8619,0.091379,0.71769,0.78417,0.32335,0.45337,-0.76652,-13.67,2.9842,-1.1089,-0.82142,1.2743,2.2069,0.38215,-0.44847,-0.026786,-11.732,-2.0152,-3.4922,0.26921,-0.10819,0.96584,0.56871,0.30377,0.1791
8,-0.026553,-0.20624,0.2621,0.28772,0.19867,0.035008,-0.44388,-0.055296,-0.67123,-0.42544,0.29119,-0.039638,-0.060242,0.21719,-0.56182,-0.49855,-0.42591,-0.34727,-0.1752,-0.78895,0.064752,0.31669,0.12415,0.25865,-0.48502,0.39365,-0.40014,0.022021,-0.65755,-1.1384,0.14188,-0.006205,0.58084,0.62861,-0.3299,0.032883,-0.21901,-0.15881,-0.14456,-0.076113,0.050838,-0.48653,0.61869,0.25355,0.28911
9,-6.2792,1.6709,5.6944,3.8535,-0.39583,-0.20326,-0.91707,-0.35219,-0.18829,15.415,-16.414,-18.078,-11.466,-2.7863,10.823,0.70443,-0.33318,-0.47107,19.665,-15.231,19.222,1.2102,-10.368,-6.5772,0.51796,-0.53513,-0.56454,4.7833,8.7635,-4.6334,0.084944,-0.97819,-0.062229,0.93434,0.023276,-0.37384,2.2084,-0.8192,0.085453,-2.0086,-1.0065,-0.84998,0.90991,-0.12809,0.26674
2,24.892,-7.3427,1.1892,2.358,1.2364,0.033356,-0.91418,0.1491,-0.46352,12.288,29.515,2.8408,2.6593,2.1347,1.2469,-0.068106,-0.67471,-0.43806,19.321,-31.822,-5.8916,2.1174,0.2236,4.7281,0.30001,1.2047,-0.16681,-20.206,-10.849,-9.3832,-0.14399,-1.0271,-2.681,0.59014,-0.36617,0.47981,-30.259,4.5267,-7.2435,-0.46557,-0.43321,-3.2575,0.9617,0.45826,-0.20369
8,-0.97135,0.068505,-0.14961,0.27634,-0.095493,0.010335,-0.46919,-0.030695,-0.65283,-0.45384,0.78276,-0.50802,0.36723,0.3534,-0.10424,-0.49694,-0.44726,-0.36126,-0.41858,-0.7736,0.031067,-0.055607,-0.11856,-0.10092,-0.45146,0.40551,-0.44605,-0.88934,4.0656,-0.42148,-1.4659,-0.10398,0.56611,0.6642,-0.31961,0.04382,-0.88042,-3.7786,0.47773,0.19959,-0.013342,-0.78134,0.66551,0.24272,0.28235
3,6.297,1.9604,0.080409,0.16668,0.092723,0.008062,-0.87287,-0.13223,-0.39274,5.7732,4.3578,5.7946,-0.31694,0.11489,0.27767,0.38965,-0.54966,-0.11593,4.988,-5.5154,4.3678,-0.18683,-0.011624,0.16162,-0.12683,0.52309,-0.58669,-7.2573,0.05133,-2.3541,0.48887,-0.10707,-1.3036,0.91353,-0.10437,-0.17551,-4.2062,-0.83585,-0.8942,-1.2921,-0.38509,-1.0581,0.51493,0.91379,0.37696
1,9.8067,-0.54402,-1.1725,0.017658,-0.055178,-0.01577,-0.79688,0.0242,-0.40464,3.3549,9.0366,2.4651,-0.022718,0.34303,0.46898,-0.24198,-0.29748,-0.5697,3.9889,-7.064,6.2445,-0.085738,-0.35679,-0.12223,0.014602,0.92269,-0.78402,-8.7334,-1.0679,-1.9266,-0.01124,0.33427,-1.1788,0.46327,-0.68797,0.25636,-13.455,2.3807,-2.1116,-0.84507,0.42664,-2.0653,1.0435,0.59102,-0.05072
4,9.5716,-0.66616,2.5813,0.7929,-0.39039,-0.22229,-0.78627,-0.15654,-0.46313,-1.8934,8.8408,5.4376,0.93743,-0.25552,0.55622,-0.28669,-0.58875,-0.40156,1.3369,-6.3523,7.8174,0.18359,-0.4388,-1.4315,-0.070183,0.42577,-1.0759,-9.8535,1.0526,-1.6318,-0.098201,-0.14245,-0.51725,0.67465,-0.11019,-0.033744,-8.0696,-4.0163,-0.30113,0.13597,-0.028519,0.32794,0.39737,0.42161,0.14462
0,8.6111,-1.5884,5.8766,0.27718,-0.14207,0.50485,-0.73143,0.17584,-0.66797,3.7097,9.2174,-0.61576,-0.35804,0.14461,-0.034352,-0.45255,-0.57034,-0.43437,5.8752,-3.9918,6.2329,0.2431,-0.033295,0.029756,-0.24096,0.6046,-0.96859,-8.9421,-4.7862,0.53948,-1.8535,0.067608,2.35,0.5478,-0.70916,0.050489,-8.8051,0.78156,-0.47351,-1.7652,0.41044,0.93913,1.158,0.32194,-0.20649
1,9.0962,0.34601,5.6144,-0.32898,-0.25,0.11067,-0.64153,0.17958,-0.69864,-0.52932,9.8715,1.843,0.75894,0.23783,-0.25676,-0.18977,-0.48454,-0.53326,2.3162,-5.6469,11.821,2.3551,-0.88888,1.2145,0.14221,0.62877,-0.90965,-11.987,7.3554,-3.2358,1.3622,1.3638,-1.1324,0.40497,-0.82318,-0.067773,-10.691,-3.9691,-2.9664,-0.40261,-0.28355,1.0974,1.1488,0.27461,-0.04907
4,7.9022,-1.3096,2.9585,-1.5321,0.46267,0.068839,-0.6914,0.19801,-0.51309,3.2614,4.2506,4.6383,-0.75476,-0.22123,1.3716,-0.26883,-0.81594,-0.84097,-9.3783,-7.4421,3.4223,-0.49712,-0.11621,-0.71409,0.44223,0.47041,-0.40504,-9.3526,2.659,-0.87357,0.58181,-0.64294,-1.3262,0.35888,-0.45239,0.09773,-7.9365,-4.7882,-0.38491,1.3813,0.25781,-0.033175,0.62508,0.23531,0.076078
7,9.2782,-0.099387,3.3779,-0.02671,1.1298,-0.09581,-0.62875,-0.11752,-0.71649,2.1434,2.3522,9.3096,-0.2815,0.3499,-0.30171,0.22584,-0.31358,-0.85755,1.4761,-0.08192,9.2259,-0.31615,0.38551,0.053055,0.32615,-0.13776,-0.87096,1.3722,9.538,-0.44352,-0.056386,-0.032856,-0.32487,-0.55824,-0.7562,-0.17972,2.317,-9.3649,0.43148,0.12081,-0.082936,0.26271,-0.67188,0.69563,0.020058
0,9.4201,0.44974,3.6214,-0.41119,-0.012342,-0.16628,-0.73651,0.00422,-0.97246,10.3,3.1558,2.1979,-0.94251,0.49598,-1.0552,-0.8372,-0.79321,-0.38938,9.5395,-4.1343,3.2859,-0.67568,-0.56844,-0.98348,-1.5282,1.6489,-0.10609,-16.909,-3.3763,-2.7039,0.28464,0.48287,2.7776,0.46417,-0.54962,0.35603,-8.5362,1.6403,-2.4159,0.51157,-0.19202,1.6878,0.41699,0.67565,0.25618
5,6.2795,0.70856,6.5551,0.01052,-0.049926,-0.002342,-0.65576,-0.20459,-0.081833,4.9703,6.8698,-4.2594,-0.014953,-0.076884,0.05867,-0.74737,-0.28683,-0.15581,5.6867,-7.582,1.4187,-0.038621,0.070975,0.045329,-0.8786,0.37243,-0.67123,4.5198,3.4597,1.2701,0.35195,0.62434,-1.4393,0.16403,-0.55769,-0.39252,-2.0845,-10.839,-6.2965,0.67155,0.24266,-1.2783,0.32261,0.29601,0.30245
8,28.395,-5.8464,6.768,0.20836,0.27874,-0.13938,-0.7254,-0.35976,-0.2122,20.418,9.6474,0.86999,-0.010824,0.64013,-0.094302,-0.3777,-0.55676,0.38768,20.768,-7.1863,8.2647,-0.19709,0.64444,-0.12435,-0.40849,-0.1057,-0.61914,-10.797,-37.871,1.3882,1.9559,-1.5152,-0.9562,0.50225,-0.22453,-0.4632,-11.704,40.375,0.59118,-0.35203,-1.3988,0.72749,0.34223,0.15928,0.67574
9,9.0467,-1.165,-0.7364,-0.42612,-0.69502,-0.57094,-0.78323,0.3981,0.26764,4.5428,6.5092,-2.5423,-2.3954,-0.98597,-0.973,-0.60404,0.26177,-0.68873,5.4829,-7.4687,6.0792,-2.0443,1.2088,0.77644,-0.79264,-0.25281,0.29252,-9.7889,1.398,-2.5472,-0.22636,0.048288,1.2016,0.7616,0.10901,0.41848,-14.19,-4.9811,3.7025,0.40824,0.59509,0.6913,0.87034,-0.25002,-0.19903
8,17.116,-2.6653,4.7617,-0.087465,1.235,0.0083,-0.71787,-0.36027,-0.27306,20.2,7.1055,-0.84463,0.14066,-0.49406,-0.32285,-0.38993,-0.56267,0.39375,21.303,-7.2548,6.9829,-0.56935,0.12564,0.058033,-0.36374,-0.058902,-0.67305,-23.116,1.1015,-5.4068,-1.608,-0.17312,-0.52609,0.5295,-0.30946,-0.41576,-22.769,-18.077,-0.076134,0.50577,-1.0984,0.80885,0.37753,0.22017,0.65339
9,8.8018,2.073,-4.4587,-0.24866,0.15301,0.13483,-0.95197,-0.39318,0.1203,10.532,7.2325,0.55988,-0.082743,-0.42119,-1.6421,-0.491,-0.87515,0.029135,3.3995,-9.3671,10.282,-1.2783,1.4169,0.63731,-0.34365,0.40114,-0.88464,-6.1164,1.4243,-1.157,-2.9115,0.57092,0.052006,0.87238,-0.14457,-0.65791,-8.9669,-2.7903,-1.9808,0.17752,-0.62287,-0.84801,0.93785,0.43328,0.3373
2,2.3057,-1.5532,-0.34519,0.74349,4.2578,0.34811,-0.4454,0.18271,-0.79294,3.4798,6.3179,5.0664,0.46496,1.8504,-1.252,-0.12078,-0.20209,-0.65688,2.443,-3.8392,5.0179,-0.26001,0.95019,1.7825,0.26749,0.74167,-0.84459,-6.8822,5.801,-8.2381,-0.80568,-0.13226,-0.51983,0.36985,-0.71316,0.35528,-1.3478,-4.6154,1.7358,1.0674,-0.44257,-1.9473,1.0806,0.29075,-0.11703
1,9.6503,0.001796,-0.17867,0.18455,0.004593,-0.030276,-0.7772,0.061946,-0.43651,3.3034,8.1968,3.6709,-0.22036,0.046252,0.49368,-0.28082,-0.28536,-0.56364,3.5246,-6.2224,6.4033,0.005641,-0.28509,-0.33047,0.005039,0.89074,-0.81463,-10.543,1.4918,-4.0443,0.74923,0.22856,-1.2462,0.58307,-0.61373,0.28994,-12.625,0.13611,0.13593,-0.014173,0.66866,-2.2813,0.96718,0.76995,0.014403
8,16.11,0.6206,7.4355,0.74523,-1.0614,-0.1714,-0.56647,0.48364,-0.33006,2.8557,20.903,11.244,-2.6199,-0.43599,0.87139,-0.4108,-0.26718,-0.61795,7.3016,-23.648,-8.8896,3.5923,0.08948,0.052333,0.02136,0.47907,0.58498,-47.808,18.836,-1.6256,-0.34165,-0.45764,0.12793,0.41747,-0.08584,0.5467,-33.251,-1.6547,-0.90109,0.63985,-0.49836,-0.91521,0.41728,0.12784,-0.48204
1,6.2009,-1.2326,4.2164,0.80168,-0.76849,-0.12123,-0.67555,0.23519,-0.6951,1.0616,9.7659,1.1229,0.25927,0.4538,-0.54662,-0.22807,-0.51502,-0.47866,3.0274,-6.0577,7.5548,-0.16492,0.31254,0.1951,0.12203,0.70448,-0.88686,-6.3244,-3.7441,0.70079,-1.9742,-0.50426,1.5766,0.32882,-0.83307,-0.039231,-9.8115,0.62789,-0.52023,-0.58191,0.25771,0.88921,1.0595,0.40954,-0.12231
7,6.3688,0.78248,7.2459,-0.6351,0.52294,0.073572,-0.44061,-0.10049,-0.85726,-3.2603,7.8408,1.2569,0.52416,-1.2702,-1.416,0.59721,-0.6891,-0.28953,-3.8346,-4.3503,9.1734,-0.35431,0.21913,1.3145,0.43723,0.049431,-0.85504,-0.49106,7.2645,4.8644,0.046369,0.41983,-0.92687,-0.38738,-0.73743,-0.48573,-2.2282,-9.8557,0.94494,-0.24385,0.29642,1.0156,-0.17576,0.95746,-0.00206
4,10.643,0.28117,-0.44386,-0.72701,0.060647,-0.36243,-0.84106,-0.065011,-0.33093,7.0324,6.6761,6.3688,-0.82752,-0.30573,1.8744,-0.32967,-0.75783,-1.0858,-7.4258,-8.8229,5.8403,-0.029999,-0.72104,-1.3026,-0.099768,0.54731,-0.62408,-6.0414,-3.3979,-1.1631,0.96525,0.42889,-1.0738,0.52449,-0.28667,-0.072854,-9.6074,-8.9898,-3.5421,0.48387,-0.13477,-0.29967,0.63499,0.070097,0.21181
0,6.5199,-0.98447,1.6597,0.2051,-0.11589,-0.28452,-0.82949,0.097068,-0.58792,6.6946,1.0299,3.2788,0.91509,-0.62458,1.328,-0.17698,-0.24457,-0.7293,7.1992,-1.6165,1.4369,0.24526,0.92182,1.722,-1.206,1.1824,-0.18374,-8.0194,-1.7488,-2.5175,0.91342,0.16995,-1.4442,0.65027,-0.3018,0.43953,-6.7985,3.2347,-1.1644,1.9365,0.47304,-1.6395,0.81832,0.68557,-0.41142
1,12.541,-0.79799,2.5381,0.44867,0.66057,-0.025774,-0.85442,-0.13736,-0.69516,-2.8509,-0.8274,6.4067,0.16896,0.24731,0.07735,0.73587,-0.33345,-0.67984,-2.5765,-5.1941,5.6952,-0.55232,-1.0007,1.3872,1.1257,0.23825,-0.77443,-8.0232,3.9055,0.70365,0.30101,-0.034688,-1.6477,-0.076378,-0.86272,-0.090082,-10.644,-6.1329,-2.9941,-0.57019,-0.68063,-1.738,0.70383,0.33114,0.088559
6,8.8809,0.44037,4.2549,0.046001,-0.051676,0.003903,-0.89877,0.35356,-0.06347,3.1414,6.8547,6.0021,-0.010932,-0.03726,-0.02194,-0.83009,-0.3356,-0.5636,1.2548,-4.3665,8.9137,0.033591,-0.019927,0.003222,-0.67839,0.62977,-0.59362,-0.09655,2.3997,1.894,0.50498,0.55349,-0.73026,0.63235,-0.54815,0.064914,-7.8411,-8.3536,-4.8857,0.27953,0.16894,-0.57235,0.73118,0.40835,-0.1074
1,11.71,-0.49398,0.93282,-0.070527,0.25891,0.15442,-0.75372,0.099567,-0.44937,2.0668,9.7011,2.8839,-0.061228,0.13687,0.56457,-0.28076,-0.2917,-0.55163,2.2517,-7.7851,7.2433,0.027147,-0.31901,-0.099629,0.053284,0.94281,-0.74156,-10.661,1.3916,-2.155,0.2362,-0.041438,-0.19237,0.40554,-0.76837,0.21357,-10.89,-8.403,-2.4903,-0.85913,-0.35641,-0.70901,1.1441,0.35382,-0.004978
3,15.579,-6.0688,3.2679,0.45241,0.11807,-0.26369,-0.82124,0.17096,-0.6237,-1.3246,10.431,1.5586,-0.13772,0.04289,-1.5546,1.0109,-0.10561,0.30399,0.43763,-9.3664,6.2662,-0.38559,1.0849,1.462,0.24105,0.42375,-0.54957,-9.2746,-3.4611,-2.1121,2.1189,0.15315,-0.81225,0.85131,0.042816,-0.58449,-11.504,-5.0243,1.3259,0.20034,0.31535,-2.0342,0.64916,0.66075,0.36565
0,9.2166,0.11491,1.2373,-1.4725,-0.016341,-0.52392,-0.78659,0.016238,-0.61642,11.561,3.5983,2.5852,-2.3786,0.1996,-0.65851,0.26171,-0.13751,-1.0425,3.9202,-5.2555,2.9655,0.44801,-0.95328,-5.1532,-0.45679,1.1848,-0.49272,-14.921,-2.6258,-3.0543,2.9569,0.86012,2.4728,0.65307,-0.26196,0.46214,-10.667,0.71988,-2.3781,-0.63478,0.30895,1.6336,0.94129,0.49961,-0.25971
1,9.622,-2.0879,0.89552,0.69635,-0.19572,-0.38657,-0.79458,0.057646,-0.43146,7,2.7416,3.8603,0.81138,0.56172,-0.91797,0.52373,-0.36199,-0.17144,7.0619,-4.7897,5.0764,0.25124,0.094406,-0.012085,-1.2026,0.85266,-0.90599,-10.337,0.007831,-2.6488,0.60551,-0.21101,-1.0311,0.88581,-0.25097,0.26759,-7.575,-7.4586,-2.1088,1.2081,0.63323,-0.94927,0.4714,1.0569,0.018084
2,20.823,4.5389,-3.633,-8.4218,2.111,0.013219,-0.88529,-0.13943,-0.59371,-2.2268,21.114,8.4617,-1.2987,-1.5303,-3.5807,0.62336,-0.53108,-0.62623,1.6499,-18.593,11.433,0.59326,3.8833,-1.7678,0.23225,0.95142,-0.70721,-19.287,-15.845,-3.594,0.19401,-0.20195,3.664,0.32779,-0.65565,0.006853,-27.909,1.3585,-3.3072,1.7693,-0.4759,3.43,0.4956,0.54625,0.11001
3,7.2768,0.078159,-1.8192,0.6288,-0.58547,-0.17818,-0.87062,-0.084179,-0.41156,7.2631,1.4189,5.3645,-0.56158,-0.29305,0.66741,0.17245,-0.47055,-0.27094,6.399,-6.0763,2.9437,0.56758,-0.74112,-0.27141,-0.22639,0.5712,-0.53163,-7.867,-0.17918,-1.6157,-0.12436,-0.13581,-1.1573,0.91177,-0.019008,-0.19947,-5.5406,-2.6536,0.022638,0.027849,-0.08782,-1.2315,0.69695,0.69874,0.45646
9,4.6282,-0.59385,1.2142,0.57909,-1.1446,1.3535,-0.67531,0.60332,0.22079,3.6092,5.845,1.9446,0.058531,-0.077389,-0.12486,-0.6758,0.2888,-0.51541,6.0797,-10.163,-5.6349,2.2747,-2.4965,-2.598,-0.66587,-0.42056,-0.42774,-4.9549,-3.8136,-1.0135,-1.0372,0.2658,0.8271,0.7888,-0.068981,0.48968,-7.4785,0.13381,0.35274,-1.3309,-0.79798,0.23197,0.79616,0.10545,-0.44162
7,8.327,-2.695,0.57611,-0.2225,1.8048,0.95511,-0.85891,0.38214,-0.64075,0.074008,1.7459,3.5187,-0.027525,-0.28745,-1.045,0.53506,-0.49897,-0.61809,0.92403,1.4438,0.658,-0.32338,0.29784,0.55814,0.36726,-0.33859,-0.81505,-3.0547,10.611,2.9918,0.50175,-0.34292,-0.88006,-0.18141,-0.86348,-0.37124,-2.356,-15.782,-4.3976,1.8128,-0.79983,1.1686,-0.16609,0.94227,0.15792
1,9.0345,1.136,2.8482,-0.52269,0.1702,-0.32353,-0.82044,-0.076954,-0.72466,11.371,2.1741,3.0721,-0.85728,1.1558,-1.0129,-0.76535,-0.64743,-0.076727,10.731,-3.2636,2.7433,-0.68432,-0.55821,-2.3694,-1.76,1.3461,1.1859,-15.868,-4.5509,-3.5212,-0.9526,0.11599,1.9757,0.59431,-0.23865,0.14132,-10.446,-0.10824,-1.6756,-0.096629,0.14409,2.031,0.31949,0.59666,0.081333
0,12.553,-0.277,5.8261,-0.20368,0.09919,-0.1243,-0.63784,0.1357,-0.62606,10.857,3.3113,2.1096,-0.64145,-0.19596,0.4931,-0.91418,-0.35553,-0.99167,9.5543,-0.97321,2.859,-0.23707,-0.31187,-0.34096,-0.15861,0.9663,-0.2949,-12.29,1.3345,-4.4751,1.2351,-0.12511,-0.35159,0.81807,-0.20819,0.39654,-12.154,-1.5515,4.605,1.8069,0.8789,1.3414,0.73728,0.72047,-0.057646
2,16.891,-2.556,4.9789,1.6777,0.18257,0.19244,-0.93285,0.057859,-0.81375,-2.6711,15.924,4.637,0.75025,1.2677,0.96901,0.35699,-1.0446,-0.45147,2.2301,-12.498,0.39053,0.36493,-1.4266,1.6115,0.71155,0.64083,-0.94057,-22.767,-0.64226,-6.2677,1.351,0.001469,-3.2514,0.42719,-0.64943,0.22288,-16.024,9.0445,-0.4092,1.4034,1.182,-2.2794,0.36643,0.60105,0.45577
0,6.6761,1.2319,2.7515,-0.41015,0.035496,0.16452,-0.61914,0.067551,-0.62481,8.4041,2.7924,-1.8912,0.79741,1.0402,-1.8885,0.36886,0.11236,-0.80176,7.7687,-3.7155,4.0178,-0.71544,-1.003,-1.1792,-1.2193,0.63721,-0.18796,-5.8127,-4.2657,-0.65532,-1.0838,0.58064,0.94911,0.48357,-0.60575,0.34487,-8.6303,-2.3489,-1.9118,-0.32162,-0.16619,1.2347,1.0757,0.59858,-0.1001
6,9.5128,-1.544,1.4793,0.24389,-0.00608,-0.4203,-0.87506,0.37739,0.28278,3.6071,0.66397,9.2076,0.035537,0.32821,-0.047719,-0.94012,-0.009303,-0.63346,0.67238,-1.4199,9.5843,-0.044108,-0.24931,-0.10998,-0.5219,0.57993,-0.75468,-9.4749,8.9216,-5.005,1.0339,-0.20506,-1.4528,0.62734,-0.16243,0.32136,-5.8092,-6.7412,-1.6644,0.64612,0.25236,-1.6123,0.60801,0.55316,-0.19037
7,7.4216,0.55206,-6.7312,0.040224,0.13084,-0.036498,-1.0103,-0.045514,-0.063897,3.3035,6.1688,8.7295,-0.72451,0.10989,-0.074885,0.40252,-0.40366,-0.68936,3.9449,-0.84636,9.8041,0.17093,-0.007018,0.22198,0.29979,-0.12058,-0.82918,3.0063,8.9344,-1.9135,-0.47131,-0.19046,-0.037917,-0.80593,-0.48981,-0.10264,3.5928,-8.672,-2.1878,0.34809,-0.088847,0.064977,-0.81261,0.39248,0.19747
8,9.8359,0.090451,1.321,0.23832,0.36668,0.005592,-0.76176,-0.36913,0.20932,8.9129,3.5867,2.4345,0.044592,-0.19385,0.78463,-0.64428,-0.089968,0.42671,9.6743,-2.2089,1.438,0.1412,0.22098,0.1446,-0.54789,-0.43435,-0.088292,-9.7956,0.70714,-0.53581,-0.009642,-0.053108,-0.21179,0.43969,0.12198,-0.49543,-9.6219,-1.6787,-1.4331,-0.16213,-0.11568,0.20915,0.41931,-0.36204,0.4884
3,7.2792,-1.8463,-2.156,0.51061,0.13995,-0.077581,-0.97639,0.14152,-0.3849,4.4392,6.0301,5.1259,0.023153,0.29631,0.5429,0.47666,-0.44113,-0.058982,1.499,-6.6873,6.6882,-0.38355,-0.38401,-0.050764,0.46632,0.5207,-0.50863,-8.0103,2.2799,-0.67693,-0.086346,-0.23749,-1.2603,0.61508,-0.60532,0.11275,-7.4497,-3.4475,-0.43225,-0.49612,0.076148,-1.142,0.74969,0.53745,0.098496
6,9.5034,-2.7793,0.99911,0.44949,0.003844,-0.4531,-0.92958,0.56263,0.24824,-1.0893,8.7742,3.6495,0.022438,0.18069,-0.16243,-0.50882,-0.6747,-0.63622,-0.086756,-2.8521,9.3666,-0.16537,0.039524,-0.13991,-0.40457,0.60486,-0.67907,-0.98866,3.1947,0.72752,0.99391,0.54122,-1.8269,0.45051,-0.57137,0.28352,-9.0364,-8.9045,-0.58197,-0.51949,0.58947,-1.1436,0.59741,0.39217,-0.3752
0,11.894,1.5192,4.2092,-0.19095,0.39794,0.27178,-0.81949,-0.23699,-0.66937,3.5783,7.0547,6.9156,0.18311,0.4019,0.4993,-0.34694,-0.81666,-0.72653,5.2389,-5.4474,7.0402,-0.031289,-0.2145,0.78209,-0.37422,0.75257,-1.0888,-7.6564,1.2769,-1.267,0.21548,0.57691,-0.24126,0.04411,-0.76807,-0.22939,-11.141,-3.4078,-0.72687,-1.3104,-0.42142,0.38643,0.69952,0.25388,0.14415
3,8.7073,0.42954,0.093779,0.36309,-0.44263,0.66643,-0.84266,-0.12337,-0.4349,2.2166,8.0091,4.033,-0.66992,-1.3397,2.1486,0.6434,-0.63111,-0.14064,7.0396,-5.0756,5.8529,-0.54316,-0.68621,-0.65922,-0.23656,0.28701,-0.65137,-8.133,4.4538,-1.4078,1.5614,-0.013177,-1.457,0.70181,-0.65079,-0.18058,-9.1074,-0.4781,-1.0231,0.76088,-0.46477,0.03315,0.70564,0.003151,0.65175
7,7.3334,1.2796,6.6489,-0.059544,1.0534,-0.086808,-0.43646,-0.22018,-0.82597,-0.71587,7.6382,1.3028,0.34865,0.44484,-0.43987,0.50389,-0.80019,-0.056458,-0.95197,-4.5311,10.811,-0.63849,0.6023,-0.076198,0.31988,0.043923,-0.90205,-0.39333,9.2421,3.9298,-0.28949,0.17968,-0.83263,-0.56602,-0.67648,-0.39046,-0.59832,-9.1033,1.314,-0.54514,0.007055,0.93619,-0.42519,0.8741,-0.022953
2,10.911,0.46937,19.475,-0.64584,-9.9136,0.18103,-0.62292,0.18263,-0.67281,-0.71056,9.0151,9.3227,-0.56986,0.36286,-0.53497,-0.044163,-0.18037,-0.67773,-1.4467,-8.3468,9.5383,-0.28918,0.3994,0.44352,0.47001,0.7488,-0.74284,-10.82,-13.618,-4.1772,4.1648,0.62103,-2.0056,0.38058,-0.73435,0.37853,-24.246,0.91398,-0.18998,-0.45003,-0.82039,-4.0398,0.9615,0.49451,-0.15517
7,9.2784,-0.23636,3.8059,0.090838,-0.4633,-0.13492,-0.55864,-0.16016,-0.75907,2.7271,9.6761,-2.6697,-0.81708,0.98814,0.87981,0.54968,-0.76782,-0.028183,2.1292,-4.9938,9.2608,0.92278,-0.76748,-1.1326,0.41962,0.035326,-0.8583,2.362,8.2314,3.4403,0.21105,-0.24296,0.40276,-0.68104,-0.5829,-0.35494,0.37338,-8.9219,2.1349,0.2228,0.028844,-0.51297,-0.53982,0.80409,-0.059661
4,10.788,-1.5171,3.57,1.3236,-0.4145,0.17448,-0.74423,-0.045762,-0.51217,-0.97038,7.265,6.3258,0.5152,-0.21528,0.24881,-0.2318,-0.65456,-0.57646,-0.74903,-8.1173,5.7238,-0.26832,-0.20528,-0.95535,0.034908,0.45975,-1.01,-12.965,-0.27388,-3.0885,0.70237,-0.16195,-1.407,0.63194,-0.1667,-0.02925,-9.1615,-2.8054,-0.97532,0.88228,0.511,-1.1388,0.42368,0.36052,0.15911
7,10.357,-0.72186,0.4653,-0.018413,-0.21997,-0.071727,-0.80102,0.006997,-0.55892,4.2316,3.7165,8.3384,0.035042,0.72179,-0.50095,0.26576,-0.23663,-0.87848,3.7662,-3.9463,9.3457,-0.58187,0.27901,0.29201,0.19129,0.063406,-0.92622,0.58849,9.7845,-1.3549,-0.097666,0.005596,0.012385,-0.5345,-0.80634,0.001739,1.1651,-8.2649,-4.523,-0.007093,0.16893,-0.091968,-0.59687,0.66328,0.38823
2,5.1763,-1.8613,0.24016,-1.4899,0.70854,0.19906,-0.89794,0.071016,-0.4821,3.5633,3.2776,0.20031,-0.99491,-1.6082,-1.2604,0.31179,-0.76567,-0.30064,-8.5897,-2.8419,0.6895,0.088887,1.8509,-0.29182,0.032504,1.1899,-0.15487,-3.473,-12.062,-2.3355,-1.0551,-0.030102,0.49756,0.55435,-0.48818,0.46002,-13.595,-7.4203,1.7556,0.045589,-0.12255,3.7117,1.0276,0.23754,-0.096156
1,12.49,-0.84685,-2.2156,0.1776,0.67192,0.2378,-0.91064,0.19182,-0.43201,11.676,0.72943,3.4513,0.24937,-0.20701,1.027,0.8228,0.99253,-1.5045,13.255,-4.7399,3.8598,-0.43242,-0.4183,-0.43328,-0.76926,0.92946,0.24303,-10.737,-0.80935,-2.2321,1.4682,0.037371,-1.3914,0.46755,-0.65268,0.39872,-11.694,-11.135,1.6648,-0.28048,-0.62468,-1.7288,1.0092,0.22942,-0.002363
3,15.152,-2.1187,4.8523,0.3461,-1.3546,0.33476,-0.67699,-0.13476,-0.64911,0.29489,6.5184,12.105,-0.43345,0.11802,-0.89964,0.3014,-0.27518,-0.80634,-0.76719,-7.6183,10.236,-0.24847,0.41844,0.42894,0.19665,0.38166,-0.65043,-14.365,-0.029782,-0.20066,-0.38875,-0.6918,-0.62709,0.81356,-0.018351,-0.50416,-10.508,-5.694,0.95188,-0.30477,0.34276,-0.18223,0.72303,0.8557,0.008481
6,9.6265,0.58821,1.584,-0.2598,0.044097,0.12786,-0.9049,0.285,0.28394,2.5324,0.8425,9.3628,-0.080792,-0.089522,-0.11108,-0.87725,-0.046694,-0.70411,1.6754,-1.0192,9.6074,-0.034847,0.038604,-0.18854,-0.61789,0.54133,-0.72401,-9.074,7.5538,-2.2941,-0.71391,-0.076514,1.0821,0.63542,-0.17635,0.29791,-3.8992,-6.0625,-2.1726,-1.0754,-0.28359,1.1797,0.56647,0.62143,-0.15081
2,-1.3536,0.93386,-0.39942,0.80601,0.65878,-0.099383,-0.86027,-0.020803,-0.51066,-9.6083,2.0369,1.1901,-0.68199,0.97897,-0.59323,0.083858,-0.77445,-0.29681,5.7309,8.6975,-0.17147,0.60198,-2.0402,-0.21984,0.45161,0.8825,-0.48069,-3.0349,18.504,-2.5401,0.066938,-0.28184,-0.51793,0.75874,0.012673,0.45515,1.2722,3.1292,9.4765,-0.11884,0.14833,1.2361,0.90707,0.64987,-0.31228
5,9.642,-0.49358,1.1303,0.13408,-0.17662,0.18157,-0.5895,-0.26276,0.19161,1.0004,6.603,6.2262,0.29987,0.037064,0.19308,-0.1739,-0.53254,-0.13302,3.7799,-6.3965,10.248,0.82901,-1.6798,-2.2295,-0.37809,0.02896,-0.6374,3.8595,5.4266,0.70607,0.28096,0.20295,-0.76804,0.12207,-0.63958,-0.30354,-2.6903,-11.599,-0.31055,0.60992,-0.25995,-0.778,0.27161,0.40856,0.1984
0,9.5985,0.094723,3.2456,-0.26318,0.17375,-0.23334,-0.64902,-0.038058,-0.5964,7.974,5.3482,1.3794,0.043097,-0.19907,0.052872,-0.57313,-0.69041,-0.63209,6.3012,-2.3652,1.7651,0.067085,0.16521,0.24933,-0.34726,1.0033,-0.74284,-11.016,3.9375,-2.3281,1.2101,-0.000359,-0.80412,0.81896,-0.2966,0.30615,-12.515,-27.794,-32.959,2.7277,1.2544,0.73893,0.89793,0.88652,-0.1333
4,6.6218,-1.6074,-0.77852,0.12659,0.40861,0.28875,-0.81967,0.11018,-0.47005,4.0826,6.0212,4.4187,0.005765,0.56506,-0.21077,-0.42384,-0.90791,-0.51762,0.17122,-7.8373,5.4041,0.1681,0.37824,1.636,-0.21833,0.50424,-0.62553,-6.3169,5.93,-3.5135,0.45972,0.097764,-0.6002,0.49297,-0.36765,-0.046493,-8.661,-1.1155,-1.0449,0.5485,0.72118,-1.3577,0.62403,0.24449,0.13565
9,5.8439,1.184,1.7577,-1.6931,0.50951,-0.42291,-0.75757,0.46703,-0.073312,10.041,3.7289,-3.1422,-2.435,-1.5641,-3.3581,-0.40134,-0.47924,-0.57559,-1.34,-4.1164,6.7361,0.56492,2.2846,-2.1874,0.006435,0.82015,-0.31712,-4.7411,-2.3808,-1.1631,-0.14586,-0.19255,0.48718,0.68739,-0.39988,0.72783,-8.3895,0.050691,1.0109,1.7812,0.5698,1.6751,0.75156,0.11162,-0.46909
0,8.6092,-0.40652,4.5708,-0.25492,-0.074252,-0.14662,-0.7935,-0.10748,-0.91935,8.5629,3.85,4.0491,-0.32653,-0.35697,0.011728,-0.79245,-0.65906,-0.27357,7.763,-1.7508,1.8532,-0.11138,0.31082,0.15979,-0.67512,1.1832,-1.1773,-9.7488,-0.96965,-2.6158,0.66331,0.049944,-1.0557,0.58774,-0.38871,0.31262,-6.9185,0.22247,-0.52637,-0.25988,0.086627,0.84605,0.27076,0.69345,0.37707
0,9.3687,-0.20635,3.4939,0.77955,-0.096805,0.23284,-0.59054,0.16969,-0.67214,10.82,1.8235,1.8296,-0.38873,-0.37872,2.0611,-0.51867,-0.3477,-0.96085,10.624,-2.4855,2.2332,1.6143,0.67591,2.0533,-0.52134,0.80288,0.44688,-9.4729,-1.4081,-3.6326,0.99402,-0.35314,-1.4735,0.54689,-0.58961,0.36945,-13.577,-4.4976,-0.93191,-1.3309,0.004589,-3.0552,0.91818,0.59172,-0.089724
9,8.7176,1.5096,1.5776,0.34224,0.13359,0.30487,-0.68386,0.089145,-0.68485,-1.0084,6.4671,0.35413,-1.1988,1.6788,-1.7765,0.51818,-0.27149,-0.79916,2.0854,-5.8704,6.638,0.062051,-0.22429,0.87058,0.19897,0.77338,-0.51467,-8.265,1.2787,3.0978,-0.83304,-0.45829,-0.23222,0.72715,-0.54248,-0.28282,-9.9457,-3.2753,-0.74325,-0.23896,-0.79114,-0.38606,0.85222,0.57019,0.11949
6,8.5679,0.44218,4.0636,-0.14689,0.28573,0.18055,-0.8952,0.34917,-0.10559,3.1972,7.0188,5.8846,-0.18422,-0.18173,0.17249,-0.84344,-0.34565,-0.53872,1.3894,-4.0969,8.7055,-0.085132,0.18732,-0.049384,-0.65544,0.6527,-0.58923,-2.7061,2.706,-0.4504,-0.69667,-0.26955,1.3936,0.64333,-0.51845,0.075254,-7.7723,-11.976,-7.489,-0.17911,-0.24902,0.59497,0.72982,0.3996,-0.1011
0,9.5011,-0.3419,4.0867,0.36824,-0.14177,0.22368,-0.58177,0.16048,-0.67832,10.976,2.9768,2.1329,-0.16394,-0.53938,2.3287,-0.55162,-0.13439,-0.8826,10.453,-3.137,2.0888,1.7072,0.2954,2.0454,-0.55957,0.82898,0.31685,-10.508,-0.39247,-3.9051,0.7136,-0.4462,-1.3223,0.50498,-0.65024,0.33313,-15.273,0.27727,-1.553,-1.9652,-0.079534,-3.1082,0.95652,0.51525,-0.093342
6,8.9687,-2.5196,3.648,-0.22077,-0.25488,-0.15934,-0.88315,0.4857,-0.033865,-2.3923,5.1539,7.8035,1.1058,0.66733,0.10261,-0.29675,-0.23553,-0.8978,-0.93292,-4.1074,8.5325,-0.34678,0.18509,-0.14363,-0.21513,0.76949,-0.53207,-5.954,6.1868,0.84693,1.028,0.01103,-2.1185,0.4554,-0.58449,0.28736,-9.3041,-9.2455,-2.1063,0.30735,0.12391,-1.7938,0.56411,0.55803,-0.39193
5,7.8774,1.3288,4.922,-0.088283,0.009491,0.1116,-0.55781,-0.26171,0.012268,6.57,4.2312,5.5067,-0.023415,-0.16473,0.004221,-0.88769,0.097645,-0.24251,6.2914,-5.684,5.0787,-0.033114,0.18568,-0.056448,-0.89281,0.093046,-0.57137,3.7934,6.1371,0.58847,0.55996,0.38703,-0.43408,0.31421,-0.5718,-0.26068,-0.61761,-11.026,-2.5445,1.2814,0.62515,-0.62045,0.38797,0.33631,0.26323
1,8.7405,-0.44254,3.1631,0.32866,-0.26425,-0.12045,-1.0582,0.12441,-0.51655,0.95873,7.7731,6.3352,-0.030011,0.42714,-0.60021,-0.11619,-0.58147,-0.83776,0.33653,-6.8367,7.2332,0.08031,0.31063,0.36054,0.29603,1.0394,-0.80697,-9.6935,0.14351,-1.8682,-0.15382,0.014783,-1.3541,0.62259,-0.43649,0.35162,-5.0975,0.69184,-0.943,-1.2596,-0.14553,-0.17281,0.27712,0.76809,0.092969
8,5.9546,-1.8819,1.9551,-0.044349,0.33335,-0.15837,-0.72547,-0.33616,-0.29492,4.8656,2.1586,2.7827,-0.023458,-0.25552,0.081405,-0.38396,-0.57338,0.39754,2.8205,-3.1104,2.3466,-0.93997,0.015953,0.072075,-0.41836,0.008872,-0.65446,-7.5166,0.12478,-0.63616,0.49304,-1.1982,0.34507,0.51148,-0.31581,-0.42832,-7.4686,3.6163,-3.0418,-1.0825,-1.9335,-0.088881,0.42504,0.19213,0.6307
8,-1.8898,1.1594,-1.6039,-0.12825,-1.3158,0.29653,-0.78979,0.3334,-0.28798,0.87052,0.71258,-0.75622,-0.82828,0.58224,0.27385,-0.615,-0.18862,-0.23045,2.9654,1.8125,-0.083005,1.379,-0.14981,-1.1686,-0.74399,0.31496,0.10718,1.0371,-6.0877,2.4433,-0.11144,0.26907,-0.099778,0.6477,-0.15294,0.4542,-1.2964,4.7528,1.3188,0.63287,1.0433,-1.0425,0.58518,0.21678,-0.28964
0,9.1771,-0.37922,-0.44134,0.035313,0.56237,0.28682,-0.75322,0.16338,-0.65145,4.7731,8.9843,0.93871,-0.15175,0.35043,-0.041089,-0.43057,-0.35095,-0.53496,5.6686,-4.9358,5.8352,0.29136,-0.23531,-0.087388,-0.19587,0.72103,-0.92124,-12.154,-3.763,-1.9557,0.66105,0.18289,2.9904,0.63589,-0.62657,0.091729,-9.1975,-1.5766,-0.69168,0.11582,0.32796,0.77633,1.0822,0.3545,-0.23863
2,5.7233,-2.6232,0.67257,-1.1102,0.65168,0.28557,-0.8887,0.075642,-0.47255,3.6961,5.4606,1.9222,-0.31302,-1.2813,-1.0547,0.31147,-0.71062,-0.31539,-7.0497,-3.7751,2.2647,0.007011,1.1385,0.24569,0.04935,1.1414,0.20854,-3.3307,-10.55,-1.5912,0.19052,-0.068753,0.53665,0.57386,-0.50102,0.46832,-16.686,-10.268,2.0692,-0.77346,-0.3224,3.95,1.0484,0.27424,-0.062165
6,9.3752,3.0741,-0.79635,-0.17558,-0.18484,0.11519,-0.71496,-0.11645,0.4568,0.55659,2.3348,9.2227,0.060533,-0.01359,-0.02133,-0.42407,-0.034979,-0.65572,1.0337,-1.2623,9.6306,-0.064207,0.13461,-0.025075,-0.51718,0.447,-0.57715,-10.003,3.8657,-1.2899,-0.048686,0.23778,0.92612,0.65638,0.074952,0.17387,-3.0886,-6.7773,-2.2356,-0.67067,0.004692,1.3646,0.4884,0.60635,-0.16828
6,8.328,-0.26879,1.8258,-0.24817,-0.51614,-0.83657,-1.0252,0.46175,0.064548,-2.016,9.4552,2.3266,1.398,0.74134,-0.52879,-0.46811,-0.79005,-0.59693,1.4094,-1.0289,8.9804,0.48328,-0.60021,-0.083364,-0.54831,0.48804,-0.71861,-13.316,10.549,-1.1043,0.24653,0.030762,-1.9437,0.61277,-0.24731,0.27368,-7.2139,-3.8616,-0.46743,1.0288,-0.31053,-2.372,0.48054,0.56698,-0.35388
1,5.73,-0.27139,3.1898,0.22523,0.89012,-0.4389,-0.74501,-0.088243,-0.75397,0.26706,4.7517,6.3339,0.22288,0.33277,0.23826,0.17962,-0.59603,-0.8897,0.34049,-5.6628,6.6713,-0.21663,0.006109,-0.48807,0.22905,0.53458,-1.0835,-9.1844,1.0904,2.2136,-0.23967,0.38557,-1.8325,0.4148,-0.6306,-0.049495,-11.229,0.20163,0.089299,0.96634,0.27481,-2.752,0.39375,0.62851,0.070866
1,8.1477,-0.37641,0.91403,0.53186,0.076594,-0.31856,-0.7924,0.0544,-0.42238,4.1682,7.5863,2.9889,-0.14236,0.25396,0.36661,-0.29254,-0.2727,-0.55918,3.4361,-5.9929,6.3766,0.31856,-0.48201,-0.25455,-0.091518,0.91924,-0.80615,-8.8494,0.94645,-1.5854,-0.13464,0.25939,-1.3508,0.62465,-0.53502,0.33352,-9.8973,1.5559,0.055926,1.7314,0.64611,-1.9613,0.87876,0.90179,-0.12181
7,9.5496,-0.78565,-0.76394,0.065136,-0.78621,-0.019204,-0.86612,0.058899,-0.5172,2.4643,-0.56061,9.0715,0.34249,-0.74416,0.21114,0.29566,0.22855,-0.87898,0.89807,-1.3984,9.6899,-0.24532,-0.62722,-0.2716,0.38977,-0.18994,-0.84885,1.0177,9.4314,0.20467,0.045899,0.08212,0.36596,-0.62149,-0.72759,-0.20378,2.1549,-9.3151,-1.7118,-0.074248,0.018201,-0.35775,-0.69275,0.68706,0.10909
9,10.149,0.61604,-0.67809,-1.4518,0.29806,-0.87981,-0.86323,0.19232,-0.51496,5.9421,9.0449,5.2318,0.19488,-1.3919,0.62127,-0.37159,-0.71785,-0.65052,14.763,-18.325,14.174,-4.4848,1.6702,0.90504,-0.3255,0.51814,-0.81047,-12.756,1.9829,-8.0193,0.67868,0.33793,-0.066805,0.73609,-0.43348,0.67696,-8.6276,5.2114,1.0397,0.43744,-0.36071,-0.03837,0.57552,0.93459,0.016159
9,7.0161,-1.4636,0.098084,2.2136,-0.54424,0.82526,-0.98326,0.60776,0.22762,9.3516,0.92493,0.58547,0.27467,0.12006,-1.1865,-0.94833,-0.35908,-0.37579,-4.5948,0.74851,-6.2785,2.7732,-3.2959,0.052819,-0.50557,0.8625,-0.43711,-11.418,4.2992,3.7337,-0.24351,-1.5534,-0.18523,1.0869,0.10741,0.34909,-4.5999,-8.7759,3.6863,-4.4013,-0.65853,-1.0945,0.87876,-0.61574,-0.28786
0,6.8045,-0.34082,3.634,0.55087,-0.31547,0.11491,-0.62725,0.09986,-0.65958,8.8401,2.6591,2.1818,3.5451,-0.18859,1.8062,-0.7657,-0.28431,-0.86544,7.0572,-1.5607,0.68998,0.54641,0.42465,1.5878,-0.30357,1.1634,-0.19788,-9.3613,0.82657,-2.165,0.41772,-0.38751,-1.4892,0.64668,-0.49176,0.34313,-7.5089,3.1174,-1.9206,0.50785,-0.30763,-1.589,0.6831,0.73739,-0.17057
7,10.097,0.50038,-0.024912,-0.076444,0.8014,-0.043506,-0.66962,-0.25674,-0.63098,4.0662,8.3148,3.8064,-0.001141,0.085669,-0.18068,0.35511,-0.76282,-0.42807,5.3618,-1.1992,7.7442,-0.4194,0.2938,0.005034,0.23746,-0.024287,-0.92169,0.8452,8.7004,3.7937,-0.1175,0.090758,-0.28329,-0.68756,-0.57596,-0.36502,-1.0947,-9.6007,1.8342,-0.039371,0.10263,0.20285,-0.55873,0.79245,-0.08346
3,9.8282,-1.5274,0.71625,0.55193,-0.03991,0.020144,-0.78173,0.064985,-0.4758,6.4055,5.3551,4.6975,-0.052548,0.1973,-0.59324,0.085186,-0.36356,-0.16297,4.0786,-7.42,5.5687,-0.14504,0.13448,0.67013,0.016906,0.52571,-0.62565,-10.159,-1.3614,-1.3587,-0.13643,0.092078,-0.77772,0.71482,-0.41869,0.19873,-9.5286,-2.9525,-0.93389,-0.023011,0.17673,-1.4909,0.64247,0.6382,0.22724
1,4.7745,-0.86567,1.2855,0.61557,-0.38014,-0.13618,-0.89194,0.10917,-0.49737,4.5275,3.6122,2.5948,1.4915,0.33121,-0.16531,0.28119,-0.2216,-0.63542,4.9287,-2.3331,1.5869,-0.18429,0.54964,1.3827,-0.77931,1.0817,-0.030892,-8.9663,0.32374,-2.6176,0.66649,-0.15908,-1.757,0.72534,-0.252,0.47067,-5.7261,2.1872,-0.91639,0.65729,0.50081,-2.0913,0.91806,0.76907,-0.43727
7,10.861,0.057102,0.75925,-0.20425,1.0525,0.071221,-0.76036,0.011925,-0.65972,5.9314,1.0735,8.0233,-0.29325,-0.026473,0.2084,0.028156,0.087459,-0.94286,5.3813,-3.9821,9.495,0.13078,0.22093,0.17937,0.072025,0.11733,-0.93995,1.1225,9.3508,1.2283,0.16094,0.1171,-0.69406,-0.57566,-0.73562,-0.28235,1.9752,-9.2385,-0.47726,-0.00561,-0.030586,0.65856,-0.65053,0.73494,0.013041
9,9.0381,1.6083,1.162,0.08065,0.09692,0.135,-0.96537,-0.30232,-0.25578,4.6364,8.8229,0.96125,0.6195,-0.6078,-1.8367,-0.30352,-0.94525,-0.011291,8.6285,-9.071,7.1952,-7.0059,2.9516,0.95608,-0.58163,0.17296,-0.79775,-9.5299,-3.5252,1.9772,-3.0364,0.29465,-0.54927,0.92349,-0.29461,-0.39806,-9.7404,-1.3672,-1.5397,-0.58051,-0.19149,-0.21091,0.91239,0.17487,0.45724
5,9.3771,-2.4836,3.5871,-0.22599,-0.20462,0.1931,-0.6281,-0.081117,0.073993,6.8224,5.2288,4.7638,-0.14568,-0.096735,0.20988,-0.88014,0.075266,-0.19462,4.9077,-7.3099,5.4754,-0.056639,0.19726,0.057756,-0.7655,0.19938,-0.67063,8.1485,0.48582,-0.34463,1.0233,0.23587,-0.44045,0.29564,-0.56746,-0.28947,0.021622,-14.911,-2.8794,-0.057055,0.52809,-0.76051,0.36945,0.35603,0.28025
9,5.8927,0.055858,-2.6664,-0.45772,2.2975,-0.41561,-0.83389,-0.41448,-0.18505,-1.2857,9.7047,2.0826,0.43593,-0.92845,-3.1118,0.071063,-0.91009,0.17927,0.027138,-8.3278,-6.199,1.4382,-4.0865,3.1564,0.018018,0.78121,-0.47743,-8.0259,1.2783,0.021917,-0.78651,-0.49235,0.97115,0.66676,-0.46238,-0.42244,-7.9498,-3.0553,-1.3523,-0.22963,-0.51941,0.8474,0.50922,0.35079,0.70798
3,8.0876,0.58666,0.69058,-0.77303,0.31463,-0.1339,-0.80509,-0.25287,-0.44023,3.8615,8.1972,2.3856,0.3033,0.22351,-1.3884,0.71332,-0.40828,0.020771,7.3497,-2.4226,6.0906,0.13183,0.98358,0.84499,-0.28433,0.19718,-0.67227,-8.5691,6.045,-1.7679,-0.42704,0.062365,1.2855,0.69393,-0.64269,-0.22621,-9.4555,0.16704,-1.2869,-0.45149,0.081193,0.31875,0.69657,0.18943,0.6861
5,7.5493,-0.22428,3.4163,0.0887,-0.20397,-0.22913,-0.6678,-0.10026,0.051088,4.968,5.9439,4.9554,0.17701,0.25554,-0.065399,-0.84823,-0.38966,-0.21272,4.1487,-7.8591,5.3303,0.25346,-0.042059,-0.14494,-0.68209,0.44782,-0.68481,5.4774,0.64233,1.6823,0.71011,0.66462,-1.8509,0.23733,-0.55217,-0.34652,-5.0641,-11.664,0.96345,-0.57964,0.51328,-1.7954,0.38963,0.30995,0.12408
3,8.4276,-0.25456,-2.8321,-0.52082,-0.35777,-0.090833,-0.90661,-0.21969,-0.20782,6.3647,5.6388,3.7613,0.18878,-0.98207,0.57034,0.42084,-0.72282,-0.45315,8.0067,-4.4399,2.1437,0.13265,-0.092542,-1.5046,-0.33845,0.46465,-0.48877,-10.597,2.1984,-0.94044,-0.40881,0.12396,0.3927,0.84788,-0.30649,-0.42271,-7.6217,-4.8889,-0.45071,-0.065228,-0.8153,1.3044,0.6943,0.58129,0.53823
6,9.8007,0.82685,-1.2261,-0.16931,0.047451,0.38478,-0.95781,0.43544,0.40617,-1.7934,6.2766,7.4313,-0.22755,-0.21422,0.042272,-0.46268,-0.34121,-0.84292,-1.2103,-0.92157,9.7239,-0.14296,0.13038,-0.003806,-0.38283,0.48433,-0.82189,-6.3625,7.5475,-1.4337,-0.4703,-0.03812,2.0143,0.43026,-0.51732,0.34963,-7.458,-9.8918,-1.5392,-0.44417,-0.24121,2.244,0.49291,0.67654,-0.24176
3,7.6456,-0.81386,4.7899,-1.1817,-0.37438,0.023095,-0.70084,-0.038356,-0.64086,1.8802,3.734,7.1997,-0.059382,0.85568,-0.1048,0.30152,-0.44808,-0.7909,4.148,-2.6812,7.0066,-0.13866,1.0156,0.91621,0.03787,0.27075,-1.0329,-7.8949,3.4914,-2.8416,0.28353,0.069326,-0.79377,0.81869,-0.13139,-0.46215,-7.1065,-3.1994,-0.15671,-0.15675,0.007324,-1.8615,0.71371,0.7479,0.20678
4,10.533,1.0292,-1.5606,-2.2076,0.1335,-0.047069,-0.96543,0.023846,-0.31797,-4.6563,7.1806,2.1204,-0.95237,-0.50958,-2.0618,0.013435,-0.7974,-0.68406,-0.84351,-8.221,4.9559,0.20672,1.6833,1.9874,0.47847,0.51749,-0.77148,-18.333,8.041,-2.6706,0.95079,1.2472,4.2279,0.45421,-0.41611,-0.033227,-13.497,-0.40754,-2.1385,2.1058,0.4889,1.3189,0.50216,0.33416,0.14502
0,9.4124,-1.3382,4.8157,0.004145,-0.010835,0.12377,-0.61834,0.16192,-0.63121,10.119,3.2872,1.9319,-0.51641,-0.040253,0.9331,-0.92936,-0.43422,-0.75469,7.1168,-2.1079,2.0563,-0.22447,0.053406,0.36471,-0.14527,1.0399,-0.32264,-8.8299,-0.35983,-3.0798,0.024514,-0.10224,-1.046,0.8114,-0.20241,0.43364,-9.2298,-10.881,-1.6854,-0.61309,0.32795,-0.9038,0.7798,0.75174,-0.1634
0,9.7542,1.0541,2.6474,0.001401,0.012137,-0.17969,-1.0553,0.019865,-0.59186,2.2365,8.381,6.0143,0.069553,0.6338,-0.33171,-0.31452,-0.64942,-0.82081,2.1343,-6.3951,7.2888,0.083099,0.15751,0.38903,0.072597,0.96797,-0.97369,-9.3785,6.4972,-4.5457,2.2987,-0.33859,-0.077023,0.041077,-0.7775,0.21643,-9.5334,-3.1857,-1.9785,-0.22528,0.031867,1.0546,0.81653,0.32782,0.04564
5,9.8592,-0.55513,2.022,0.22167,-0.28272,-0.19081,-0.58871,-0.1592,0.18634,2.8426,0.21254,9.1013,-0.02199,-0.021503,-0.032816,-0.2985,-0.1605,-0.23784,1.5187,-0.99471,10.153,-0.00745,-0.06825,-0.082793,-0.61845,-0.11995,-0.52184,-5.8971,15.834,0.30127,0.54239,0.335,-0.99403,0.47094,-0.50824,-0.060672,3.2257,-6.7967,-1.1574,0.20831,0.18324,-1.1477,0.14326,0.52822,0.29047
2,23.704,-0.72046,0.17627,0.99251,2.267,0.31611,-0.75042,0.16059,-0.50983,2.9549,8.6628,6.7649,-0.49945,-0.42345,0.34053,-0.072075,-0.11721,-0.6881,1.3443,-5.7166,9.564,-0.052738,-0.39319,-0.67576,0.38526,0.75924,-0.8144,-17.367,-1.1608,-7.7868,-1.4521,-2.2912,-2.7713,0.54539,-0.60436,0.4476,-25.048,1.9814,-7.0298,-0.45876,-0.85875,-3.7339,0.8354,0.66267,-0.17098
1,14.221,-1.0438,4.1479,-0.046828,0.66532,0.036659,-0.71111,0.17826,-0.47311,-1.4817,7.9278,5.7685,0.1118,-0.10672,0.001739,0.060764,-0.14373,-0.63155,-1.2245,-7.0954,7.6042,-0.077718,-0.089519,0.41558,0.54436,0.81557,-0.54394,-11.909,16.35,-6.004,-1.6246,0.51791,-2.483,0.22842,-0.85402,0.2947,-13.753,-5.3174,-1.7583,-0.93327,0.012546,0.79583,1.1284,0.23415,-0.05191
0,8.2041,0.32522,3.9532,-0.43278,-0.027447,-0.21095,-0.70728,-0.022888,-0.98922,9.3369,3.4132,2.6521,-1.2894,0.44211,-0.96395,-0.88429,-0.78585,-0.31858,8.8236,-4.3033,3.29,-0.69635,-0.51236,-0.85467,-1.3735,1.5201,-0.14287,-15.512,-3.8173,-1.4455,0.25051,0.45428,2.7022,0.46329,-0.54118,0.36928,-9.0298,1.8224,-2.3655,0.24789,-0.20708,1.6966,0.45507,0.65128,0.24291
3,6.5133,-0.17119,-0.88689,-0.43045,-0.4413,0.14351,-0.89828,-0.10669,-0.34987,4.4837,6.0021,5.2209,0.11265,0.057194,-0.69615,0.43808,-0.53418,-0.061121,4.5143,-5.9145,6.1868,0.074773,0.66691,0.39185,-0.12982,0.49621,-0.61588,-4.2042,-3.064,-0.63853,1.085,0.29663,1.8382,0.88883,-0.21694,-0.20367,-5.1061,-4.9589,-2.1966,-0.46743,0.23532,1.7295,0.5357,0.80683,0.52635
0,8.5541,0.64817,3.3783,-0.29877,-0.17811,-0.1014,-0.5847,0.11819,-0.6814,0.3255,7.7751,4.995,0.26755,-0.39483,0.45832,-0.01897,-0.25349,-0.6459,1.0895,-5.2228,8.493,0.090093,-0.6451,-0.41839,0.3336,0.74999,-0.8244,-15.394,-3.3943,-3.9819,0.57552,0.80699,3.1836,0.74334,-0.37592,0.4123,-10.322,2.2697,-4.588,-2.3824,0.38134,1.7394,0.76862,0.64744,-0.12876
6,9.5365,-0.1467,-1.4772,-0.18036,-0.093116,0.2962,-0.96651,0.41388,0.41118,-1.856,6.587,7.5762,-0.1022,-0.12184,0.13762,-0.41788,-0.35224,-0.88399,-0.29346,-0.92766,9.8249,-0.11755,0.05081,0.043994,-0.48269,0.46353,-0.80121,-4.8277,9.8435,-3.0875,-0.38365,-0.037338,2.4545,0.38632,-0.57803,0.35984,-7.2925,-10.11,-2.4933,0.16475,-0.48323,1.9223,0.53448,0.62651,-0.26342
2,-1.5673,1.4834,-2.0948,0.33908,-0.19362,-0.60717,-0.84767,0.13448,-0.46181,-5.9296,5.4766,-0.008783,0.45177,0.26459,-1.1973,0.17907,-0.37644,-0.49632,3.3435,7.2988,-1.091,-1.3135,0.024547,-2.7198,0.093541,1.0044,-0.447,-2.5912,11.356,0.12856,-1.2883,-0.21764,0.29138,1.0429,0.012394,0.25534,-3.4995,-23.397,-5.2799,3.3576,3.2209,-0.50577,0.96901,0.86298,-0.33155
6,9.9456,0.48149,0.035706,0.43097,-0.027545,-0.37241,-0.787,0.29235,0.24451,0.18703,5.7392,8.4633,0.30631,0.24973,0.12684,-0.35035,-0.19864,-0.69194,1.1857,-4.7974,8.5584,0.12965,-0.079354,-0.10604,-0.42022,0.71064,-0.35266,-8.1218,6.7406,-3.2551,-0.18947,-0.12281,0.33485,0.60383,-0.098371,0.26778,-2.1146,-6.6192,-2.0799,0.30347,-0.17932,0.1956,0.45806,0.69174,-0.001832
9,4.6076,-6.6054,-5.5102,-1.0391,-0.87089,-0.3253,-0.81795,0.58868,-0.17459,4.0386,7.9594,0.29367,1.7689,1.0689,1.1546,-0.13954,-0.89789,-0.004546,-1.5921,-8.6415,0.54695,1.8572,-0.50565,4.0634,0.04211,0.92003,-0.24702,-9.4106,1.5896,-2.6823,0.008516,0.075193,-0.1598,0.73566,-0.56165,0.001211,-8.4627,-4.7167,4.1914,-0.3014,0.15229,0.22692,0.72948,0.58191,-0.035183
6,9.9334,1.1253,0.013111,-0.19781,-0.14918,-0.019097,-0.7774,0.23561,0.31974,0.18831,3.8903,9.0837,0.064685,-0.04308,-0.23824,-0.40119,-0.11857,-0.68091,3.0237,-0.57659,9.2771,-0.009521,0.024548,-0.30202,-0.52009,0.48401,-0.53059,-8.5208,8.3415,-3.0989,-0.13842,-0.081051,1.2341,0.5953,-0.156,0.31493,-4.9185,-6.2188,-2.9239,-0.33163,-0.77092,1.346,0.52817,0.60963,0.008768
7,9.2147,-0.50697,5.0257,0.35096,-0.51672,-0.048475,-0.48669,-0.009745,-0.83344,-4.5299,8.0068,-1.1217,-0.45189,0.29567,0.62015,0.74504,-0.57794,-0.14987,-2.7248,-3.0227,9.1105,0.46985,-0.27779,-0.60873,0.50084,-0.15947,-0.81672,0.56083,10.982,4.5104,0.14875,-0.21144,0.61676,-0.5974,-0.64827,-0.39338,-0.5337,-9.5731,0.39202,0.012077,0.030335,-0.75817,-0.44461,0.86514,0.019723
3,13.593,-1.6908,3.1679,-0.53216,0.18591,-0.42539,-0.76619,-0.057666,-0.57554,1.5227,5.8103,9.5971,-0.11647,-1.1625,0.77809,0.98887,0.14147,-0.25663,-1.78,-3.4226,9.7302,-0.89872,-1.3588,-1.1297,0.37721,0.13607,-0.54964,-13.519,-1.161,0.001835,2.2407,-0.7017,-1.0563,0.88199,-0.19338,-0.29399,-8.0622,-8.4193,0.82189,0.26281,0.24318,1.8122,0.51116,0.89194,0.14379
4,12.244,-2.1745,-0.47126,1.0217,-0.1154,-0.13088,-0.9905,-0.026478,-0.29367,-8.5021,8.7425,1.1415,0.40659,-0.094285,2.661,0.18588,-0.74933,-0.61094,-2.6344,-7.9935,7.372,1.0891,-0.94535,-2.6604,0.44957,0.39236,-0.94077,-13.108,6.2143,-2.0909,0.28987,-0.72155,-1.1187,0.62102,-0.16777,-0.085945,-9.5349,-5.4958,-0.91086,1.3068,0.80558,-0.26505,0.31154,0.37037,0.10291
5,9.3852,-0.7213,3.2039,0.096915,-0.054817,-0.033795,-0.59701,-0.1912,0.12849,2.815,0.52221,9.304,0.036097,-0.013836,-0.001274,-0.28391,-0.15554,-0.23738,1.3294,-1.1632,9.6135,-0.031013,-0.038445,0.006429,-0.62106,-0.10883,-0.52242,-2.6199,8.7009,-0.71551,0.57678,-0.073252,-2.0679,0.29777,-0.58683,-0.17335,-2.1284,-13.618,-3.5923,1.0729,0.46163,-1.494,0.32399,0.4428,0.26614
0,8.2303,-0.25452,4.3381,0.16944,-0.2577,0.18664,-0.76328,0.026419,-0.94983,7.7058,2.3881,1.6363,0.010414,0.45141,-0.48866,-0.65042,-0.75146,-0.78228,8.6656,-3.2616,3.6044,0.43742,-0.16575,0.007612,-1.4459,1.5646,0.17647,-6.8767,-5.9076,0.87602,0.36832,0.49007,-0.9301,0.096489,-0.85042,0.081587,-9.5565,0.34545,-2.2664,-0.85081,-0.13661,0.86346,0.74404,0.29977,0.2973
4,21.72,0.21018,5.9201,2.3955,-1.0145,0.61046,-0.74524,0.018474,-0.63111,-1.7812,8.8081,1.7951,0.49618,0.64787,-1.052,0.3005,-0.70735,-0.06816,-7.3771,-10.005,5.6479,-1.0076,0.49296,-0.003084,0.46443,0.46128,-0.56197,-16.504,-0.21386,-4.7376,0.089336,1.062,-1.7259,0.55021,-0.20143,-0.18664,-14.315,-1.1059,0.35117,1.6735,0.7423,-1.7463,0.36659,0.37888,0.10535
7,6.7706,0.88131,7.6967,-0.19874,0.55315,0.13615,-0.39553,-0.046949,-0.88435,-7.1013,6.6414,0.74676,0.24081,-1.3021,-1.3631,0.67841,-0.58714,-0.34538,-4.5928,-4.8983,8.186,-0.68972,0.089072,1.3763,0.46733,0.056749,-0.83789,-6.5768,21.92,9.588,-0.28178,0.37827,-0.26903,-0.18342,-0.80823,-0.48543,-8.5446,-20.655,2.2733,0.12946,0.15741,0.90043,0.055461,0.96854,0.041917
6,9.7643,2.1269,4.3657,-0.64489,-0.27104,0.14039,-0.91364,0.39155,-0.13662,-1.2285,5.103,8.81,-0.098403,-0.23249,0.064279,-0.45283,-0.22075,-0.88863,2.6601,-1.8504,9.171,-0.45497,0.23811,0.035908,-0.52352,0.58278,-0.60233,-11.885,8.811,-0.18086,-0.85128,0.18404,1.4109,0.5872,-0.36349,0.29867,-6.8027,-7.1069,0.32136,-1.1932,-0.26231,2.5354,0.40125,0.69788,-0.37369
0,8.2939,-1.4132,2.1011,0.60153,-0.23743,-0.19172,-0.75982,0.13588,-0.63659,6.9442,4.9379,0.56909,0.4625,0.21488,-0.3347,0.080491,-0.97804,-0.55849,8.7485,-2.7342,0.79705,1.0691,-0.037569,1.5932,-1.1713,1.0233,-0.21187,-9.564,-1.1977,-2.1604,0.9799,0.089498,-1.0868,0.93869,-0.33306,0.3404,-7.0219,4.6005,-0.49145,1.2222,-0.11456,-1.4968,0.79418,0.98104,-0.40396
3,7.9907,1.7661,-1.101,-0.40225,0.04674,0.013908,-0.87935,-0.14393,-0.38203,6.0988,4.2623,6.1105,-0.16703,-0.082383,-0.21454,0.17527,-0.47565,-0.29227,7.2696,-3.2183,5.2611,0.33953,0.2767,-0.33271,-0.36366,0.40611,-0.65158,-8.9854,0.37416,-0.16866,0.39089,-0.060166,1.3863,0.90617,-0.050217,-0.2563,-7.5646,-4.5651,-0.65339,0.22352,0.24593,1.2413,0.69266,0.76217,0.46709
3,6.3533,-0.87465,-3.0296,-0.85225,0.062961,0.001423,-0.9115,-0.23789,-0.12242,7.0615,6.457,2.4506,0.19733,-0.38653,0.49777,0.45321,-0.67976,-0.16433,8.35,-4.6138,2.38,0.079688,0.15426,-0.6059,-0.51496,0.39125,-0.4743,-9.4894,1.4466,-0.060794,0.099612,0.052293,0.95018,0.87004,-0.21093,-0.28719,-7.3231,-4.8758,-0.70408,0.64907,-0.866,1.191,0.76377,0.42821,0.55211
4,7.5922,-0.80057,3.2153,-0.54922,0.1767,-0.074546,-0.67475,0.058993,-0.63148,3.3336,7.0111,2.42,-0.31295,-0.19032,1.875,-0.38136,-0.84361,-0.51667,-1.4666,-7.9236,6.3436,-0.43635,-1.0663,-1.4822,-0.1545,0.56037,-0.56409,-6.9949,-0.64121,0.38025,1.7707,-0.26861,-0.95365,0.51648,-0.27487,-0.071354,-7.8376,-2.4445,-1.3708,0.43439,-0.32457,-0.38889,0.68961,0.13961,0.14521
6,9.7506,0.27473,0.094821,-0.1892,-0.11128,0.1577,-0.75237,0.25756,0.36807,-0.31788,4.2149,8.7049,0.053818,-0.20134,-0.13799,-0.37295,-0.17972,-0.68253,2.074,-2.2523,9.3063,-0.11652,0.18648,-0.13444,-0.48979,0.56771,-0.48073,-7.4063,8.1,-3.3316,-0.049979,0.25044,1.5803,0.58176,-0.22826,0.34335,-6.7033,-6.3809,-5.2644,-0.74412,-0.63093,1.621,0.5807,0.52086,-0.014915
4,9.3744,0.16823,1.053,0.16834,0.306,-0.024645,-0.75086,-0.19066,-0.50151,-7.5835,8.4477,1.8838,0.24417,-0.30448,0.88318,-0.035978,-0.6671,-0.19164,0.71718,-6.1331,8.3691,-0.37591,-0.25302,-0.52236,0.3796,0.5197,-0.91322,-9.8067,-0.16696,-1.2106,-0.12687,-0.18817,0.2449,0.69922,-0.13208,0.054652,-5.1486,-3.7648,-1.5931,-0.92647,-0.12884,1.3307,0.32563,0.51241,0.030333
2,28.895,2.648,1.7624,-0.78696,-7.5397,0.30306,-0.70578,0.1457,-0.5167,-3.1464,10.506,6.9298,-0.18598,0.47948,-0.16745,-0.054046,-0.15432,-0.68092,-3.0453,-10.306,14.334,0.20512,0.16258,0.15229,0.41737,0.73638,-0.75214,-24.193,-0.97074,-4.4083,-0.65469,2.1496,3.0881,0.6693,-0.57518,0.40021,-15.126,1.8333,-7.5022,-5.1646,0.37845,3.3841,0.69909,0.82534,-0.024593
8,9.5404,-4.0831,-1.9176,-1.5147,-1.6519,-0.25323,-0.58123,0.40275,0.41758,8.8513,0.7202,0.52489,-3.3893,0.34393,0.55531,-0.63312,0.19966,-0.29003,6.8722,-0.92186,3.0864,2.4537,-1.0857,-1.0974,-0.7225,0.41752,0.14135,-6.8582,3.6696,0.22643,-0.64554,0.094695,1.3766,0.73197,-0.12011,0.69736,-7.505,-5.7264,1.4458,0.24869,-0.54283,-1.1862,0.68435,-0.19379,-0.34138
2,28.094,2.5019,-2.986,-0.44639,-5.5614,-0.0512,-0.78649,0.15449,-0.45183,-1.9922,10.903,7.9736,-0.32576,0.38422,-0.20088,-0.051272,-0.1578,-0.67778,-1.1688,-8.7685,11.798,0.31135,0.2991,0.15345,0.36363,0.73083,-0.81484,-27.382,1.5492,-5.0504,-0.55615,2.1268,3.7053,0.65612,-0.51969,0.43413,-21.257,-4.8378,-3.2087,-3.5951,-0.3265,4.069,0.76216,0.73419,-0.057237
0,9.6958,-2.5441,5.3592,-0.50691,-0.088524,-0.17784,-0.80587,0.28811,-0.59282,2.9115,9.6278,1.0837,0.079809,0.15981,-0.42024,-0.38624,-0.59086,-0.45809,4.38,-5.4069,7.0821,-0.25187,0.56923,0.22594,-0.014224,0.74195,-0.90721,-9.4932,3.3917,-1.4599,0.85264,0.21877,-0.9195,0.84227,-0.37504,0.1803,-14.318,-11.684,-0.79588,-2.4461,-0.027571,1.1146,0.77147,0.65821,0.036305
4,-7.9436,8.2992,2.7729,-1.6563,-0.79988,1.2981,0.59163,-0.26766,-0.5032,2.3445,9.0593,-3.6038,0.42992,-0.65527,-0.95586,-0.29413,-1.1808,0.18249,-2.1447,-10.028,1.7132,0.15884,-0.81491,1.3272,0.13526,0.71405,-0.59517,-12.751,2.1238,-1.8113,-0.31043,-0.11067,-1.7681,0.60511,-0.27354,-0.12211,-12.844,-0.54839,-1.2647,0.15825,0.66448,-2.0831,0.48869,0.41873,0.17589
8,9.8315,-1.314,0.44773,-0.67737,0.49856,0.23068,-0.7963,-0.37461,0.10379,7.5839,4.1767,2.2737,-0.66728,1.0804,-0.51873,-0.72037,0.12327,0.29401,7.8274,-3.018,2.9205,1.4798,0.20327,-0.46922,-0.59068,-0.38176,-0.14904,-9.7869,0.58556,-2.3953,-0.30197,0.14398,-0.30465,0.4591,0.17783,-0.51152,-10.175,-0.22531,-2.2797,0.74816,0.30825,0.73367,0.43648,-0.39573,0.47593
2,13.33,0.47207,2.2945,-1.0605,0.86765,0.36017,-0.8603,0.11878,-0.4784,11.152,13.017,3.4552,-0.30656,0.35562,-3.8823,0.051219,-0.32492,-0.72294,-4.5983,-5.475,5.7978,-0.5076,0.56024,1.4685,0.83307,0.35839,-0.46184,-10.687,-8.6213,0.78265,1.8571,1.2793,3.0706,0.95408,-0.31379,0.37127,-20.475,0.81059,-2.8718,-0.24893,0.19956,3.4676,1.0439,0.73742,-0.14766
7,7.4868,-0.25697,4.7819,0.14712,0.66586,-0.14747,-0.5554,-0.042748,-0.78977,2.9027,-1.3703,8.1553,-0.3349,0.20691,-1.144,0.3583,0.24208,-0.86703,2.2206,0.3698,7.8356,0.45938,0.11199,1.1205,0.3146,-0.31419,-0.84306,-0.97494,9.0206,1.0777,-0.12712,0.047539,-0.64999,-0.34732,-0.87024,-0.21779,-0.21987,-9.2664,1.4372,0.3636,0.017248,0.72016,-0.39791,0.88706,0.006377
9,9.0324,2.0575,5.1147,0.31045,-0.56942,0.50267,-0.68604,0.27268,-0.34964,-2.1318,6.1463,-7.202,0.31555,1.3162,-0.55555,0.30437,-0.70882,0.24129,2.4957,-11.373,6.0717,-1.1051,-2.3945,-3.3997,-0.097358,0.63475,-0.46318,-9.5649,1.0231,-0.27671,-1.7523,-1.1763,0.41728,0.74192,-0.27905,0.1893,-9.0581,1.2813,-0.83314,-1.128,0.88321,0.36232,0.77707,-0.17228,-0.23382
3,9.0327,-1.7538,-2.8808,-0.14542,0.31925,0.25012,-0.96464,0.16434,-0.39892,4.8091,6.8573,4.5341,-0.29888,-0.027236,0.96192,0.51397,-0.42016,0.002488,1.2609,-6.0367,7.3627,-0.31267,-0.45993,0.049825,0.46178,0.4707,-0.55156,-9.1105,3.4816,-2.1409,-0.22934,0.051056,-1.1945,0.5607,-0.65876,0.13344,-10.129,-1.9099,-0.73485,-0.031928,-0.18198,-0.56302,0.85471,0.39043,0.0586
8,27.493,-4.9722,5.9914,-0.34892,0.72655,-0.055467,-0.71857,-0.35908,-0.27144,24.928,8.0002,0.8323,1.0841,0.090335,0.39677,-0.43416,-0.55808,0.36083,20.465,-10.577,8.9128,-0.27398,-0.12643,-0.43735,-0.28166,0.13035,-0.72119,-17.485,-10.187,-3.3642,0.68187,0.49259,0.052132,0.51176,-0.38054,-0.38281,-20.67,17.448,-3.7597,-0.20111,-0.53532,-0.34973,0.35687,0.24302,0.6467
6,9.7992,-1.2598,1.2902,-0.091921,-0.1958,0.084466,-0.82149,0.38477,0.24143,0.35212,5.0848,8.5833,-0.022499,0.004891,-0.004479,-0.49502,-0.07218,-0.77403,-0.60494,-0.81275,10.43,-0.1796,0.20148,-0.19257,-0.34952,0.51004,-0.67074,-1.3446,4.4206,0.23347,0.14934,0.011784,-0.48936,0.35923,-0.50382,0.44481,-8.7543,-7.4939,-0.76437,0.38459,0.015385,-1.1876,0.60278,0.20194,-0.42354
9,12.458,-1.2629,-7.6055,0.74573,-0.15973,0.56536,-0.46444,0.44837,0.69512,47.228,-23.911,-5.5002,-7.5715,0.79307,-5.4724,-0.93232,0.17382,-0.14354,20.877,-4.9562,-2.1322,0.081984,0.013933,2.6712,-0.66411,0.43803,0.51767,-9.6182,1.1382,-2.0844,0.92518,-0.1165,-0.099554,0.7369,0.13642,0.57131,-3.8726,-5.3716,-1.4782,0.66827,0.76824,-0.6751,0.69124,0.30788,-0.55672
7,9.5705,0.096508,-0.13698,0.13091,1.0142,-0.17662,-0.84567,-0.087706,-0.47168,1.8292,1.9165,10.111,-0.29221,0.25512,-0.30547,0.36084,-0.21604,-0.84714,1.2136,1.5961,10.237,-0.093353,0.1547,0.15094,0.37529,-0.27735,-0.81664,0.477,9.767,-0.15472,-0.15225,-0.18535,-0.51049,-0.46348,-0.81021,-0.21542,1.6271,-9.4257,1.0593,0.27193,-0.025654,0.34813,-0.59011,0.76617,-0.062285
6,9.8389,-0.13774,0.36232,0.32543,-0.053848,-0.43731,-0.74612,0.3368,0.31676,1.4294,3.6385,9.2804,0.48068,0.5796,0.15338,-0.49506,-0.000647,-0.62818,1.8208,-1.1754,9.714,0.1674,-0.36693,0.16585,-0.44037,0.51669,-0.56994,-8.7915,11.148,-3.685,-0.39315,-0.20388,-0.31308,0.57967,-0.090539,0.3029,-2.1688,-1.9742,-0.36415,0.33401,0.24016,-1.0434,0.4734,0.67831,7.4e-05
5,7.7826,2.6078,5.2575,-0.13852,0.14382,-0.020908,-0.62005,-0.235,0.099724,3.8941,7.7373,4.6665,-0.066318,-0.21785,0.00443,-0.80597,-0.47577,-0.26687,-0.036221,-4.0705,8.0816,-0.98468,0.33359,0.023046,-0.46102,0.14263,-0.5744,-0.3604,7.0013,1.3003,-0.18919,-0.57539,1.9114,0.307,-0.49964,-0.36171,-6.5823,-20.568,0.0948,-0.50759,-0.40021,1.4218,0.37157,0.28948,0.15289
6,9.1453,2.4185,0.63679,-0.18281,-0.072583,-0.23815,-0.80295,-0.050457,0.29018,0.37197,2.7656,9.8797,0.15986,0.11945,-0.13877,-0.40084,-0.036261,-0.66463,1.8301,-0.97706,9.4959,0.059493,-0.063354,-0.041866,-0.51748,0.43433,-0.59066,-11.794,11.498,-2.2343,-0.25403,-0.22719,0.18687,0.62373,0.14312,0.13818,-1.1269,-0.48467,1.0855,0.24785,0.36326,-0.86501,0.42912,0.66519,-0.13612
5,8.3445,-1.5293,3.7994,-0.096172,-0.29605,-0.043846,-0.61931,-0.11122,0.10372,6.9607,4.2512,5.5508,-0.061636,-0.1256,0.14231,-0.89203,0.089201,-0.20534,5.4204,-5.9941,5.6752,-0.053956,0.037487,-0.11538,-0.79695,0.17442,-0.66279,3.7799,5.7047,-1.6215,1.0893,0.57982,-1.5515,0.32851,-0.56657,-0.23614,-1.3812,-13.784,-4.2343,1.74,0.11939,-1.221,0.34062,0.39867,0.2651
8,46.347,5.6322,2.081,-6.6291,-4.1895,-1.1768,-0.84309,0.32312,-0.11098,24.36,-4.2698,-3.8033,2.7527,2.4201,-0.30157,-0.61113,-0.09528,-0.26066,28.388,6.0092,-5.1881,-5.9964,2.4695,4.1191,-0.80858,0.12043,0.15,-5.4685,-11.999,-3.675,2.8951,-2.3782,1.2954,0.60945,-0.2845,0.54607,-54.672,-25.441,-4.7622,-0.005282,-3.4221,0.89371,0.62555,0.13772,-0.30576
8,8.3487,-1.7799,-0.44607,0.18666,0.071275,0.21216,-0.63933,0.3432,0.32721,8.0041,2.8844,0.73912,0.020125,0.46734,-0.72615,-0.62451,0.12149,-0.22452,8.7514,-0.73274,2.5493,-0.80772,0.65252,0.41849,-0.78021,0.23551,0.089243,-8.5658,2.1566,-1.7191,-0.78091,0.026822,-0.22749,0.57716,0.018096,0.59845,-9.3767,-1.2554,-0.89873,-0.21959,-0.036031,0.10007,0.62122,-0.20614,-0.24217
6,7.7183,1.3565,4.3218,-1.4149,-0.27463,0.41593,-0.91533,0.39789,-0.090328,-2.5785,5.332,7.353,-0.46831,-0.40357,0.22199,-0.30882,-0.33703,-0.8509,0.92307,-2.6866,8.3649,0.22901,0.29252,0.24295,-0.38635,0.68707,-0.53689,-5.1703,6.4699,1.4377,-0.38733,-0.44717,2.037,0.51953,-0.56978,0.2201,-9.0469,-10.212,-1.8583,-0.045744,0.27182,1.9939,0.55881,0.55637,-0.32339
2,9.0141,-6.9213,-10.687,-3.6938,1.2976,-0.93098,-0.92671,0.29636,-0.46379,6.3053,2.9507,-3.6631,-0.90067,0.031979,-1.6203,-0.8155,-0.55885,-0.13857,5.0874,-6.1792,5.0219,1.1619,-0.90218,1.6608,-0.25879,0.34335,-1.1054,1.7775,-57.652,-10.288,5.3252,-2.002,0.80079,0.51022,-0.74652,0.046456,-25.533,-3.7555,-5.2248,1.4068,1.9654,-3.8188,1.0063,0.37285,0.085046
0,9.4464,-0.67237,3.512,-0.2587,-0.05839,-0.21702,-1.0422,0.051621,-0.62306,2.1555,7.4184,6.1971,-0.000463,0.075206,-0.72301,-0.28687,-0.62841,-0.81856,1.9213,-6.5073,7.1368,-0.11221,0.56056,0.034508,0.068139,0.94208,-1.0348,-8.6808,3.332,-2.8794,0.69155,0.015448,-0.75887,0.54707,-0.41748,0.37016,-10.045,-9.7024,-3.3674,-1.963,-0.15506,0.91136,0.2746,0.70868,0.25258
6,8.949,-1.7814,1.2641,0.72378,0.11751,-0.482,-0.97219,0.5421,0.1792,-0.84875,8.7806,4.2174,0.14634,-0.17666,-0.22673,-0.51953,-0.5518,-0.65343,0.87787,-2.6449,9.2225,0.20716,-0.18456,-0.004569,-0.43334,0.62341,-0.68408,-14.659,14.557,0.46601,0.81031,-0.26701,-1.8085,0.61611,-0.23519,0.27646,-6.5413,-3.5712,-0.56617,0.54385,0.018008,-2.2553,0.4937,0.57381,-0.33033
0,6.7713,-0.60989,4.8113,-0.47759,-0.071243,-0.10408,-0.57423,0.12104,-0.69236,1.7504,7.4018,4.927,0.063226,0.13382,-0.1984,-0.07038,-0.26742,-0.63773,2.4044,-5.2745,6.7243,0.06736,0.33582,0.10684,0.2576,0.70379,-0.90417,-8.1358,0.16201,-2.9022,0.58359,-0.1928,-1.1068,0.68789,-0.42068,0.39529,-5.8386,3.9726,-2.1832,-0.026641,-0.041126,-0.004204,0.69209,0.71249,-0.2011
8,7.3479,-0.96226,-1.3624,-0.29231,0.90085,0.055556,-0.87725,0.081609,-0.6556,1.9764,2.1347,1.3816,-1.3503,0.34919,-2.3157,-0.13253,-0.82514,-0.70607,8.1051,-4.4847,2.5159,-0.49873,-0.18806,-0.44838,-0.63182,0.76856,-0.43295,-8.6441,0.73243,-6.7077,-0.27646,0.79978,0.42556,0.92824,-0.61172,0.06902,-12.588,-2.3236,-2.8709,0.17369,0.5411,-0.68787,0.94217,0.60283,0.29393
8,-1.078,-0.037541,0.5148,0.13443,-0.29115,-0.11224,-0.36569,-0.012721,-0.72308,-0.53377,1.2545,-0.9277,0.079504,-0.067758,-0.23209,-0.49531,-0.48952,-0.2439,-1.0904,0.5436,0.26191,-0.20199,0.14151,0.088411,-0.44503,0.41708,-0.41929,-0.69411,1.245,-1.3461,-0.20197,-0.10969,0.67188,0.62143,-0.33674,0.036964,-0.98716,0.88283,-0.58173,0.22512,-0.14647,-0.86061,0.60167,0.27639,0.30495
5,8.5973,-0.75129,5.8999,-0.09024,0.28279,0.11141,-0.64916,-0.080516,-0.018652,8.1804,3.0302,4.6639,-0.028291,-0.10139,0.038297,-0.91389,0.14489,-0.007334,6.9599,-3.9247,5.8191,-0.044113,0.047434,-0.020285,-0.84578,-0.069962,-0.61487,4.1449,0.90118,2.4968,-0.94614,0.031219,0.65465,0.11057,-0.65807,-0.1554,-2.5881,-16.2,-0.53834,0.30584,0.11328,-0.068094,0.43536,0.35087,0.17504
6,9.1369,0.12116,0.86462,-0.41009,0.87187,0.23525,-0.76812,0.29563,0.30298,2.0379,3.9863,8.8128,-0.15662,-0.12831,0.24583,-0.50947,-0.10013,-0.60882,3.2701,-1.746,9.0047,-0.24028,0.17697,0.055673,-0.57968,0.51377,-0.45446,-0.52083,2.9421,-2.6475,-0.93362,-0.08046,1.072,0.48769,-0.51109,0.33385,-6.8571,-7.2271,-8.5355,-1.1786,0.05647,0.19937,0.62984,0.36904,-0.019653
7,9.4644,-0.95189,0.18991,-0.060833,-0.47583,-0.090019,-0.77875,0.12219,-0.6141,3.4321,-0.69871,8.5613,-0.001605,-1.0615,0.52082,0.351,0.21524,-0.85487,2.1434,-2.3101,8.4144,-0.2419,-0.91207,-0.30633,0.39932,-0.058017,-0.854,1.7791,9.4939,1.5568,-0.05568,0.096326,0.10182,-0.7019,-0.6187,-0.26155,2.7084,-9.5341,-0.43426,0.12208,0.16641,-0.067934,-0.76463,0.60506,0.023748
5,9.0568,0.059007,2.3432,0.1974,-0.51913,-0.28346,-0.58093,-0.17876,0.19489,2.8429,1.2398,9.4729,-0.12006,-0.042408,-0.18984,-0.30304,-0.18254,-0.23098,1.7886,-1.0994,9.6579,0.001211,-0.12932,-0.2224,-0.63508,-0.14608,-0.50178,-6.6002,17.573,-0.28829,0.91497,0.15477,-0.8752,0.49212,-0.50054,-0.054258,4.6923,-2.7564,1.4614,0.57066,0.37584,-0.85166,0.1402,0.54889,0.26188
6,8.4323,0.98288,4.9783,-0.12951,0.1149,0.004193,-0.91822,0.28573,-0.11014,1.8288,8.0215,4.9948,-0.092071,-0.13183,0.10377,-0.757,-0.49895,-0.53242,0.6905,-4.4782,8.7372,0.066367,0.042753,-0.11495,-0.62753,0.68739,-0.56333,-1.1576,0.91214,1.8058,0.52315,0.6078,-1.2829,0.62118,-0.51413,0.128,-8.4483,-9.4544,-4.5347,0.42027,0.28824,-0.83216,0.70844,0.42843,-0.10213
9,11.016,-4.0694,-1.0291,-0.87368,-0.3332,-0.52393,-0.791,0.32194,-0.43204,1.6952,7.5736,8.947,-0.45218,1.0339,-2.3491,0.23415,-0.26533,-0.88377,7.308,-7.9415,6.9099,0.84096,-1.0287,-0.93236,-0.14965,0.75362,-0.50653,-4.16,-12.017,-8.1941,2.3311,2.1629,-0.68456,0.62543,-0.66601,0.014391,-11.55,2.7904,-3.4239,-2.3153,-0.33105,-1.5641,0.78046,0.5768,-0.02102
3,9.6861,0.44202,1.7667,-0.23911,-0.20755,-0.32626,-0.72215,-0.12593,-0.62038,0.13869,7.9265,6.6686,0.65032,-1.2728,0.45091,0.94689,-0.070971,-0.33169,-0.46147,-3.8378,9.47,0.036926,-1.1822,-1.3611,0.32625,0.26266,-0.55073,-10.52,-0.2427,0.27118,1.5305,0.18321,0.27259,0.87962,-0.23604,-0.42472,-6.764,-3.0798,1.7249,0.20799,0.80662,1.4372,0.54467,0.85097,0.20835
1,4.9246,-0.17822,3.2359,0.88984,-0.020864,0.003129,-0.8336,-0.10478,-0.7352,5.7346,2.3903,3.3992,1.439,-0.28167,0.57707,-1.0422,-0.65052,-0.018739,6.4144,-2.6186,1.3623,0.37776,0.49085,2.0937,-0.83498,1.4884,0.076244,-9.6951,0.24166,-2.1128,0.92003,0.3622,-2.0563,0.48491,-0.38399,0.12103,-8.1369,2.189,0.44949,0.34057,-0.033768,-3.0427,0.20599,0.61055,0.095524
1,13.413,0.24093,0.191,-0.21678,-0.060886,-0.20785,-0.78325,0.006531,-0.45059,12.551,4.8639,1.0234,0.084477,0.014369,-0.49547,-0.77818,-0.55454,-0.78595,11.604,-2.6453,3.2125,-0.21394,-0.88048,-2.3526,-0.76224,1.3762,-0.26909,-12.65,9.1611,-1.6981,-0.072247,-0.99025,0.45835,0.85135,-0.16571,0.20022,-3.4705,13.861,-2.3137,0.054607,0.27935,0.76689,0.66385,0.90421,-0.25512
1,6.2334,0.40425,1.4229,-0.52141,-0.70814,-0.005616,-0.89385,0.039441,-0.48165,6.3217,1.9692,1.9754,-0.075883,0.4967,-1.5213,0.38707,0.33339,-1.0309,5.9717,-2.5738,2.4058,-0.10647,-0.2369,-0.24801,-1.0816,0.9232,0.12719,-4.6254,-3.7852,-2.2711,-0.87536,0.35248,1.5508,0.47103,-0.62802,0.40453,-8.5157,0.81037,-2.5616,0.004127,0.015342,1.6918,0.9821,0.3742,-0.034251
7,9.6231,-1.2081,0.75431,0.037147,-0.003912,-0.14973,-0.79865,0.00397,-0.55033,3.4152,1.574,7.8322,-0.075004,-0.34169,0.13295,0.19437,-0.1036,-0.91715,2.6169,-2.1498,8.1022,-0.069052,-0.41175,-0.23175,0.20246,-0.18725,-0.89647,0.85139,9.6399,-1.2694,0.004124,-0.057171,0.023435,-0.64438,-0.70897,-0.090822,1.2433,-8.2879,-4.4155,0.23556,-0.2214,0.031681,-0.69107,0.60633,0.30369
2,2.7451,-1.7635,1.0949,-0.98372,0.35418,-0.008643,-0.89789,0.11932,-0.47513,4.913,-1.622,1.5185,-0.30417,-1.4402,-1.018,0.3332,-0.70668,-0.46104,-8.3777,-1.1209,0.68712,0.038391,0.9532,-0.04882,-0.13641,1.1891,-0.13486,1.7468,-12.168,-2.9907,-0.50021,-0.089326,-0.26275,0.53267,-0.50417,0.47387,-10.175,-12.735,1.5362,-1.3652,0.030492,3.1596,1.0305,0.16743,-0.091424
1,7.3177,1.2254,1.5685,-0.38281,-0.51965,0.22023,-0.90229,0.025411,-0.44852,7.218,2.11,2.0072,-0.86411,0.32926,-0.98792,0.44052,0.89635,-0.87982,6.9274,-2.7357,2.7792,-0.24225,-0.14088,-0.60454,-1.1745,0.81242,0.006906,-5.6568,-2.8011,-1.3634,-0.78091,0.44464,1.3273,0.44724,-0.6484,0.42097,-9.1611,-0.78441,-2.2377,-0.23096,0.082818,1.6153,1.0071,0.36135,-0.00219
3,8.4486,-2.7383,1.1703,0.087571,-0.12456,-0.021595,-0.86178,0.094255,-0.4896,6.6077,2.8667,7.1302,0.099579,0.90447,-0.86842,0.23947,-0.43717,-0.28365,5.5076,-6.3698,4.8229,0.005633,0.43994,0.68386,-0.16465,0.52142,-0.58618,-8.8271,-3.248,-2.1307,0.049742,-0.10771,-0.90499,0.91566,0.026649,-0.36887,-9.2605,-2.559,-2.4952,0.25012,0.48563,-0.95008,0.71263,0.51877,0.63401
8,25.652,-7.2158,4.5739,0.569,-0.73349,0.003691,-0.73121,-0.35174,-0.23171,35.379,6.228,-9.1396,-0.82497,1.1049,0.014389,-0.38407,-0.54375,0.40794,32.305,-6.1436,1.3457,0.52122,0.79527,-0.64257,-0.40892,-0.092723,-0.62894,-19.135,-21.205,5.9369,-0.70063,-0.1598,0.21996,0.5287,-0.24017,-0.4396,-22.073,15.375,3.171,-1.0027,2.6853,0.85703,0.33261,0.19077,0.67828
6,9.0603,-0.17032,2.7703,0.12511,0.025446,-0.21873,-0.93186,0.30374,0.13758,2.2377,1.2789,9.4838,0.069999,0.11333,-0.17119,-0.83145,-0.02025,-0.74117,1.2701,-1.5767,9.4818,0.073206,-0.17364,-0.20311,-0.53919,0.59284,-0.73096,-8.2867,8.1358,-4.526,0.022391,-0.11452,-0.41854,0.62045,-0.081499,0.31123,-2.5395,-5.0245,-0.73151,0.5846,0.32188,-0.96059,0.57096,0.61833,-0.18674
8,5.8513,-2.8995,2.4965,0.32889,-0.46483,-0.094533,-0.73298,-0.3277,-0.27385,4.8252,2.3103,0.90584,-0.99243,-0.38147,-0.16754,-0.3683,-0.5806,0.39066,4.4916,-2.8721,1.9478,-0.79061,0.51833,-0.30598,-0.44514,-0.028033,-0.62408,-8.0462,5.7446,3.4218,0.39428,1.1118,0.13422,0.49167,-0.24851,-0.48806,-5.0949,-1.4422,-1.9963,-0.82885,1.0649,-0.28736,0.43968,0.16671,0.62369
1,9.0455,0.1235,0.88339,-0.23539,0.081111,0.030516,-1.2387,0.071157,-0.16785,8.4038,1.8325,1.0934,-1.473,0.060261,-0.97631,-0.78057,-0.31219,-0.17403,8.3394,-2.1658,2.4957,-0.5312,0.13084,0.14686,-0.44787,1.0445,0.17193,-5.1335,0.67595,-0.33496,0.9274,0.3933,1.142,-0.1707,-0.81064,0.24584,-11.544,1.5248,-1.8214,-0.30823,-0.48391,2.2186,0.82965,0.46027,0.049227
6,9.7623,1.1782,2.0212,-0.3423,-0.021326,0.28316,-0.7937,-0.029301,0.32013,0.85308,1.8625,9.5966,-0.13999,-0.0392,0.056654,-0.42903,0.013443,-0.64667,1.396,-0.6832,9.3473,-0.14923,0.14062,0.02711,-0.49435,0.45188,-0.5906,-12.488,6.6985,-3.2185,-0.35296,0.10892,2.3095,0.69249,-0.024382,0.18076,-9.3541,-8.0219,-3.2564,-1.6757,-0.18297,2.758,0.55816,0.50471,-0.14025
4,7.6326,-3.0724,1.0029,1.3128,-0.30596,-0.12543,-0.82407,-0.31084,-0.55487,-20.897,8.5199,-4.4495,0.41755,0.44832,1.3888,-0.14929,-0.68575,0.14333,5.2848,-0.26717,5.1704,2.8201,-0.53279,-1.5127,0.072932,0.62328,-0.90434,-5.0354,12.912,-0.96603,0.99949,-0.32265,0.82555,0.68483,-0.17196,-0.17397,-3.3506,4.4897,1.6256,0.91655,0.56249,0.86489,0.37793,0.47502,-0.007775
8,10.822,-2.582,-2.2973,-0.034318,0.54388,0.7625,-0.58442,0.38168,0.41755,14.558,0.7539,1.1603,0.2005,0.20356,-0.79739,-0.60984,0.22316,-0.27084,14.671,0.61339,1.0825,0.88132,0.95138,0.86102,-0.78151,0.28313,0.20374,-13.041,-1.8104,-1.9821,0.9514,-0.73491,0.95178,0.65893,-0.06966,0.78285,-8.1464,11.507,-6.6524,-0.39721,0.031978,-1.2814,0.66714,-0.15652,-0.33765
1,10.089,-1.7632,2.89,0.66908,0.55202,0.34007,-0.83571,-0.032095,-0.71531,10.912,2.385,3.859,1.0198,-1.1487,2.0479,-0.84811,-0.72757,-0.14436,11.936,-4.0023,1.5418,1.1512,0.12084,1.8912,-0.56911,0.77974,1.3288,-10.465,1.2532,-3.3474,1.4907,0.40779,-1.6816,0.17352,-0.56989,0.034524,-12.082,-2.6072,-2.8301,1.5584,0.20396,-2.631,0.71051,0.13539,0.11907
2,8.3852,1.21,4.7499,4.4548,-0.21505,0.24723,-1.0605,0.12785,-0.62244,-5.0253,7.7358,-0.022992,0.16756,1.8414,1.1083,0.1709,-0.85203,0.019146,4.196,-3.6528,1.8539,-2.3271,-0.096175,2.2432,0.90312,0.43269,-0.74317,-17.405,15.693,3.2703,1.8176,-2.1974,-3.8828,0.60762,-0.40818,0.35201,-4.399,7.5134,2.8417,1.4865,-0.62499,0.44383,0.27695,0.67193,0.27648
7,8.9646,-0.25151,3.5481,0.048747,0.039897,-0.14904,-0.70802,0.014104,-0.76398,-4.3528,1.761,8.6346,1.1066,0.51413,-1.0871,0.67771,-0.085093,-0.61592,-3.9058,1.675,7.8718,-0.6876,0.31679,0.36813,0.48145,-0.22477,-0.73338,-0.82077,11.807,-1.4768,0.19942,0.10176,0.52315,-0.432,-0.80324,-0.088699,0.11293,-11.509,-1.71,-0.046378,0.039909,-0.50088,-0.46901,0.77469,0.2029
1,6.9372,-0.8589,0.70636,1.0049,0.22858,-0.025084,-0.90713,0.13193,-0.50921,6.6393,-0.1935,2.3573,1.9916,-0.005337,0.19512,0.15047,0.053391,-0.73274,8.2169,-1.6991,1.7799,0.86714,0.60073,1.0945,-0.87248,1.1568,-0.052518,-9.3603,-1.5546,-2.3831,0.92894,-0.20275,-2.204,0.62834,-0.37235,0.46737,-10.831,4.6574,-0.15619,0.98798,0.004726,-2.8213,0.92818,0.61919,-0.23503
4,11.723,1.2129,5.9374,-1.5543,-1.8318,-0.099057,-0.74386,-0.22494,-0.50439,-4.4819,8.6738,5.5307,-0.83879,-0.013437,-2.4022,0.024574,-0.74153,-0.77479,0.69516,-6.3953,6.0485,0.38325,1.043,1.8428,0.38515,0.43048,-0.85529,-12.88,-3.3472,-1.0648,0.14803,-0.049749,2.6336,0.47947,-0.13316,-0.16159,-11.641,-1.5664,-1.5538,1.0881,0.025594,1.8033,0.6224,0.25865,0.068694
6,9.9898,-1.6658,1.1561,-0.073191,-0.092666,0.18689,-0.88032,0.3454,0.30455,3.195,0.81591,9.2798,0.010206,-0.12473,0.096467,-0.91648,-0.007364,-0.66734,0.69586,-1.2106,9.6965,-0.057328,0.18028,0.03223,-0.53936,0.55301,-0.75882,-0.60208,5.035,-0.23727,0.25932,0.15846,-0.079632,0.55756,-0.575,0.18115,-7.3929,-6.3847,-4.0075,0.25113,0.15695,-0.10609,0.7287,0.33615,-0.13524
3,6.8891,-1.8021,1.4794,0.28441,-0.41796,-0.11176,-0.7014,-0.025993,-0.64079,2.8369,2.5476,6.8596,0.21981,0.90761,-0.20924,0.19815,-0.41852,-0.81198,4.3006,-3.269,6.5666,0.24705,0.8732,0.70528,0.007508,0.29867,-1.0193,-8.624,3.9959,-0.41083,-0.82398,0.21904,-0.86933,0.82327,-0.14912,-0.45162,-9.2182,-3.0847,-0.029238,0.24141,0.07064,-1.9317,0.75625,0.67276,0.20658
9,4.6745,1.6194,6.617,1.2723,2.2909,-0.95519,-0.17359,-0.23879,-0.92158,-13.416,6.2015,-0.85207,0.13773,-0.16944,-2.0222,0.76975,0.53206,-0.10715,-0.60306,1.053,7.7828,1.305,0.97654,1.2539,0.6098,-0.49668,-0.4712,-7.7846,0.52034,1.7363,1.074,-0.33241,0.72634,0.7388,-0.1435,-0.50715,-10.056,0.85377,0.49122,0.55942,0.57262,-0.20855,0.76815,0.33628,0.38078
2,-3.1898,7.5344,-3.5596,-1.8437,-2.1564,-0.70794,-0.70366,-0.056876,-0.70634,2.3027,8.6102,2.0231,0.62562,-2.4883,-0.81319,-0.52766,-0.6979,-0.26226,6.6234,-2.5325,1.6233,-0.41776,1.9811,0.75432,-0.60222,0.27613,-0.96501,0.21695,-0.34358,6.6045,2.9474,-0.34218,1.7956,0.85091,-0.27062,0.10735,-3.0256,-11.39,0.42834,4.2567,0.048304,0.052753,0.87617,0.62748,-0.054148
5,9.1311,-0.14793,2.0001,-0.30754,0.020929,0.3181,-0.59357,-0.18597,0.16285,2.9329,1.042,9.242,-0.19323,-0.16168,0.098362,-0.301,-0.17673,-0.23235,1.3655,-1.6503,9.5391,-0.19816,0.1972,0.041064,-0.61433,-0.086759,-0.53671,4.5204,5.0796,0.56459,0.41536,0.11465,-0.49611,0.16154,-0.62796,-0.26807,-3.2238,-11.334,-4.9305,0.64277,-0.10553,-0.87651,0.43642,0.25645,0.28208
6,8.6661,0.52338,5.5266,1.1466,0.11342,-0.36331,-0.83608,0.51955,-0.1903,-0.96695,5.0285,8.1411,0.15508,0.1145,-0.36601,-0.44859,-0.16219,-0.89797,0.86122,-3.0469,8.9696,0.30085,-0.20463,-0.38249,-0.35626,0.6962,-0.59342,-10.533,12.21,-1.2372,0.26352,0.064237,-0.80556,0.57694,-0.3153,0.30565,0.67158,1.169,0.92123,0.059775,-0.099368,-1.7295,0.33148,0.66646,-0.52987
0,11.604,2.4171,2.3281,-0.68862,0.27931,-0.4236,-0.68683,-0.003329,-0.57091,15.021,6.8253,0.147,-1.0343,-0.14909,-0.24757,-0.60226,-0.69084,-0.85843,11.208,-3.2663,2.0269,-0.40948,-0.86953,-2.483,-0.32419,1.0229,-0.79642,-13.607,11.427,2.4704,0.72747,-1.5162,1.2315,0.79253,-0.28203,0.23708,-13.407,-16.28,-6.2589,2.2018,0.13946,-0.17461,0.88613,0.8611,-0.19998
8,-0.7047,0.018771,0.002425,0.21664,-0.50296,-0.1363,-0.45274,-0.001518,-0.66077,0.14382,0.42294,0.21311,0.74536,0.20003,-0.052888,-0.5271,-0.41172,-0.36144,0.35265,-0.59084,0.44221,1.0572,-0.13698,0.21678,-0.44919,0.42477,-0.42605,-0.49742,3.8031,-3.0446,-1.4776,0.18743,1.0638,0.6554,-0.3441,0.017185,-1.3896,-2.5311,-1.1547,0.37819,-0.14438,-1.4536,0.65204,0.28211,0.28805
1,9.1011,-0.70316,2.295,0.1581,0.27209,0.10537,-0.64118,0.1418,-0.61769,-1.64,7.0195,5.5877,-0.005749,-0.28649,0.92138,0.15657,-0.19753,-0.60123,-0.68322,-6.7857,7.5631,-0.04735,-0.92475,-0.47092,0.50786,0.8009,-0.67249,-10.198,-0.60106,-4.0823,0.70342,-0.41195,-1.8635,0.44259,-0.73213,0.36113,-15.153,2.66,-1.6548,-0.088781,-0.30901,-2.6891,1.0086,0.47359,-0.12401
5,9.0213,-2.0511,3.6465,0.18041,0.11464,-0.26643,-0.61946,-0.059953,0.098328,6.9932,5.3875,4.0702,0.14847,0.12434,-0.25565,-0.87353,0.044243,-0.17491,4.8801,-6.6492,5.2921,0.094954,-0.20373,-0.089445,-0.73535,0.20115,-0.69298,-6.845,7.7205,-1.1118,0.73154,0.26781,-2.8014,0.47058,-0.46426,-0.11596,0.2692,-11.103,-2.1283,0.013933,-0.32232,-2.2102,0.21682,0.51226,0.24133
7,7.6037,0.3837,6.3675,-0.090215,0.1411,-0.027808,-0.38353,-0.10601,-0.87378,-1.9127,2.4619,9.2828,-0.30036,0.59367,-0.82201,0.61127,-0.041654,-0.73325,-1.386,0.317,10.051,0.043238,0.48313,0.68082,0.50412,-0.29394,-0.74942,-1.3029,10.175,0.62753,-0.16922,-0.008511,-0.38974,-0.34089,-0.86064,-0.23196,0.29448,-9.7743,0.7757,0.13986,-0.18849,0.28819,-0.48823,0.83704,-0.026323
7,7.5835,-1.4481,5.2191,0.38126,-1.4483,-0.29936,-0.61619,0.099095,-0.90213,-1.2041,3.2219,8.0957,0.1805,0.24634,1.8478,0.41621,-0.15982,-0.84962,-0.40744,2.1724,8.9229,0.53961,-1.7289,-1.2445,0.30292,-0.52867,-0.73506,-0.4922,9.5407,3.3139,1.1224,0.03112,0.59303,-0.3643,-0.81393,-0.35047,-0.28972,-10.385,0.50613,-0.58606,0.18718,-0.70134,-0.40351,0.87914,0.087639
7,9.7439,-0.78096,0.64541,0.06384,-0.54813,0.15133,-0.76781,-0.080186,-0.5737,3.996,1.0254,8.9039,0.72794,-1.2129,1.9847,0.41206,-0.18973,-0.82393,3.8542,-0.26313,9.9495,0.58157,-0.9087,-1.2418,0.37121,-0.22215,-0.82642,2.5027,8.9637,-0.29983,-0.12563,0.072356,-0.071824,-0.67282,-0.65053,-0.20303,3.1718,-9.3055,-0.044095,-0.090624,0.086057,0.081186,-0.7621,0.58683,0.055622
6,8.0901,0.22721,2.6592,-1.6622,0.31029,0.78704,-1.0112,0.49852,0.086718,-1.0584,8.5564,4.403,-0.20704,-0.16592,0.044287,-0.53259,-0.56165,-0.62337,0.40814,-1.982,9.5908,-0.056986,0.008039,0.15796,-0.46231,0.64149,-0.71267,-9.392,9.0087,-0.57661,-0.23057,-0.5496,2.3771,0.58276,-0.37803,0.28773,-8.4903,-7.9399,-1.0247,0.34587,-1.0448,2.2689,0.51758,0.54309,-0.32926
1,10.55,0.89041,3.3058,-0.097995,-0.022568,0.41252,-0.87054,-0.098667,-0.66008,-1.8294,9.071,4.322,-0.17512,0.62027,-0.50015,0.50041,-0.8986,-0.6555,-2.5725,-7.5438,6.9694,0.39545,0.81417,1.2752,0.60597,0.71815,-1.1254,-6.6175,6.4295,-1.6735,-0.40693,0.51323,0.64731,-0.1599,-0.85648,-0.043221,-10.597,-7.6073,-1.094,-0.50232,-0.077785,1.3347,0.68485,0.3646,0.090024
2,3.3818,-2.2503,3.247,1.8655,1.4331,0.55631,-0.87091,0.062568,-0.58691,2.8311,6.4772,2.7186,-0.35754,-1.1447,1.2109,-0.42597,-0.65668,-0.3178,6.6884,-2.863,4.998,-0.99922,-0.74204,-3.0682,-0.4047,0.54378,-0.98733,-13.667,5.5089,-0.70191,0.26842,-0.63852,-3.2733,0.87054,-0.31822,0.18182,-5.6166,13.677,5.9788,2.8275,0.084494,-0.74725,0.77471,0.65079,0.065657
0,9.2596,-0.9054,3.8245,0.41123,-0.2594,-0.33659,-0.77499,0.19882,-0.63027,4.264,8.6034,-0.25273,-0.12155,0.20457,-0.25036,-0.50293,-0.51868,-0.44036,5.0598,-4.223,6.589,-0.19286,-0.057105,-0.1874,-0.15982,0.70129,-0.93754,-9.7655,-1.2991,0.53626,0.78248,0.50667,-0.67097,0.74367,-0.53473,-0.016934,-8.6798,-0.67211,3.4139,3.4234,0.7223,-1.7721,0.87279,0.56868,0.17464
4,8.3993,0.90607,-0.09212,0.46775,0.04292,-0.3098,-0.93905,-0.26464,-0.32046,1.0498,10.162,4.1548,-0.11117,-0.75226,-0.18148,-0.53464,-0.51421,-0.34589,2.4157,-7.5859,5.0334,0.019633,0.058081,-0.78056,0.12653,0.80501,-0.74186,-8.6972,0.28253,0.22529,-0.34441,0.000664,0.57141,0.68697,-0.22389,-0.05674,-7.7678,-2.5139,-2.1129,-1.1574,-0.57298,0.97213,0.43281,0.42915,0.1739
0,8.3927,-0.47802,4.8971,0.28202,-0.054791,0.17828,-0.77963,0.063484,-0.93361,6.8716,2.4001,1.913,0.53391,0.028064,0.34874,-0.50162,-0.75121,-0.84882,8.8425,-3.6587,3.9716,0.84975,-0.086104,0.46748,-1.3877,1.3379,0.71389,-13.985,19.728,4.0785,1.8591,1.002,-0.92714,0.1867,-0.8123,0.10754,-9.7321,0.068683,-1.9655,-0.66375,-0.27661,0.67015,0.77015,0.22725,0.30851
3,4.0434,1.4534,0.94794,-0.084888,0.067846,0.027812,-0.69814,-0.19503,-0.61485,8.6412,2.4839,2.2209,0.72755,-0.55798,0.40929,-0.31542,-0.88467,-0.50966,8.8399,0.056669,2.2914,-0.50661,0.55513,-0.5496,-0.38519,0.3361,-0.57447,-6.7278,-4.8328,1.3371,0.53004,-0.50492,1.223,0.85431,-0.075064,-0.40966,-6.2474,-3.1436,1.5476,0.85728,-0.029845,1.4004,0.83106,0.56169,0.25163
0,11.759,-3.1777,5.3019,0.20874,-0.26459,-0.35994,-0.81823,0.26135,-0.5914,3.7682,9.3105,1.7929,0.45872,-0.33619,-0.60195,-0.35662,-0.37215,-0.58497,4.2326,-6.2636,7.5664,-0.04623,0.32938,-0.005942,-0.002883,0.73218,-0.92929,-11.564,1.1705,-2.2282,0.44708,0.41871,-1.0215,0.85649,-0.35462,0.12291,-10.814,-5.3389,-10.897,-0.96989,-0.3225,0.10684,0.74956,0.69505,-0.005968
2,29.742,1.1484,-3.961,-1.0887,-1.6816,-0.78622,-0.95986,-0.17668,-0.7588,-7.2891,18.972,2.2889,-0.69782,-1.796,-2.3103,0.68215,-0.95303,-0.35237,2.3266,-18.971,3.626,0.20962,1.9631,-0.97184,0.39412,1.0579,-0.84713,-24.51,-2.5524,-3.9839,-0.30917,0.081543,2.3204,0.54913,-0.57107,0.21654,-6.6897,24.269,4.5603,-1.3227,-0.698,0.22079,0.2672,0.71483,0.39499
9,12.073,2.4825,-0.29211,-0.31626,0.78485,0.021399,-0.84177,0.018012,-0.56294,13.478,10.33,7.1848,-0.76166,-5.1418,2.8843,0.40942,-0.40682,-0.8519,1.6721,-1.0648,12.592,2.958,-1.6564,0.7758,-0.34322,0.64907,-0.68133,-9.5644,0.12301,-1.8634,0.99723,0.12933,-0.21939,0.93253,-0.52359,0.14471,-10.196,-1.6632,1.785,0.46408,0.062646,0.35248,0.86864,0.7089,-0.067559
0,8.5163,-0.56011,3.0015,0.52678,-0.10753,-0.12305,-0.63571,0.046389,-0.6314,9.0973,3.8194,0.44827,1.0882,-0.024218,1.7054,-0.15972,-0.46072,-0.86599,12.193,-1.7464,1.4307,0.33775,1.9815,1.0358,-1.2331,1.0286,-0.59798,-9.682,-1.7764,-2.5921,0.41101,0.087491,-1.2193,0.59917,-0.51845,0.29269,-11.17,1.7676,1.2667,1.901,0.68405,-1.5058,0.87637,0.90243,-0.090167
8,-6.5629,-0.86116,-1.6301,0.22712,0.045324,-0.14113,-0.41315,0.004301,-0.69024,-2.5473,0.18376,-0.87385,0.44061,0.28778,-0.31987,-0.50379,-0.44565,-0.34881,-2.9651,-0.80066,-0.42107,0.82845,-0.23473,0.25424,-0.44726,0.49163,-0.3498,-2.3361,6.5232,-0.56338,-1.0359,0.057072,0.13188,0.67771,-0.27712,-0.000737,-2.5671,-9.3181,1.5266,0.85157,-0.14987,-0.061056,0.65952,0.17855,0.31468
3,-4.1205,5.009,3.2064,-0.21629,0.26871,0.11613,0.61516,-0.34891,-0.67329,6.189,6.2872,-0.68451,-0.14993,0.39865,-0.26341,0.59783,-0.72129,0.41305,5.6497,-5.7327,4.0982,0.14111,-0.42241,0.2902,-0.19086,0.57308,-0.52996,-7.3424,5.1148,1.828,0.11505,1.0899,-1.3496,0.81922,-0.19863,-0.41594,-7.9265,-1.6199,0.39844,-0.070331,0.24917,-2.0624,0.65068,0.62473,0.5907
2,14.369,-1.8108,1.9739,-1.7538,0.32813,-0.37827,-0.91012,0.088826,-0.45039,1.3661,12.458,-0.2399,0.27945,-1.4399,-1.1909,0.28652,-0.72924,-0.32601,-4.8167,-13.754,1.6634,-0.012033,2.2044,0.040932,0.044297,1.2348,-0.042063,-9.7972,-11.915,-4.9596,0.2796,0.54717,2.1084,0.57194,-0.44646,0.41756,-22.97,1.0015,-3.9486,0.1995,-0.19856,4.4349,0.95153,0.41122,-0.049617
4,7.4387,0.53987,1.0245,-0.5007,0.50454,-0.028322,-0.76724,-0.2609,-0.47594,-6.2951,9.0668,2.6481,-0.11153,-0.1019,-0.89428,0.008181,-0.66015,-0.25956,0.35586,-4.4558,8.452,-0.080575,0.7316,-0.048327,0.3947,0.43983,-0.91293,-7.2811,0.94232,0.1582,0.38758,0.17752,1.7438,0.66606,-0.18455,0.038192,-7.5703,-2.4541,-0.51752,0.69643,0.2466,2.07,0.41831,0.46193,0.063388
6,10.198,-1.7224,2.3654,-0.27166,0.001168,0.04703,-0.99023,0.49632,0.17546,-1.724,9.104,4.3952,0.37694,0.31253,-0.031209,-0.50832,-0.6573,-0.63268,0.56928,-2.5161,9.6376,-0.027431,0.046777,-0.12719,-0.49814,0.57839,-0.65835,-9.5579,7.4287,-0.081864,0.090841,0.013563,0.39671,0.60693,-0.24075,0.27572,-1.0176,-0.96346,1.1883,0.45292,0.3403,-0.036589,0.47048,0.58369,-0.34873
6,9.3329,0.36445,2.1529,-0.25212,0.033431,-0.047565,-0.92544,0.28057,0.21183,2.1683,1.0206,9.4173,-0.02606,0.030173,-0.17536,-0.81923,-0.056105,-0.75577,1.4964,-1.0553,9.6999,0.027322,-0.04315,-0.13921,-0.60599,0.55143,-0.7236,-8.7979,7.6778,-2.3763,-0.41028,-0.001392,0.92118,0.61985,-0.1529,0.30926,-2.9057,-5.4921,-1.8926,-1.0138,-0.24329,0.84854,0.56238,0.62237,-0.17185
1,7.678,0.14093,-0.53973,-0.41738,0.57384,0.26707,-1.163,0.042433,-0.41254,2.4025,8.0773,5.0539,-0.076818,-0.54118,0.4018,-0.29577,-0.6206,-0.76418,2.9544,-6.1677,6.5278,0.011462,0.21425,-0.25443,-0.05125,1.0394,-0.83538,-10.937,2.9813,-1.6422,-1.0765,0.6874,2.5404,0.43142,-0.59852,0.42362,-8.8398,0.10422,-3.1692,-1.005,-0.20851,1.8472,0.54699,0.6348,0.07296
5,8.4799,-0.92321,5.0642,0.26325,0.32796,-0.3075,-0.79743,-0.070796,0.013092,4.704,8.1393,-0.35016,-0.10302,-0.16037,0.25529,-0.80441,-0.27819,-0.21613,6.0352,-4.5293,6.3084,-0.003817,-0.085134,-0.50307,-0.95166,-0.000433,-0.6836,8.0378,2.4398,0.63001,0.89621,0.56532,-1.2915,0.051611,-0.62165,-0.30541,-1.3968,-14.684,-1.2466,-0.86488,0.82887,-0.26129,0.33493,0.27925,0.18592
0,8.4673,1.3567,2.827,-0.45717,0.059282,0.29822,-0.63184,0.049852,-0.61721,11.382,2.2481,-1.9175,-0.068529,0.95469,-1.4666,0.19755,0.1619,-1.1165,13.23,-2.0296,4.0626,-0.17633,-1.6433,-2.7751,-1.261,0.82284,-0.36249,-11.525,-1.344,0.77491,-0.96098,-0.14041,2.205,0.50386,-0.53813,0.35513,-9.5904,1.0027,-2.8476,-0.53019,-0.009388,1.3179,1.019,0.71982,-0.20478
6,9.5111,-0.84342,-1.7745,0.18673,-0.011845,-0.40268,-0.92924,0.42611,0.45044,-2.2118,5.952,7.333,0.22839,0.1676,-0.38608,-0.42735,-0.32726,-0.86208,-1.0342,-1.5025,9.8423,0.099069,-0.014976,-0.29175,-0.43641,0.50405,-0.78195,-7.3736,10.188,-2.7621,-0.018824,-0.063727,-0.70471,0.54372,-0.33647,0.28003,-1.711,-4.3475,-1.2688,0.71968,0.4481,-1.308,0.31909,0.82645,-0.21886
6,9.5478,-1.4146,0.70718,0.25378,-0.13796,-0.13334,-0.75175,0.34134,0.28195,1.4887,4.1043,8.5567,0.1333,0.22123,0.051955,-0.46488,-0.11828,-0.63902,0.73269,-2.8154,9.625,0.088781,-0.12459,0.080211,-0.38875,0.59554,-0.51983,-4.6546,7.3871,-4.0562,0.83046,-0.13149,-1.6045,0.51954,-0.35825,0.39148,-7.7528,-6.8624,-6.5804,0.8482,0.34153,-1.3536,0.6147,0.43486,-0.082336
0,11.996,-1.5415,4.4816,0.38886,0.42751,0.35106,-0.78851,0.031146,-0.93456,11.745,3.3511,3.2483,0.44818,-1.1177,2.2198,-0.57844,-0.76749,-0.64627,12.473,-3.6711,3.9941,0.51834,0.32868,0.68976,-1.58,2.0756,0.65311,-13.569,-0.70273,0.32625,-0.17938,-0.53243,-0.86878,0.18708,-0.80933,0.018538,-12.919,-8.365,-0.9441,-0.95355,-0.13254,-1.2947,0.78108,0.18199,0.31724
0,8.8898,-3.3003,-1.0672,-0.15845,-0.17084,0.075268,-0.79896,0.21574,-0.62318,6.0869,6.294,0.82002,-0.39414,-0.2887,0.59743,-0.43858,-0.33159,-0.54898,5.4012,-4.337,6.8693,-0.02185,-0.52562,0.083836,-0.11976,0.68524,-0.96954,-7.1801,3.1549,0.22953,-0.003182,0.52189,-2.0453,0.58629,-0.63915,-0.18063,-19.907,-0.62777,-1.1853,-0.71915,0.67615,-3.1934,1.0881,0.32114,-0.064695
7,6.9861,-2.5065,9.8124,1.4488,1.6906,-0.512,-0.73924,0.2588,-0.82008,0.10746,1.8056,3.591,-1.9693,-0.21304,-0.81439,0.54754,-0.37605,-0.68683,1.1654,0.88941,3.6062,1.9801,1.0227,-0.086902,0.38276,-0.24912,-0.83449,0.69037,10.361,1.6379,-0.37769,-0.040702,-1.4267,-0.36529,-0.84128,-0.27853,1.4055,-9.7973,-1.1711,0.13854,-0.47446,1.337,-0.40793,0.87009,0.14428
2,31.439,-3.8178,-2.07,0.73653,-4.1017,0.16507,-0.73288,0.18373,-0.53759,-0.93102,11.087,7.0689,-0.3587,-0.00595,-0.095364,-0.021973,-0.20499,-0.67101,-2.6342,-7.5548,11.411,0.088996,0.08064,0.11181,0.43067,0.76776,-0.73465,-40.725,4.3726,-3.9042,2.3616,-0.97442,-3.0955,0.49194,-0.6333,0.45566,-26.126,-1.1508,-3.5859,-1.0292,-1.1633,-4.2261,0.91105,0.55254,-0.17187
1,9.3164,0.005525,1.2188,-0.51558,-0.66565,0.57323,-0.7903,0.12159,-0.34818,7.7927,4.3558,4.249,-0.17612,0.16108,0.11865,0.88866,-0.12229,-0.28984,8.3472,-3.5696,5.6911,-0.31255,0.66152,1.3862,-1.3947,0.62719,-0.91559,-10.467,11.849,-0.35881,-1.8085,1.1891,-0.1295,0.26076,-0.85784,0.080149,-10.532,0.11984,-1.0381,-0.66778,-0.31365,0.91945,1.0776,0.23705,0.030666
1,12.669,0.99038,1.0752,-0.76127,-0.43815,0.23229,-0.93201,0.10873,-0.41489,10.585,0.65904,2.4149,-0.74283,0.14522,-0.076697,-0.21821,0.77429,-0.47913,9.9031,-2.9605,4.3066,-0.007631,0.022722,0.032764,-0.90876,0.94857,0.1537,-9.6509,9.2577,-3.6013,-1.0156,0.32634,0.65358,0.35644,-0.72408,0.39125,-11.255,-5.9705,-2.4483,-1.1929,-0.17663,0.97235,1.0291,0.22586,-0.009168
3,14.391,-0.90599,1.267,0.075052,0.21203,-0.033796,-0.75101,0.006131,-0.51161,4.1787,8.4271,5.3667,0.18048,-0.013468,0.37193,0.21795,-0.3259,-0.13123,3.7309,-8.5924,5.3893,0.34623,-0.059249,-0.96911,0.009098,0.49409,-0.64265,-13.95,-1.123,-1.7299,-0.55926,-0.21956,-0.14343,0.68441,-0.32377,0.29597,-10.872,-5.4471,-2.2215,-0.94873,-0.19151,0.74173,0.5144,0.76197,0.1723
1,8.9935,-0.73993,2.6151,0.16183,-0.38805,-0.24264,-1.1151,0.12494,-0.41155,0.4263,7.2547,6.5891,0.024548,0.46776,-0.89653,-0.17399,-0.57744,-0.80048,0.46345,-7.2711,6.5549,0.53167,0.18948,0.41383,0.2,1.0999,-0.75104,-8.9184,3.9005,-4.0751,-0.15368,-0.16614,-1.5357,0.63843,-0.41125,0.36656,-6.0315,-5.6106,0.32123,-0.64267,0.332,-0.49768,0.2819,0.74244,0.14624
9,3.4816,-0.66725,2.2002,-0.010181,0.30921,-0.11496,-0.43663,-0.15277,-0.86309,-8.2073,11.2,2.6874,-0.56623,-0.89423,0.43456,0.10311,-0.98097,-0.17091,-2.5885,-8.2566,5.5841,0.37534,1.569,-0.23975,-0.004138,0.69006,-0.65859,-7.2844,2.8585,-2.0585,0.72889,0.10453,-0.97369,0.83764,-0.54717,-0.009488,-5.7211,-5.7425,1.57,0.95661,0.29962,0.22873,0.7096,0.69788,0.32196
7,9.3933,-0.97138,-2.2473,0.41227,1.3688,-0.17975,-0.99189,0.076216,-0.3251,-0.11663,4.2354,7.955,-0.60523,0.20432,-0.90866,0.51745,-0.26369,-0.6951,0.88171,0.78228,8.826,-0.019616,0.2913,0.16694,0.39649,-0.19934,-0.77073,2.4239,10.111,-1.9685,0.083194,-0.41601,-0.90816,-0.65903,-0.65782,-0.069597,3.3943,-9.5311,-1.3073,0.036812,-0.47736,0.91188,-0.67567,0.59741,0.21806
5,9.4171,0.003512,1.8078,-0.025265,-0.10237,0.34388,-0.56617,-0.30035,0.18002,-0.4116,8.0707,5.7838,-0.23757,-0.107,0.13429,-0.11179,-0.56899,-0.050018,1.4258,-2.7645,8.7391,-0.44576,0.1669,0.14929,-0.43122,-0.11993,-0.61934,3.9092,6.0106,1.0924,0.23206,0.15304,-0.019695,0.14336,-0.60642,-0.34467,-2.0324,-12.233,-1.9812,0.49029,0.04142,-0.30212,0.27302,0.36139,0.24289
7,8.1767,0.63778,5.5179,0.24519,0.18525,0.16405,-0.4709,-0.1464,-0.91166,2.4972,0.92845,10.979,-0.65509,1.0346,-0.83276,0.34096,0.10772,-0.90539,3.0361,-2.4649,10.67,0.19584,0.53291,0.93996,0.28704,-0.13367,-0.92659,-3.4173,10.109,-0.77091,0.13772,0.036419,-0.093056,-0.24723,-0.93621,-0.12362,-2.5815,-10.621,-1.9463,-0.10408,-0.018831,0.22854,-0.33623,0.9043,0.18292
3,7.1974,0.21998,1.1788,0.46679,0.28138,0.015256,-0.70017,-0.087435,-0.6414,1.5676,5.3938,5.9777,-0.00971,-0.99841,1.2889,0.76165,-0.30516,-0.23579,2.9279,-3.1516,8.5067,-0.22243,-1.0882,-0.40895,0.16748,0.23849,-0.66945,-7.5137,2.9886,-3.7462,0.71274,-0.93457,-1.5764,0.82647,-0.39807,-0.15036,-8.0537,-3.2038,0.45508,-0.6014,-0.098201,-0.7081,0.81115,0.41866,0.34831
0,6.4283,0.11896,3.6764,-0.31921,-0.11977,-0.27172,-0.6044,0.081181,-0.68194,1.532,7.5992,4.6542,-0.01499,-0.25348,0.12005,-0.041755,-0.27263,-0.63857,2.4771,-4.7995,6.796,-0.038745,-0.19884,-0.24411,0.25001,0.71714,-0.92076,-9.3525,-0.077217,-2.4608,0.64178,-0.15731,-1.3076,0.60901,-0.51352,0.3771,-8.4538,1.2508,-1.445,1.3019,0.19732,-1.9679,0.74638,0.70101,-0.15912
2,3.1387,1.6723,-2.9861,0.068678,1.1117,0.055075,-0.75254,0.015428,-0.52933,2.8106,5.6867,4.626,-0.028677,-0.80358,0.58458,-0.14309,-0.15724,-0.66749,4.0148,-5.9398,4.7721,0.14393,-0.54389,-0.81015,0.16212,0.77035,-0.87462,-9.614,11.181,-3.1131,1.3576,-0.98282,-2.6061,0.80163,-0.19422,0.39088,2.4537,-3.8213,7.4753,0.94981,-0.57654,1.5329,0.6482,0.77469,-0.24524
6,8.0891,1.03,5.5206,0.56517,0.033632,-0.31504,-0.9135,0.25717,-0.16832,1.9481,8.005,4.9551,0.076828,0.062673,-0.20345,-0.72931,-0.50821,-0.55065,0.94324,-4.6364,8.5622,0.050622,-0.2227,-0.044872,-0.62112,0.68711,-0.56981,-11.62,8.8836,-0.2149,0.21328,-0.17723,-2.1005,0.68921,-0.21227,0.22384,-6.0473,-5.4361,-3.9908,1.036,0.5277,-1.8326,0.59495,0.61216,-0.11046
5,7.6915,1.9949,4.6014,0.15523,0.22738,-0.004857,-0.61675,-0.23856,0.11157,3.6533,7.934,4.9232,0.065992,0.085355,-0.079195,-0.80452,-0.5025,-0.27207,6.5271,-4.0594,5.0971,0.31966,-0.11562,0.10681,-0.84765,0.15459,-0.57102,-5.0367,9.2881,1.7005,0.49847,-0.02493,0.90609,0.39694,-0.35217,-0.20754,3.4492,-5.5608,0.89506,-0.87624,0.040788,1.4062,0.18279,0.56851,0.11935
2,2.0021,3.4182,1.9678,5.2237,4.1749,-0.60002,-0.92889,0.075366,-0.49795,4.6291,9.6045,-0.24978,-0.71854,-0.023833,1.3585,-0.63564,-0.64487,-0.29255,7.545,-6.9771,3.2905,-0.41929,-1.4707,-2.3759,-0.71252,0.5215,-0.85855,-22.266,4.7852,6.4186,-2.3356,0.57314,-3.7428,0.81889,-0.44963,0.11439,-11.449,13.144,1.6431,-0.76631,1.1366,-2.469,0.89673,0.56341,0.16427
5,8.8321,-0.18825,5.4278,0.071795,0.22604,-0.16991,-0.65136,-0.093702,0.014984,6.4781,4.7371,5.6315,0.052482,0.072562,-0.12212,-0.89167,-0.048764,-0.13878,5.9471,-4.7307,6.1458,0.014558,0.083591,-0.000193,-0.79273,0.037389,-0.65328,-0.24165,6.6064,-1.2513,0.7399,-0.4076,-2.709,0.22473,-0.63015,-0.045256,-2.5788,-12.147,2.2818,0.55284,-0.021921,-1.9429,0.31722,0.51002,0.11202
1,10.199,-3.3349,4.9432,0.37605,-0.50674,-0.30415,-0.74103,0.28569,-0.63494,2.1397,9.389,1.2693,0.25587,0.17794,-0.59208,-0.29036,-0.50684,-0.46107,2.596,-7.1632,6.8125,0.07101,-0.36474,0.077194,0.16272,0.77913,-0.81136,-11.843,2.9128,1.0562,0.23309,0.2176,-0.7052,0.85127,-0.42298,0.15166,-8.2929,-1.8068,3.149,-1.2925,-0.55063,1.6575,0.67685,0.78026,-0.075742
2,19.233,-1.594,1.0835,3.0619,0.28568,0.52172,-0.90338,-0.087194,-0.58895,-7.7654,19.901,5.7805,-8.933,1.6448,2.4983,0.48864,-0.83462,-0.16628,2.057,-18.42,7.947,4.1377,1.0938,4.8555,0.6232,0.47035,-0.99429,-23.211,-9.1774,-3.5757,0.84847,-0.45801,-2.8802,0.37296,-0.57919,0.097502,-25.061,11.39,-4.5349,2.8449,0.028318,-3.6369,0.5323,0.53214,0.057642
9,9.8239,1.2426,0.083187,-0.49495,0.30576,-0.20616,-0.94073,-0.33226,-0.12479,-3.1774,7.4448,9.7369,-0.14335,2.0126,-2.2764,0.41829,-0.75926,-0.32528,8.3938,-3.8231,4.7451,-0.71061,0.043148,-1.2008,-0.82546,-0.045701,-0.55216,-9.5319,1.4945,0.75421,-0.42758,0.11044,-1.017,0.96843,-0.16216,-0.32389,-9.3586,-1.4776,-2.1443,0.6608,0.23136,-0.59798,0.91394,0.15141,0.39405
0,8.2068,-0.31375,3.0074,-0.17508,-0.30031,0.018837,-0.63592,0.10724,-0.64221,8.8069,3.4064,1.3898,0.77351,0.015168,1.6215,-0.7688,-0.51494,-0.73354,8.1632,-2.126,1.0309,0.026453,0.95849,1.5294,-0.22417,1.0083,-0.43138,-8.9328,2.3702,-3.0926,0.34325,-0.25389,-1.1118,0.75163,-0.29957,0.38268,-5.4634,-6.1669,3.9978,0.043064,-0.2155,0.96681,0.70103,0.74483,-0.23245
1,8.982,-1.1846,6.6084,-0.042109,-0.23581,0.13527,-0.59383,0.28841,-0.70137,0.76845,9.7332,1.6652,-0.15144,-0.56363,-0.13651,-0.1401,-0.57086,-0.48361,1.3721,-5.7779,9.1137,0.19217,-0.16152,0.7452,0.27713,0.72732,-0.74695,-10.578,4.7896,-0.89927,0.74213,1.0846,-1.8956,0.3592,-0.84497,-0.005916,-10.35,-3.765,-3.5008,-1.4906,0.071876,1.0418,1.1501,0.31746,-0.061745
1,8.9766,0.30023,4.9881,-0.007894,-0.16043,0.24271,-0.86447,-0.031498,-0.7006,7.8742,2.2202,2.353,-0.21556,0.12199,-0.080232,-0.74453,-0.7542,-0.35124,9.6241,-4.2838,3.3281,0.54211,-0.31647,-0.35879,-0.98452,0.50913,1.1136,-6.4993,4.54,-1.5047,-1.4431,-0.15925,1.1202,-0.099633,-0.62544,0.12002,-11.111,0.39466,-2.4966,-0.68233,-0.074256,1.071,0.67785,0.14363,0.14708
1,9.568,0.033445,5.1579,0.2616,-0.2871,0.18127,-0.87774,-0.014833,-0.65029,7.7932,2.0735,2.4227,-0.52094,-0.10343,0.24315,-0.6388,-0.82658,-0.56374,9.5586,-4.653,3.5223,0.51672,-0.22283,0.060926,-1.0771,-0.023506,0.61789,-7.6146,6.8272,-0.94412,-1.8337,0.093226,0.61525,0.001098,-0.59585,0.068789,-10.7,0.42519,-2.0087,-0.59145,-0.15557,0.78389,0.71027,0.093059,0.16633
2,0.9228,0.29011,-0.3466,0.74959,-0.18175,0.19186,-0.69085,-0.001134,-0.55902,-7.8055,6.6283,-1.4297,0.39887,2.0494,0.1897,0.15094,-0.69369,0.21267,6.7014,-0.82569,-2.0379,0.4183,-0.52058,1.2432,0.29572,0.77527,-0.5339,-2.1651,17.282,-7.0007,-0.12114,-1.2792,-1.625,0.78328,-0.16618,0.3333,5.0056,19.591,3.9098,-0.71036,-1.0116,0.38012,0.82577,0.8067,-0.41943
4,4.6055,-1.6807,-1.8916,0.098292,-0.12594,-0.47019,-0.88023,0.36552,-0.53708,4.3375,9.6779,2.3121,0.099885,0.12609,0.41992,-0.43676,-1.7388,-0.27999,-7.761,-7.6599,5.6009,1.0329,-1.5325,0.21954,0.074047,0.49327,-0.63732,-5.9861,-4.3122,2.5083,-0.86571,-0.091258,-1.8646,0.44624,-0.015729,-0.13571,-4.093,-5.4647,-3.531,-0.79724,-0.75738,-1.7131,0.66452,0.11244,0.049233
2,14.542,-1.8227,1.21,-1.7827,0.38208,-0.75767,-0.90786,0.084358,-0.44772,1.5051,16.953,0.71367,0.42751,-1.6113,-1.0641,0.24726,-0.71057,-0.27228,-3.103,-14.1,-1.0505,-1.6052,2.9712,-0.16372,0.00231,1.2041,0.2769,-9.1001,-13.535,-3.3774,0.37526,0.22501,1.7823,0.57179,-0.48892,0.40201,-23.136,-0.8108,-3.8278,0.28161,-0.31284,4.0975,0.95036,0.41971,-0.038417
1,11.012,-3.284,1.6525,1.3402,0.87148,-0.66728,-0.71562,0.24231,-0.66978,2.2611,8.5491,0.49125,0.043692,-0.21206,-0.36651,-0.38001,-0.52389,-0.44063,2.6361,-3.4599,9.1008,-0.76702,-1.1718,-1.3073,0.050357,0.80197,-0.76587,-9.7599,7.6109,2.0761,1.2577,-0.939,0.24436,0.87631,-0.33638,0.15903,-8.6108,-2.0053,0.33572,1.3289,0.47655,0.29412,0.85331,0.58674,-0.13469
6,5.5147,-8.0819,2.9804,-0.030565,-0.095995,-0.23658,-0.37293,0.88345,0.10251,9.9068,3.4591,0.41273,0.10817,-0.022754,-0.17928,-0.78705,0.25354,0.13566,9.1923,-3.0398,0.045198,0.53504,-0.42324,-0.23078,-0.69051,0.18041,0.46669,-10.833,6.9587,-3.185,-0.39353,-0.16246,0.53947,0.62265,0.14407,0.16008,-0.31541,-2.1991,1.4035,-0.32961,0.065468,-0.20048,0.42887,0.66276,-0.173
9,6.9224,-2.3315,6.5622,0.13947,0.056608,0.11643,-0.41075,-0.16532,-0.86129,-7.1998,-3.8483,4.0525,-1.3828,-0.21725,0.026622,0.86794,0.4157,0.13727,-9.525,-2.5474,1.903,-0.014021,0.27163,0.37403,0.82528,-0.29741,-0.38664,-9.6674,-1.7753,-0.42158,-0.043664,-0.035919,0.025669,0.86695,-0.30288,-0.32724,-9.799,-0.40762,-1.3445,-0.091215,0.010674,-0.066945,0.76166,0.58709,0.3722
2,0.54157,-0.045646,0.15713,-0.73778,0.72569,0.13942,-0.86686,0.15103,-0.52387,1.3866,-3.414,-0.80034,-0.37434,-1.3023,0.039758,0.27213,-0.73728,-0.3292,-8.3809,-2.2597,0.87089,1.1272,0.26644,-0.05527,-0.073061,1.2157,0.096285,2.5054,-8.757,6.9027,0.41752,-0.4879,-0.986,0.56771,-0.47696,0.47226,0.69695,-19.614,1.6879,-1.1484,-0.31809,1.1143,1.0196,0.18699,-0.071423
4,12.12,1.8376,1.7893,-0.90356,-0.27353,0.009123,-0.81179,-0.13475,-0.30805,2.7967,8.0519,6.0693,-0.50778,-0.3582,2.4635,-0.12633,-0.75905,-0.96135,-4.8664,-7.338,5.86,-0.9962,-0.30969,-1.8619,0.14327,0.48316,-0.70747,-6.018,-1.9878,-0.68123,-1.6201,-0.005406,0.24163,0.5203,-0.3341,-0.10474,-13.879,-0.87091,-2.2878,-0.94782,-0.60699,1.6163,0.60662,0.13675,0.26444
0,8.0095,-0.29703,-2.7205,0.48619,-0.051847,-0.16946,-1.1063,0.04262,-0.54896,3.175,6.3359,5.4698,-0.32779,0.041899,-0.018518,-0.39497,-0.65304,-0.76502,3.0776,-5.891,6.8372,0.31721,-0.97165,0.32199,0.011141,0.97106,-1.0049,-7.0137,-5.3372,0.078869,1.4587,0.41997,-1.6402,0.21688,-0.74139,0.19066,-16.754,4.8872,-4.3495,-2.1468,1.52,-2.3484,0.62388,0.45566,0.19647
1,6.2613,-0.31129,3.4301,0.40818,-0.16083,-0.00561,-0.84286,-0.066525,-0.677,6.5274,3.4096,3.8987,0.72508,-0.45391,0.62138,-0.93615,-0.51527,-0.031527,6.0395,-3.3131,1.5114,0.066872,0.14105,0.77924,-1.0453,1.4185,0.48366,-9.7678,-0.80214,-2.7349,1.4015,0.40354,-1.9146,0.62979,-0.30872,0.10305,-8.6446,1.0936,0.45755,-0.046704,0.065777,-2.9289,0.32329,0.58018,0.10962
4,5.7908,-1.5642,0.34582,0.32347,0.55599,0.052287,-0.71137,0.16322,-0.52103,1.7073,5.8634,7.0299,0.17805,0.71758,-0.81136,-0.14551,-0.86233,-0.70707,-6.1389,-6.1238,5.0401,0.62531,-0.30636,1.2926,0.28856,0.42976,-0.58491,-6.9197,3.0657,-3.0001,0.25429,-0.42606,-1.7648,0.4966,-0.36939,0.10625,-9.4679,1.8593,1.3598,-1.0017,-0.40939,-1.9723,0.574,0.28415,0.06246
5,7.3584,-1.4356,5.3932,-0.49416,-0.17133,0.026945,-0.65557,-0.071831,0.019927,-0.19965,5.62,7.7567,0.06547,-0.052541,0.047291,-0.19148,-0.41861,-0.28892,-0.077843,-2.2003,8.7286,0.024975,-0.038441,-0.074371,-0.51391,-0.076473,-0.60798,6.345,2.0962,0.40131,1.0384,-0.39778,-1.1041,0.10914,-0.66409,-0.13532,-2.0806,-12.766,-0.6251,0.045521,0.12417,-0.84108,0.41331,0.39232,0.16359
9,6.4691,0.47111,0.50979,-1.473,0.1552,0.28348,-0.69789,0.51779,-0.15543,0.76414,8.5903,0.26342,-1.524,-1.7259,0.17719,-0.27766,-0.55288,-0.57644,-5.6511,-9.6384,-2.0919,2.771,1.3824,2.2523,-0.081443,0.66262,0.52494,-10.898,-2.4814,-2.2219,2.1641,-1.9105,-1.9033,0.69876,-0.49306,0.53966,-8.3746,-1.042,-0.52146,1.9905,-0.17958,0.40715,0.75514,0.2881,-0.33491
4,-8.4433,4.5011,5.0718,0.44306,-1.7715,-0.73135,0.63569,-0.091669,-0.45192,-5.3385,8.5405,-5.3787,-0.7398,-2.2557,-1.664,-0.21356,-0.7686,0.24923,3.7893,-9.3627,4.9454,-0.91532,0.65704,1.6892,0.081143,0.83855,-0.6753,-18.111,0.17945,2.4051,-0.2748,-0.71605,3.0571,0.60541,-0.23813,-0.21237,-11.423,-1.8415,-1.0036,-0.11121,-0.26275,1.4247,0.48069,0.43783,0.21523
4,13.384,2.2542,4.8581,-2.3143,-0.38097,-0.31632,-0.75075,-0.24106,-0.43594,-1.8108,10.945,5.9244,-0.35613,-0.071825,-1.5329,-0.082422,-0.57072,-0.73755,-1.5594,-7.7166,8.1831,-0.080178,1.2225,1.4904,0.42796,0.51367,-0.7427,-13.962,-1.342,-1.0999,2.445,0.49196,2.1373,0.49306,-0.15771,-0.14874,-12.745,-4.281,-1.6945,1.2721,-0.1433,1.5674,0.58059,0.34825,0.11587
1,12.66,0.2605,2.0642,0.23289,0.28237,0.14835,-0.67698,0.14658,-0.54916,-1.5599,9.9743,5.9878,0.35443,-0.44628,0.24342,0.097542,-0.1348,-0.63262,-1.6127,-8.1527,7.4158,0.037141,-0.28776,-0.57763,0.5389,0.80909,-0.59819,-9.9881,9.6945,-3.1564,0.80425,0.52638,1.1957,0.86113,-0.10435,0.41035,-5.0664,8.6377,-2.6259,0.48672,0.2114,0.46957,0.58637,0.799,-0.29797
0,8.9932,-0.12968,3.9523,-0.47296,-0.022379,-0.044199,-0.80701,0.19861,-0.58503,7.6671,0.72335,1.9279,-0.60498,0.88058,-1.6132,-0.069073,-0.16681,-0.5528,8.1796,-2.6809,4.8311,-0.1645,0.088691,-0.2099,-0.7451,1.0001,-0.50464,-4.2036,-9.1406,-0.44994,0.23498,0.37734,-0.5303,0.5266,-0.61488,0.4351,-10.171,-1.291,-2.2828,-0.27258,0.073205,1.0337,0.96043,0.34058,-0.036808
1,7.655,-0.063381,2.3476,0.10405,0.96613,0.037229,-1.1192,0.093858,-0.41479,6.6389,1.7723,2.1169,2.3991,0.77455,0.50471,-0.61069,-0.1562,-0.43247,7.3117,-1.7502,1.7751,0.22065,0.42614,0.42186,-0.36557,1.0482,-0.17406,-8.1183,0.34077,-1.3336,-0.079345,-0.073874,-2.1725,0.39906,-0.67808,0.28093,-11.73,0.31145,0.30118,1.5497,1.2691,-3.4553,0.55823,0.69064,0.15454
6,9.2243,-3.0759,2.0933,-0.87769,-0.048108,0.53615,-0.93735,0.59132,0.20735,-0.47006,8.7348,4.6447,-0.028163,-0.012811,-0.009158,-0.53991,-0.53763,-0.65236,0.15173,-2.6632,9.2998,-0.19271,0.31184,0.14151,-0.40408,0.62739,-0.6902,-8.1468,5.7594,-0.25637,-0.69359,-0.11776,2.8212,0.51051,-0.50714,0.28557,-11.917,-10.684,-1.483,0.54887,-0.1547,2.4225,0.5795,0.37021,-0.40741
4,7.9471,0.089835,6.2621,-1.2322,1.8538,-0.26541,-0.78672,0.21776,-0.59307,1.2381,11.406,-0.44958,-0.81018,1.7577,2.6562,-0.31304,-1.5829,-0.26549,-8.2557,-6.7508,6.4432,-0.63445,-1.2773,-2.7353,0.3306,0.48528,-0.55845,-9.7321,7.8235,2.3073,-1.6754,0.46909,-0.20721,0.44817,-0.21897,-0.1405,-11.464,-6.9017,-1.4406,-0.97766,-0.66408,1.041,0.65,0.2021,0.069879
9,1.9113,1.0061,0.40614,3.6027,-1.7143,0.11689,-0.7418,0.47324,-0.048935,10.152,-1.1325,-0.55869,1.2508,1.3013,0.35817,-0.46431,-0.084594,-0.69403,-0.9411,-6.5141,12.483,2.535,-1.8541,0.39912,-0.20747,0.80928,-0.17009,-4.0872,-3.8402,0.53968,-5.196,-0.58058,0.72476,0.78186,-0.38402,0.49367,-8.9519,2.8978,-4.9746,-4.673,-2.0758,-0.085008,0.74289,-0.15526,-0.39874
4,5.0981,-5.7593,-3.6601,1.833,-0.54221,-0.34857,-0.64114,0.2977,-0.68116,4.8258,6.2188,-0.29062,1.0132,1.5191,-4.2326,0.17031,-0.99633,0.069249,-6.1892,-1.0101,5.7441,-1.4928,1.0538,2.9238,0.32017,0.37452,-0.71205,-21.523,0.81168,-9.0561,-0.96784,2.9464,-0.76678,0.53877,-0.31698,-0.14636,-18.707,-2.7598,0.66097,-0.44337,0.78319,-2.7988,0.45449,0.35107,0.095701
9,4.604,-2.3713,-8.2605,1.2327,2.2141,-0.58972,-0.69631,-0.23357,0.52561,11.748,3.4217,2.1216,-1.1045,-0.90475,-0.52541,-0.82438,0.05234,0.39326,51.644,3.9701,-7.1128,-11.978,-1.82,-4.2787,-0.65305,-0.20238,-0.59015,-9.4209,2.3266,-2.0105,0.56847,-0.26872,-0.018111,0.78679,-0.036169,-0.49745,-9.9581,-2.7173,-0.12823,0.059647,0.072432,0.18696,0.7042,0.1546,0.59156
5,9.4506,-0.76756,4.136,0.076137,-0.1085,0.14395,-0.61327,-0.1112,0.098939,6.2443,6.2038,4.7185,-0.029851,0.086781,0.19927,-0.86682,-0.011311,-0.22886,6.2998,-5.8875,4.6234,0.033366,-0.12343,0.16373,-0.82408,0.12317,-0.62276,-7.1312,8.2117,-0.63003,-0.68087,-0.28119,1.8415,0.50278,-0.41227,-0.15524,0.71108,-5.8427,-3.293,-0.2992,-0.052293,2.2122,0.15596,0.51109,0.29182
6,8.7759,-0.072506,1.8603,0.52393,0.23873,-0.69462,-1.0019,0.4803,0.15335,-1.2232,8.3927,3.9494,0.11843,-0.078683,-0.27391,-0.49957,-0.62973,-0.63387,0.83898,-2.4061,9.3281,0.36538,-0.47753,0.089556,-0.45871,0.57276,-0.68171,-13.55,15.262,1.6315,-0.61652,-0.015654,-1.1454,0.61454,-0.22465,0.26494,-5.406,-2.2242,-0.97186,0.34467,0.37037,-1.7896,0.44661,0.60693,-0.36617
1,9.7019,2.7605,-0.84814,-0.57146,0.27235,0.039745,-0.75935,-0.035107,-0.43879,9.9521,4.0246,-1.4014,-1.4227,-0.18195,-1.2688,-0.80687,-0.49739,-1.1596,9.9499,-0.21264,2.8704,-0.13217,-1.2749,-1.5455,-1.3406,0.88505,-0.66822,-14.002,-3.7174,-0.57498,1.4331,-0.70472,2.41,0.74499,-0.42395,0.19635,-10.284,3.4323,-3.0025,-0.35537,0.042202,1.5446,0.85564,0.82005,-0.14134
2,1.074,0.67523,-0.34655,-1.2821,-0.31201,-0.5652,-0.8996,-0.13432,-0.81032,-3.1112,9.089,2.3766,-0.74572,-0.76451,-2.328,0.47037,-1.0599,-0.36106,5.3038,-6.4854,1.559,-0.30274,0.85108,-1.1475,0.46281,0.91489,-0.87315,-3.4873,3.0793,-3.4554,-1.2399,-0.16008,1.5681,0.63256,-0.37479,0.31399,-5.7515,-6.8943,-1.6637,1.5094,0.61841,-1.3215,0.35168,0.67093,0.38154
1,12.981,-0.59749,4.0761,0.30529,0.38694,0.2981,-0.89775,0.012719,-0.65494,12.735,1.9394,2.9336,0.96226,-1.1265,2.1941,-0.67383,-0.93183,-0.32641,13.356,-4.3328,2.464,0.60078,0.18351,1.1687,-0.58294,0.46584,1.3416,-4.8641,-5.2203,-1.6111,0.55227,1.0417,-1.1912,0.020084,-0.62091,-0.027764,-13.872,-5.6343,-2.0099,-0.4492,-0.22977,-0.29159,0.72014,0.023417,0.14148
7,9.2869,-1.7639,2.8808,-1.0983,-1.2079,-0.23677,-0.8427,0.17507,-0.72272,3.2943,7.0771,6.7503,0.3008,0.70815,2.3335,0.47347,-0.45799,-0.68453,5.4355,-2.825,9.7402,-1.2065,-1.4577,-2.0096,0.307,-0.014821,-0.89906,0.90182,9.965,0.70655,-0.1209,0.16353,0.44414,-0.56346,-0.75399,-0.19553,1.3509,-9.7567,-1.0433,-0.36806,0.25008,-0.32194,-0.59557,0.75495,0.13539
8,-2.9594,0.52931,-1.1176,-0.64569,1.19,0.1446,-0.99083,0.21694,0.14956,-0.25175,0.30571,0.38487,-0.73435,-0.3685,-1.9011,-0.76692,-0.61168,-0.10586,-1.4388,0.74647,-0.25717,0.33099,-0.54765,0.70921,-0.85444,0.51146,0.1116,2.4865,-1.491,-0.68158,1.9359,-0.046777,-0.32359,0.87767,0.40679,0.21178,-0.94115,3.0747,1.4459,-0.46438,0.071597,0.1042,0.87731,-0.28606,-0.32738
4,9.4863,-0.09485,3.5454,0.91948,-0.25807,0.23055,-0.74439,-0.16656,-0.44438,-8.3145,8.2142,2.5587,0.047609,-0.7928,1.4405,0.096667,-0.6025,-0.33512,-0.37318,-6.1399,7.1203,0.020183,-0.42404,-1.0913,0.35637,0.4615,-0.89898,-10.139,1.9456,-3.1995,-0.2188,-0.34911,-0.82502,0.66781,-0.22473,0.089543,-6.9344,-6.5156,0.93471,-0.56505,0.008904,0.13058,0.28932,0.52313,0.003066
2,1.465,0.37182,-0.7501,0.084618,0.089732,-0.54462,-0.87538,0.15524,-0.42392,-7.3811,0.7107,-0.14587,0.97223,0.39202,-0.4252,0.095253,-0.59287,-0.51251,3.529,4.3314,-1.276,-1.3529,0.096092,-2.4744,0.11323,1.0445,-0.36281,-3.1401,15.147,-2.9631,-0.035591,-0.3291,0.070629,1.0459,0.013198,0.24308,-4.6661,-16.936,1.0066,1.9539,2.5568,0.10681,0.82778,0.95008,-0.23439
0,9.421,-1.0302,4.0919,-0.45959,-0.045669,-0.25659,-0.83023,-0.07459,-0.89874,9.8784,4.1579,3.9085,-0.52044,-0.25057,0.028613,-0.7835,-0.60993,-0.23355,8.542,-1.8955,2.3828,-0.86806,-0.050642,-1.1028,-0.54656,1.0468,-1.2233,-9.3218,-0.16122,-3.0555,0.40355,-0.079245,-0.77411,0.6091,-0.33083,0.33875,-12.972,-3.5687,-2.8176,1.6267,-0.36929,-0.6317,0.28138,0.69502,0.38118
0,10.39,-1.7082,4.116,0.23634,0.15559,0.15203,-0.65435,0.14221,-0.62121,0.5349,8.5378,5.9345,-0.018703,0.15057,-0.6398,-0.015294,-0.2553,-0.64664,1.0832,-5.8176,8.0163,-0.062711,0.57379,0.18971,0.35184,0.75949,-0.81989,-9.5708,1.6156,-3.2602,-0.20536,0.014116,-0.95424,0.79926,-0.23539,0.40081,-7.7074,-5.9515,-3.6267,-1.7977,0.80286,-0.73326,0.74126,0.7335,-0.15381
4,9.8293,-0.97957,1.8478,0.2558,0.21861,0.17468,-0.73599,0.19379,-0.47542,1.947,7.3526,7.3857,0.43771,-0.19789,1.0474,-0.20336,-0.85647,-0.72808,-7.4525,-6.8849,6.6888,-0.18985,-0.048966,-0.35273,0.32498,0.41989,-0.5518,-7.6253,2.3407,-5.1836,0.97364,-0.42596,-1.5124,0.40191,-0.44638,0.12838,-8.1583,-3.5758,-0.3436,-0.16773,-0.17159,-0.37051,0.64336,0.21123,0.048419
0,11.963,-2.2944,5.1234,0.60758,0.12889,-0.053856,-0.80993,0.19822,-0.60783,3.7925,9.6242,0.36448,-0.036638,-0.5176,-0.018481,-0.43823,-0.58564,-0.4546,4.8198,-6.5384,8.2278,0.31838,-0.011198,-0.2215,-0.11391,0.76219,-0.90529,-12.403,1.6775,-1.2167,0.56944,0.13957,-1.0475,0.84412,-0.38036,0.11706,-11.823,-5.68,-3.3685,-1.3092,0.23185,0.91495,0.80235,0.66102,0.02949
0,9.515,-1.1562,1.9444,0.51219,-0.12139,-0.077293,-0.84107,0.17583,-0.58658,10.225,0.73181,3.9761,-0.15721,-1.324,2.004,-0.18762,-0.14629,-0.75229,11.189,-2.6792,1.4937,1.3438,0.62684,1.1275,-1.3473,1.4397,-0.00281,-9.69,-2.6106,-2.1716,0.31134,-0.004736,-1.3235,0.60872,-0.41209,0.47072,-12,-1.1666,-1.9935,-0.87349,0.043439,-2.3722,0.86076,0.64865,-0.21779
0,9.4758,0.31496,1.8694,0.50301,-0.1452,0.058761,-0.81959,0.14368,-0.59129,8.8532,0.68076,3.7858,0.035599,-0.81172,1.1327,-0.015567,-0.21731,-0.67744,11.205,-1.3218,1.535,0.69392,0.87337,0.81214,-1.1924,1.134,0.015114,-9.7241,-1.8687,-3.2441,1.0135,-0.019587,-1.3589,0.62679,-0.37023,0.45177,-12.321,1.7271,-1.4691,0.51954,0.12288,-2.4992,0.92742,0.67923,-0.31061
9,9.9889,-3.4937,-0.50072,-0.27358,0.55369,0.45048,-0.80547,0.048318,-0.63037,-3.693,13.302,-3.7667,-3.0004,-1.4279,-2.4038,0.5144,-0.89142,0.009642,-3.9738,-13.993,4.8973,3.1383,0.80638,3.8889,0.61546,0.7495,-0.3359,-12.092,10.438,-3.8596,1.5959,0.8851,0.62065,0.62867,-0.85036,-0.068597,-9.5453,-2.1198,-3.16,0.75775,-0.20184,0.49049,0.886,0.57345,0.30688
3,10.65,-0.47103,2.1411,0.20528,0.20746,0.034706,-0.7704,-0.086978,-0.57939,0.47659,5.6528,7.5665,-0.13302,1.1223,-0.72623,0.92794,-0.007638,-0.32677,-0.44297,-5.6283,8.6016,0.014194,0.58777,1.2372,0.37142,0.23594,-0.52821,-12.37,-4.7788,-2.0117,0.093001,-0.1597,-0.24609,0.91177,-0.10219,-0.36597,-7.2603,-7.6726,-0.17113,0.22116,0.15237,-1.5263,0.5258,0.89949,0.095418
5,8.4307,1.1401,5.1464,0.47225,-0.12614,-0.079971,-0.64746,-0.16123,0.095243,3.8759,6.8856,5.3483,0.12507,0.019243,-0.073851,-0.81007,-0.45896,-0.27856,6.6186,-5.5062,4.8227,0.081983,-0.23359,-0.48817,-0.99619,0.14418,-0.48794,-4.9745,12.806,-0.76185,-0.44779,-0.006006,0.45539,0.38028,-0.41265,-0.1728,8.1654,-0.49432,-2.1896,-0.30423,0.76328,0.56979,0.12542,0.60304,0.11494
4,9.4527,-1.0718,3.1098,-0.87537,0.41137,0.13919,-0.76184,0.002383,-0.52488,3.8052,6.2164,5.759,0.61886,0.23253,1.4576,-0.17717,-0.76003,-0.86675,-8.0026,-8.3401,6.4935,-0.28467,-0.30366,-0.67774,0.15496,0.60452,-0.50894,-7.8228,-1.1433,2.5073,1.081,-0.25664,-1.0225,0.47473,-0.18824,-0.11917,-9.8851,-3.4668,-1.0312,-0.65745,-0.41829,-0.29943,0.66921,0.15953,0.11259
9,10.759,3.9535,3.4998,1.4668,0.24285,0.43245,-0.81678,-0.056753,0.14678,8.0201,8.5918,-0.97307,0.61401,1.9108,3.0542,-0.35542,-0.62401,0.368,12.181,3.2538,7.9298,-7.809,-5.2098,-6.3254,0.038958,0.28923,-0.76377,-9.9151,2.7009,1.4031,-1.1123,0.88343,-1.2107,0.72866,0.34773,0.21395,-9.8131,-1.2528,-1.8134,-2.7564,1.3174,0.88344,0.81218,-0.14823,0.10607
7,8.7019,-0.45733,4.2825,0.26169,0.13987,-0.01364,-0.65294,-0.062631,-0.70277,1.334,0.42935,7.556,-0.31514,-0.007056,0.17953,0.39732,0.082121,-0.86827,0.9511,-0.78356,7.4013,0.41338,0.061107,0.27466,0.32836,-0.23185,-0.85174,-0.2263,8.8571,1.4306,0.31471,0.20102,-0.065671,-0.55076,-0.75525,-0.2212,0.23007,-8.8268,1.1696,-0.20238,0.10107,0.14935,-0.60842,0.75678,0.018915
1,6.3367,-2.1921,4.6695,-1.1862,-0.69596,-0.051505,-0.63262,0.2997,-0.70001,0.70133,9.4063,1.6553,0.058263,-0.38069,-0.1938,-0.16446,-0.5345,-0.47409,2.0133,-6.2817,7.5617,0.088892,0.47612,0.27492,0.18878,0.75268,-0.78587,-8.9683,0.14173,-1.1704,1.1515,0.53676,-0.66542,0.7852,-0.52224,0.049854,-6.1106,5.9492,1.1794,2.4212,0.24744,-0.47126,0.56125,0.819,-0.064374
2,4.2194,0.13899,0.045646,-1.2867,-0.65833,0.34892,-0.86347,0.23485,-0.4228,2.6573,0.86388,-0.98034,-1.1856,-0.66215,-0.10097,0.16691,-0.63005,-0.42804,-5.3542,-3.3904,2.1661,-1.2335,0.047459,-0.010048,-0.47929,1.0611,-0.22831,-0.73011,-9.0605,2.416,0.55067,-0.31714,1.3012,0.66511,-0.53363,0.40032,-4.9894,-12.447,-0.43607,-1.0157,-0.30932,1.9021,1.219,0.36229,-0.10108
4,7.1561,-0.9128,2.4047,0.020822,-0.023208,-0.057378,-0.70319,0.099737,-0.59623,3.7251,6.8597,6.2896,0.16688,0.17012,0.69554,-0.41279,-0.75629,-0.74824,-1.9318,-8.1885,6.8027,0.054748,-0.6657,0.03818,-0.20187,0.46537,-0.69703,-7.7477,3.3839,-0.78218,0.99867,0.025921,-0.94107,0.46815,-0.29034,-0.145,-8.0614,0.061692,0.33457,0.33342,-0.26588,-1.0564,0.6012,0.048207,0.24147
3,9.9234,-1.0901,-0.1619,-0.22274,0.31767,0.011359,-0.92059,0.063808,-0.50709,2.1618,7.7095,5.8797,-0.24782,0.48213,-0.82013,0.64843,-0.29508,0.018296,0.045306,-7.4246,7.2996,0.14901,0.64819,0.64035,0.51105,0.49073,-0.48704,-10.428,-1.142,-0.73679,-0.20959,0.003749,-0.35037,0.71019,-0.41506,0.099427,-9.3407,-5.2132,-1.1951,0.021779,0.17952,-1.0277,0.60031,0.65505,0.19625
4,11.209,2.7564,0.047906,-1.067,-0.036102,0.16287,-0.85102,-0.21061,-0.34573,-1.0429,9.248,5.5289,-0.008509,-0.1738,-0.63613,-0.23035,-0.69085,-0.67184,1.5959,-6.3102,5.8895,0.2952,-0.016779,0.28461,0.038318,0.58149,-0.75686,-13.178,2.0186,-0.27025,-1.0529,0.16956,1.9933,0.51768,-0.21642,-0.10167,-11.628,0.85651,-0.47325,0.09677,-0.19687,0.66939,0.63447,0.21236,0.20827
1,12.926,-0.52379,4.4781,-0.17205,0.38181,-0.043617,-0.69669,0.14411,-0.50846,-0.89169,8.8172,5.2932,-0.18133,0.060692,-0.034452,0.059854,-0.16883,-0.62555,-0.95974,-6.7484,7.395,-0.3365,-0.13864,0.3473,0.50838,0.80751,-0.59838,-11.279,11.705,-5.1154,-1.2031,0.10323,-2.2854,0.22787,-0.8455,0.2988,-12.301,-4.6364,-2.5042,-1.1826,-0.057607,0.6633,1.1161,0.24153,-0.074553
9,7.2309,-1.9174,6.0902,0.053387,-0.17557,0.066227,-0.43059,-0.18575,-0.84624,-8.3732,-5.1375,1.0114,0.28349,0.2943,-0.071984,0.72243,0.47894,0.42966,-8.9165,1.2243,3.5605,0.19997,-0.12549,0.43931,0.61398,-0.50732,-0.52602,-9.6297,-0.54391,-0.72978,-0.17988,0.077873,0.15728,0.8528,-0.36619,-0.28715,-9.1732,-2.7305,-0.30781,0.19958,-0.13458,-0.46676,0.72208,0.69213,0.2163
6,8.3272,0.54192,4.6124,0.10303,0.12245,0.34306,-0.90559,0.31266,-0.14855,1.5382,8.2088,4.6697,-0.20513,-0.25848,0.19359,-0.71354,-0.56496,-0.51557,0.23599,-5.1101,8.3618,-0.078213,0.12978,0.087973,-0.56499,0.72775,-0.56379,-2.0591,1.9788,-0.70913,-0.20107,0.082428,1.3457,0.6446,-0.49981,0.084717,-7.5033,-10.727,-8.2007,0.13735,-0.25073,0.51994,0.71444,0.42358,-0.088605
3,9.979,1.7348,0.18151,0.74824,-0.52051,-0.062808,-0.71074,-0.20781,-0.59777,5.5989,7.6631,2.7071,-0.056499,0.38011,-1.8323,0.057399,-1.0315,-0.41251,4.8845,-4.085,5.8533,0.1006,1.3571,0.89428,-0.17248,0.37389,-0.65646,-10.057,4.2222,-0.48068,-1.5595,0.20893,1.099,0.9174,-0.32719,-0.40087,-8.3901,-2.2295,-0.62275,-0.8185,-0.48217,1.2414,0.7422,0.27429,0.56084
7,9.9607,-0.57526,0.91336,0.07316,-0.32186,-0.076424,-0.78124,-0.05152,-0.57089,2.7039,3.4181,7.8384,0.27754,-0.41631,0.32484,0.34446,-0.33963,-0.81115,4.0155,-0.16012,8.5499,-0.039762,-0.37371,-0.012023,0.24632,-0.29752,-0.85345,0.9962,9.1191,-1.4886,0.020606,0.23925,-0.23054,-0.66644,-0.69518,-0.042722,1.4967,-8.4262,-4.2427,0.063752,-0.021033,0.21702,-0.70258,0.57459,0.33864
5,8.4104,1.556,5.3663,-0.29924,0.33857,0.063357,-0.62862,-0.21791,0.076581,4.3206,7.0929,4.8292,-0.053125,-0.15536,0.14933,-0.81798,-0.45925,-0.24724,5.9952,-5.6293,6.0798,-0.25095,0.22855,0.15865,-0.83625,0.22417,-0.60612,4.9073,0.40698,2.2704,0.037382,-0.26707,0.88823,0.26875,-0.52074,-0.39306,-4.9585,-12.054,1.6036,0.17927,0.090417,-0.074404,0.38135,0.2631,0.13739
4,8.6764,-0.29995,-0.76262,-1.1536,0.062596,-0.086555,-0.98564,0.18144,-0.34943,1.759,8.8509,3.956,0.092907,-1.1531,1.9796,-0.053442,-1.1089,-0.74296,-12.441,-9.0961,-0.63243,-1.3193,-0.45877,-2.4653,0.2782,0.54139,-0.46523,-2.4821,-4.0543,-0.72583,0.36166,-0.084456,-1.3143,0.36464,-0.39893,-0.12001,-8.112,-5.4687,-1.8221,0.061846,-0.027949,-0.4636,0.6038,0.17979,0.16231
5,7.9879,-0.75766,5.4122,-0.33291,0.066177,0.34577,-0.80024,-0.079423,0.007678,4.3255,9.0475,-0.13933,-0.14824,-0.13612,0.30121,-0.78141,-0.33049,-0.23332,6.9161,-4.682,5.168,-0.078689,0.26925,0.076313,-0.97171,0.009824,-0.67346,-3.1769,6.9141,-0.29043,-0.34138,-0.41968,3.0538,0.14959,-0.55973,-0.3041,-5.6548,-15.569,-3.2035,-0.077059,-0.63623,2.039,0.30921,0.33891,0.1755
4,-5.7941,2.9735,3.9167,0.22665,-0.54515,-0.28341,0.71901,-0.10828,-0.37872,-5.3379,9.2522,-5.2119,0.19446,-0.037645,0.68106,-0.2497,-0.55061,0.35602,5.0343,-6.707,4.8771,-0.068382,0.22966,-0.89249,0.012649,0.81738,-0.75678,-7.5552,3.2971,1.6246,-0.084459,-0.3043,0.59171,0.684,-0.12474,-0.18821,-6.1898,-2.5571,-0.81991,-1.0405,-0.4396,1.0238,0.36351,0.48945,0.1639
3,10.941,0.40856,1.2984,-0.093325,-0.071444,0.19249,-0.8976,0.053198,-0.54298,-2.3933,8.1522,6.0393,-0.42373,0.17821,-0.67304,0.67909,0.1178,0.36252,0.2132,-6.1095,7.7011,0.73477,0.65768,0.83016,0.48945,0.37124,-0.54664,-6.611,7.0788,-1.4968,-0.16499,0.52808,0.76841,0.24607,-0.85764,0.15285,-9.8371,0.33568,-0.7151,-0.38838,-0.10306,0.10365,0.91339,0.36846,-0.021555
4,10.208,2.1968,1.0459,-1.0107,0.046623,0.29375,-0.8243,-0.11037,-0.3154,3.2496,6.9601,7.2117,-1.3457,-0.91821,2.3927,-0.20453,-0.74022,-0.99452,-8.8204,-11.761,5.5249,-1.0238,-0.47238,-2.1879,0.076769,0.52419,-0.62443,-5.1398,-1.2428,-0.42428,-0.000603,0.65526,-0.68531,0.52628,-0.30975,-0.082128,-11.044,-7.5355,-3.6326,-0.46893,-0.67708,0.93795,0.61847,0.094125,0.25095
5,5.8386,0.72687,7.9647,0.013315,-0.37571,-0.11998,-0.5987,-0.27116,-0.22697,0.26965,8.5648,4.0203,0.068332,0.001299,0.009415,-0.26757,-0.49917,-0.006934,0.55386,-4.2738,8.7118,0.000926,-0.099061,-0.053516,-0.52335,0.058841,-0.59104,-4.3538,11.587,3.4705,-0.45949,0.4119,-1.3164,0.34985,-0.40909,-0.3354,-0.23548,-8.304,-4.2779,0.21884,0.6718,-1.5511,0.22656,0.44538,0.3201
6,9.9316,-0.14966,-1.5633,-0.14107,0.12123,0.24791,-0.95122,0.42837,0.43015,-2.469,6.4527,7.261,-0.12232,-0.10985,-0.002622,-0.39528,-0.39077,-0.87006,-0.69305,-0.97191,9.893,-0.062408,0.005138,0.012934,-0.44876,0.48217,-0.80201,-6.8937,10.354,-3.4594,-0.60495,0.52158,1.923,0.45549,-0.47739,0.35453,-5.8371,-8.5484,-2.5601,-0.29346,-0.97266,2.1926,0.4567,0.72131,-0.20942
1,8.2638,0.74357,0.23178,-0.30974,0.088798,0.34391,-0.81824,0.065486,-0.24446,8.6337,3.4173,2.7824,-0.020446,0.1646,-0.010527,0.79195,-0.25952,-0.29154,9.023,0.81988,4.2292,-0.33096,0.39917,1.5814,-1.6791,0.30498,-0.65951,-4.5252,-3.0001,-2.1658,-0.21279,0.67869,0.39867,0.27948,-0.79162,0.27222,-9.7375,0.88325,-0.77308,-0.41828,-0.15785,1.3139,1.0584,0.41436,0.044601
8,2.1567,-0.28258,0.58568,0.064891,-0.04797,-0.031085,-0.66168,0.45731,-0.21995,-0.080716,4.6632,-0.27365,0.73557,0.62062,0.095359,-0.19546,-0.73027,-0.20082,-0.030487,-7.6465,-6.0046,-1.1745,-0.44277,-0.82569,-0.17309,0.63117,0.46,-1.1511,0.097191,0.40085,0.56298,0.25398,0.041357,0.50128,-0.082409,0.48185,-0.35862,-1.8811,1.0091,-1.0369,-0.019147,-0.34502,0.46724,0.084614,-0.46875
4,8.3312,-0.6017,-0.057731,0.23441,0.080817,0.037014,-1.0325,-0.13617,-0.19217,-7.1672,3.972,3.13,-0.075119,-0.56538,-0.89102,-0.088506,-0.69584,-0.40688,1.9431,-5.5504,7.8639,-0.12906,0.38784,0.083772,0.24036,0.64059,-1.0247,-9.5443,1.233,-0.50882,0.27549,0.005381,1.2323,0.63069,-0.19278,-0.12359,-6.3506,-2.6415,-2.8787,-0.046503,-0.014251,1.5109,0.37583,0.45189,0.15107
6,7.6418,-3.7734,1.8824,-0.50796,-0.2072,0.53353,-0.93206,0.57309,0.23572,-0.7835,8.6168,5.0427,-0.1269,-0.13724,0.12134,-0.53477,-0.51386,-0.68003,0.43191,-3.4544,8.2786,0.25901,0.2228,0.5287,-0.42364,0.65526,-0.66141,-5.4956,3.7398,1.1567,-0.73208,-0.30939,2.1681,0.467,-0.57052,0.25209,-11.671,-12.271,-0.52992,0.053338,0.088279,1.6076,0.60291,0.29677,-0.418
0,8.9735,-1.7302,3.8232,0.62331,-0.57022,0.22006,-0.57715,0.18459,-0.6821,10.983,4.055,3.5923,-0.12211,-0.76695,3.0012,-0.49673,-0.27185,-0.80734,10.683,-3.44,3.2576,0.84634,0.31773,1.5888,-0.54018,0.66024,0.43921,-11.541,-3.4157,-2.2397,0.38498,-0.25964,-1.574,0.47597,-0.69162,0.26684,-16.651,2.28,-1.484,-2.0107,-0.44396,-2.6847,0.97421,0.49635,-0.11132
9,9.9361,-1.6345,0.79415,0.27734,-0.48648,0.23798,-1.0137,0.088953,0.40534,-8.23,3.0828,1.2191,1.7447,0.7718,0.83286,0.62773,-0.75752,0.18191,-2.2795,2.2682,0.78754,-0.31782,-0.56104,0.38669,-0.36519,0.39677,-0.857,-9.603,0.93785,2.0118,-0.81267,0.41946,0.007173,1.0962,0.13121,0.057613,-9.7291,-0.91402,-1.4859,-0.41709,0.24165,0.24773,1.0442,-0.40527,0.12537
2,-1.9926,1.0296,-1.4253,0.32346,-0.30132,-0.4705,-0.90635,-0.13494,-0.79687,-3.6457,3.0672,2.3166,-0.79094,-0.60499,-1.6128,0.28522,-1.1096,-0.29292,4.4783,1.3056,-0.94054,-1.0201,0.10852,-1.2518,0.42914,0.81907,-0.93022,-0.43285,11.294,0.10206,-1.0028,-0.38081,0.70228,0.65258,-0.23337,0.35788,-9.2267,-19.848,-1.3973,0.97223,0.065802,0.62832,0.43961,0.61426,0.37555
5,9.28,0.74594,3.0746,0.04069,-0.021396,-0.003226,-0.58364,-0.195,0.15871,2.404,0.88266,9.3051,0.012323,-0.006438,0.021348,-0.25155,-0.18606,-0.25452,0.79461,-1.2805,9.9196,-0.034655,-0.005992,-0.047529,-0.58725,-0.10065,-0.54298,-1.8283,10.515,-0.62445,-1.3877,-0.36252,1.9547,0.30752,-0.52824,-0.26979,-3.2517,-10.94,-4.7351,-0.8189,-0.70176,1.9658,0.30172,0.4315,0.31076
6,9.5757,0.45852,-1.3929,-0.2635,-0.037488,0.27909,-0.98119,0.40697,0.39458,-1.9997,6.557,7.563,-0.043596,-0.028136,0.026054,-0.45314,-0.36069,-0.83324,-0.52983,-1.3472,9.7003,-0.11403,0.041543,-0.13628,-0.45791,0.47762,-0.78763,-7.7753,9.7381,-3.0548,-0.15668,0.32511,1.2692,0.51554,-0.37269,0.30474,-2.4662,-7.606,-1.9552,-0.55793,-0.60455,1.6516,0.36085,0.79813,-0.21461
2,8.3018,2.2562,-7.2436,2.9376,0.80752,0.48947,-0.82145,0.13059,-0.57343,3.8499,13.041,-3.8605,-0.20743,-1.4857,-0.089777,-0.58206,-0.7845,-0.27463,4.1643,-8.0208,4.1323,0.70205,1.9772,0.40726,-0.20579,0.67215,-0.91269,-37.037,4.6755,-2.7614,-1.2779,0.43619,3.7653,0.82241,-0.43286,0.16434,-14.526,41.755,-0.79843,-0.7282,0.5087,1.3203,0.88513,0.62469,0.017101
1,6.0546,0.36912,1.405,-0.64575,0.11636,0.21053,-0.7238,0.079955,-0.50202,6.4122,3.5543,-1.2241,-0.40277,-0.072554,-1.5948,-0.03852,0.025497,-1.2403,6.229,-3.0998,3.6597,-0.37042,-0.61587,-0.52473,-1.2024,0.2264,-0.072658,-4.0289,-4.8052,-0.30921,-0.66578,0.1395,1.2696,0.4122,-0.70642,0.29689,-8.77,-1.4429,-2.4131,-0.6689,-0.025077,1.5349,1.0585,0.53359,-0.062231
5,9.443,-0.84128,1.8912,0.024541,-0.009693,-0.22367,-0.59687,-0.24277,0.17131,0.67461,6.7835,7.2157,0.11012,0.076272,-0.16647,-0.17697,-0.53728,-0.13196,1.0803,-3.1332,9.1947,0.099495,-0.065249,-0.06355,-0.43196,-0.10014,-0.60652,-4.8646,10.821,-0.33521,-0.086888,-0.32072,0.30534,0.34335,-0.49096,-0.17183,4.5897,-5.2833,1.5919,-0.22212,0.11442,0.43856,0.019716,0.61397,0.12386
3,-6.7317,6.1037,3.2837,0.086139,-0.31365,-0.14933,0.58829,-0.30312,-0.75818,2.4168,9.3101,-3.327,0.01004,-0.32585,-0.39059,1.0361,-0.23347,0.41614,3.4883,-7.6447,5.9119,-0.21679,0.46717,0.51511,-0.091347,0.58323,-0.51368,-12.243,5.2808,0.97817,-0.39724,-0.61301,0.98895,0.72534,-0.45626,-0.41483,-10.203,-0.72689,-1.4277,-0.34867,-0.34676,0.94712,0.69542,0.36004,0.64852
0,8.5733,-0.49198,1.7713,0.048224,-0.83537,0.10293,-0.67878,0.18753,-0.69419,4.1487,9.849,-1.1923,-0.25131,-0.19917,0.21597,-0.54243,-0.52525,-0.41836,5.7956,-4.3323,6.324,0.24726,-0.34672,0.001726,-0.16231,0.71769,-0.88896,-13.149,-4.1985,-1.8687,0.53775,0.0553,2.8497,0.68465,-0.60057,0.055144,-9.4642,-0.75732,-1.4672,-0.92638,0.539,0.63641,1.157,0.37291,-0.24522
2,17.836,-6.5595,2.3043,4.2584,-0.19087,0.078096,-1.1578,0.25291,-0.47277,-6.421,22.046,8.342,1.6327,2.196,3.8925,0.21117,-0.71278,-0.60938,-1.0243,-23.495,1.4004,1.7945,-1.2857,4.4422,0.89389,0.87649,-0.52815,-15.674,-5.845,-6.4846,-0.060685,-0.24705,-3.8158,0.3325,-0.66849,0.32167,-21.916,6.3992,-7.6175,-0.046528,0.15526,-4.9265,0.32114,0.65757,0.31611
6,9.4709,0.24573,-1.4286,-0.19697,-0.017533,0.2246,-0.97441,0.40092,0.40606,-1.7802,6.6181,7.0964,-0.055208,0.099461,-0.13855,-0.43558,-0.40068,-0.84463,-0.25718,-0.8688,9.6879,-0.14592,0.03955,-0.03994,-0.47335,0.44995,-0.80769,-7.518,9.6822,-3.2308,-0.005575,0.24971,1.6053,0.52346,-0.38973,0.30402,-2.6723,-6.6554,-1.4616,-0.42894,-0.68807,1.7167,0.38118,0.78314,-0.21861
3,8.6529,0.45248,-0.015093,0.75412,0.313,0.1275,-0.85131,-0.098462,-0.44419,6.1396,3.0169,6.9217,0.28685,0.90389,-0.72623,0.24852,-0.46785,-0.21821,5.1131,-5.9118,4.9795,0.091513,0.29748,0.79666,-0.18331,0.54758,-0.59506,-8.9232,-0.93043,-2.0419,0.40667,-0.005259,-0.72965,0.89404,0.11587,-0.37264,-7.9499,-6.1772,-0.7748,-0.76994,-0.26021,-1.0378,0.57596,0.89129,0.34689
1,12.571,0.50902,1.7844,0.42482,0.77055,-0.25053,-0.8523,-0.15937,-0.65009,-0.84752,5.8374,9.3895,0.46192,-0.65105,-0.38053,0.28854,-0.60485,-0.75789,-1.5441,-6.3844,9.3007,-0.33929,-0.13587,-0.60574,0.32697,0.44161,-1.1218,-14.194,7.2104,0.95092,1.3119,-0.32373,0.53413,0.60301,-0.32962,0.12278,-17.001,-26.075,2.7895,2.4443,1.2622,0.80476,0.15632,0.74346,0.091576
7,7.5629,-0.49782,3.7216,0.2356,1.0221,-0.050442,-0.54999,-0.019486,-0.79451,2.1309,-0.79907,6.4226,-0.080165,0.19773,-1.0628,0.28557,0.34292,-0.86087,1.1695,0.32001,6.202,0.22625,0.23864,0.93385,0.23765,-0.41651,-0.82211,-0.60344,9.6296,1.2193,0.10563,-0.002893,-0.48972,-0.38394,-0.85577,-0.20504,-0.20581,-9.6667,0.73259,0.13425,-0.098349,0.58697,-0.44246,0.8656,0.037619
2,10.165,1.1925,2.604,-1.4505,-0.20245,0.064804,-0.82664,0.18867,-0.4804,4.4597,2.7009,-1.3476,-0.61004,-0.58497,-1.7748,0.21754,-0.52973,-0.45043,1.4654,-6.2913,0.26117,-0.45774,0.90873,-0.2689,-0.54258,1.1509,-0.093269,-7.756,-9.2609,0.46708,-1.5253,0.29243,2.5373,0.70613,-0.52782,0.37891,-20.379,-7.982,3.6788,0.39236,0.37659,3.7045,1.1429,0.49657,-0.099506
7,9.839,0.13968,0.11269,0.092953,-0.31604,-0.025473,-0.77394,-0.069571,-0.57643,-1.7119,6.3772,8.0786,0.42787,0.059871,-0.29159,0.6738,-0.22032,-0.6325,-1.1621,-5.0117,8.9429,-0.35999,0.24223,0.21659,0.57325,0.006898,-0.75124,1.0421,9.7463,-1.3672,-0.066119,-0.040822,0.034537,-0.67045,-0.69181,-0.025387,1.7134,-8.4726,-4.2825,-0.22519,0.022027,-0.035314,-0.70083,0.57844,0.33474
3,-7.1027,6.6387,3.6201,0.21756,-0.45389,-0.60272,0.64385,-0.24785,-0.72853,2.7817,9.131,-2.8546,0.082404,-0.41842,-0.44884,1.1237,-0.15074,0.40725,4.7313,-7.2567,5.1558,-0.085172,0.50983,0.52811,-0.054787,0.57208,-0.5176,-10.361,5.023,-0.019458,-0.5416,-0.79568,1.3368,0.73364,-0.4606,-0.39589,-10.341,-3.0992,-1.7906,-0.26539,-0.251,0.97118,0.67025,0.40995,0.61965
2,21.078,-3.8552,6.4871,1.5727,-0.23648,0.48547,-0.89381,0.13376,-0.85042,-0.3322,21.644,8.4028,1.6604,1.3044,1.0288,0.34974,-1.0321,-0.5095,3.0637,-20.615,2.2875,1.6066,-1.9509,2.3806,0.7724,0.75619,-0.84181,-19.131,-10.698,-6.8965,1.8948,-0.26765,-2.8425,0.35166,-0.7099,0.23642,-22.921,11.366,-1.6759,0.42341,1.5434,-2.7618,0.44565,0.57469,0.41193
0,11.824,2.1756,3.765,-0.048881,0.008348,0.089953,-0.85464,-0.21779,-0.66201,3.6752,6.9073,7.6791,-0.17595,0.42814,0.27323,-0.35661,-0.82525,-0.73049,5.783,-5.4276,5.8861,0.079281,0.086096,0.63018,-0.41067,0.79885,-1.2368,-9.1981,6.3033,2.6903,0.89556,0.17751,0.059118,0.01671,-0.78916,-0.2233,-11.155,-2.7397,-0.54196,-1.0846,-0.22182,0.5098,0.68439,0.28072,0.14639
9,8.7748,-4.0016,1.629,0.27687,-0.012154,-0.011041,-0.71536,0.14838,-0.63727,0.70654,9.5243,1.9467,0.030369,0.33916,0.023472,0.46049,-0.75341,-0.41194,2.4888,-9.3664,-0.64602,0.18592,-0.30088,-0.012707,0.26683,0.90633,-0.19384,-9.6828,-1.1946,-0.30068,-0.13809,0.002293,-0.028016,0.82565,-0.46883,-0.12389,-9.8136,0.65814,0.1852,-0.14087,0.017936,-0.066626,0.86571,0.49233,0.23105
0,8.9647,0.30422,3.4733,-0.45321,-0.096487,-0.20927,-0.72715,0.039189,-0.97758,10.24,3.1264,2.1452,-1.5173,0.46281,-1.105,-0.83961,-0.74544,-0.47716,10.277,-3.8807,2.5503,-0.2426,-0.46923,-1.6237,-1.5604,1.6157,0.011491,-15.429,-3.8012,-2.3727,0.009983,0.37467,2.5538,0.43817,-0.54857,0.37839,-9.3297,3.1953,-2.6566,0.35791,-0.20317,1.6722,0.45582,0.65316,0.23857
6,9.8626,-1.121,0.26315,0.25209,-0.045211,-0.080384,-0.74956,0.36109,0.25969,2.3001,4.1905,8.935,-0.27679,-0.17084,0.38084,-0.52676,-0.089098,-0.59323,0.6718,-3.7309,9.1686,0.099113,-0.17137,0.16839,-0.46769,0.67618,-0.42408,-5.0286,7.1477,-3.342,0.53465,-0.13479,-1.5098,0.53444,-0.34803,0.372,-7.6074,-6.7896,-6.4102,0.63358,0.37567,-1.1627,0.62437,0.41838,-0.04556
3,6.928,-0.51492,0.36443,0.10513,-0.32683,-0.1814,-0.71448,0.031433,-0.64426,3.8117,4.728,4.4334,0.32878,1.4268,-1.7305,0.7695,-0.17358,-0.23531,2.806,-4.7399,7.6601,0.055769,1.4371,0.85754,0.1147,0.30233,-0.66775,-7.6224,2.9406,-1.6393,0.35668,0.81282,2.3777,0.71088,-0.56603,-0.20395,-9.5077,-2.6421,-0.5287,-0.19067,0.20718,0.76067,0.74679,0.53843,0.42038
8,0,0,0,0,0,0,0,0,0,0,0,0,0,0,0,0,0,0,0,0,0,0,0,0,0,0,0,0,0,0,0,0,0,0,0,0,0,0,0,0,0,0,0,0,0
8,1.6804,-0.68274,-0.63226,0.29289,-0.86601,-0.089706,-0.63621,0.44836,-0.30522,1.1886,3.6135,-0.97395,2.2187,0.41868,1.0131,-0.1128,-0.71512,-0.33158,-0.92799,-6.7401,0.45136,0.36658,0.85298,0.37429,0.32921,0.40652,0.62119,-1.12,0.01505,0.80196,0.72948,0.21268,0.61206,0.473,-0.11171,0.5107,-0.49801,-2.4668,0.50178,-0.97542,-0.22292,-0.70535,0.48999,0.13583,-0.44105
2,28.296,-5.0546,3.1357,0.14123,-0.52424,0.78643,-0.92112,0.14482,-0.82559,1.7482,15.585,3.4931,0.36193,2.02,1.11,0.37543,-1.017,-0.60103,-3.823,-18.562,2.77,0.8859,-1.5789,2.9131,0.71379,1.065,-0.63777,-2.1748,-29.181,3.8538,1.2843,0.30144,0.042247,0.21292,-0.83727,0.1182,-29.867,0.07253,-9.2242,2.0306,0.73949,-3.1295,0.64657,0.42852,0.33808
7,9.8678,-0.37702,-0.38331,0.042407,-0.26877,0.014374,-0.82117,-0.050773,-0.51252,1.9417,3.3214,8.2348,0.30638,0.097492,-0.11264,0.35407,-0.28109,-0.82765,2.3399,-1.4182,9.7352,-0.63406,0.061885,-0.065408,0.27587,-0.14582,-0.88429,1.4495,10.202,-2.1851,-0.00427,0.24401,-0.24237,-0.68475,-0.6792,0.032407,1.5423,-8.4741,-3.4203,-0.072313,-0.1172,0.23117,-0.69994,0.58215,0.32909
1,14.613,0.66536,-1.2649,0.072058,-0.26441,0.1761,-1.1629,0.14358,-0.25302,12.611,1.2655,2.4239,-1.0389,-0.56878,1.2599,-0.38656,-0.50833,-0.32258,16.761,-3.7226,5.371,-1.1549,-1.1102,-1.1225,-0.28512,0.97027,0.12168,-12.879,1.8383,1.6158,-0.54485,-0.62677,-1.2349,-0.083183,-0.82491,0.21416,-12.078,-8.9263,-2.5205,-0.29887,0.1424,-1.4389,0.9132,0.35904,-0.002357
6,8.4255,1.0871,4.8889,-0.24451,-0.10371,-0.046066,-0.90762,0.28082,-0.19254,1.1141,8.3201,4.4761,-0.027845,-0.012379,0.040339,-0.70948,-0.59253,-0.50145,0.13867,-4.835,8.4998,-0.021173,0.12635,-0.12037,-0.57103,0.719,-0.56485,-0.4405,1.3373,1.6988,0.48551,0.48652,-0.98843,0.62421,-0.52236,0.10795,-7.8467,-8.8788,-4.7083,0.40539,0.26758,-0.37408,0.71402,0.43079,-0.098323
4,8.6273,-1.8802,-1.8415,-1.735,0.38083,0.13014,-0.99723,0.001361,-0.24819,-2.4681,10.377,0.52931,-1.109,-1.0497,-2.7245,-0.11893,-0.67281,-0.42139,0.37907,-8.0488,5.5066,-0.35763,1.1147,1.6971,0.30158,0.56522,-0.80167,-11.247,2.3616,-0.72913,0.11414,1.1065,2.5039,0.49059,-0.38302,-0.045875,-12.408,-4.2549,-1.0129,-0.55573,-0.54794,2.2226,0.5072,0.35622,0.1734
6,7.7373,-3.8729,1.9639,0.34337,-0.32267,0.32498,-0.94372,0.59332,0.18183,-0.93511,9.4869,3.6154,-0.77242,-0.49135,0.16464,-0.55323,-0.62758,-0.64206,0.68714,-2.1068,8.8131,-0.079956,0.3101,0.44924,-0.54045,0.56751,-0.62902,-1.5447,-0.005121,-0.70507,-0.65086,0.28077,0.79396,0.48222,-0.60841,0.21243,-9.4321,-11.362,-2.4091,-0.77592,-0.12948,-0.33257,0.60526,0.32543,-0.43354
0,9.8159,2.0172,0.44845,-1.1141,0.19093,-0.66468,-0.78659,0.001218,-0.61188,10.814,4.0978,3.5695,-0.95485,-0.085227,-0.2423,0.15089,-0.24967,-1.0979,0.50341,-3.0171,-0.6017,1.5157,0.17733,-5.1486,-0.19562,1.2076,-0.51897,-13.355,-11.594,-1.8727,0.32031,0.08322,3.2719,0.70446,-0.22588,0.40934,-9.0045,1.1936,-3.3423,-0.6287,0.16864,1.9791,0.90376,0.54417,-0.26595
6,8.6727,1.7702,3.2091,0.5314,-0.05982,-0.25578,-0.92305,0.25455,-0.10915,2.5433,7.3643,5.5577,0.17882,0.14032,-0.14125,-0.79238,-0.41553,-0.55483,1.6472,-4.1847,8.7509,0.014661,-0.20317,-0.002304,-0.68861,0.63225,-0.58286,-9.9145,11.132,-0.003019,-0.43155,0.19526,-0.41752,0.70256,-0.14884,0.19835,-2.2219,-0.69445,-1.5624,0.90462,0.41186,-1.0323,0.54585,0.68334,-0.11682
4,8.7375,-1.5038,3.2116,4.5666,-1.0431,0.030408,-0.76775,0.22149,-0.63291,0.067203,10.107,-1.1229,-0.7512,-0.43165,-1.8679,0.037716,-0.81893,0.090076,-3.9385,-10.334,8.3624,0.023588,0.51659,2.7863,0.18493,0.41704,-0.69364,-10.861,2.3279,-2.6651,-0.39136,0.83676,-0.59287,0.52009,-0.25423,-0.21981,-15.221,-1.5454,2.1107,0.6718,0.81882,-2.2153,0.4728,0.31262,0.099538
2,7.2846,0.18461,-0.67915,-1.5979,0.43254,0.29498,-0.83341,0.24035,-0.49454,2.4168,1.1361,-0.51256,-0.64527,-1.1397,-0.13702,0.36404,-0.58398,-0.43076,-2.8206,-5.0569,0.77352,-0.57791,0.87074,-0.42036,-0.48474,1.0474,-0.1696,-2.4319,-9.3152,0.27459,-0.6329,-0.63062,2.298,0.6798,-0.52572,0.38425,-11.621,-9.4929,0.67314,-0.24236,0.027387,3.0622,1.1706,0.42856,-0.077239
3,9.6598,-0.9185,0.51273,0.60313,-0.29561,0.013823,-0.81244,0.016575,-0.42171,6.526,5.2284,4.5885,0.005028,0.19332,-0.76916,0.10867,-0.35044,-0.17336,4.9817,-6.2516,5.4663,-0.084044,0.19396,0.59476,-0.046281,0.50184,-0.64658,-9.5735,1.008,-1.6776,0.004554,0.07771,-0.76426,0.67391,-0.51582,0.20673,-9.8329,-3.55,-1.9012,0.091648,0.50535,-1.3747,0.61843,0.65608,0.22193
7,9.1955,0.32727,2.4149,0.18147,-0.68711,-0.12799,-0.63616,-0.19151,-0.69007,1.9733,10.185,0.70439,-0.2908,0.89446,1.3902,0.45395,-0.7831,-0.26878,2.7324,-2.9259,8.6563,0.57041,-1.1167,-1.2235,0.30857,-0.015561,-0.9077,1.7277,8.0439,3.5127,0.096224,-0.23197,0.33394,-0.66543,-0.61564,-0.3391,0.20794,-9.0318,1.3095,0.098093,0.046509,-0.36823,-0.52338,0.82007,-0.02978
7,8.4464,-0.048461,5.3924,0.086953,-0.21095,0.10174,-0.41627,-0.067247,-0.85458,-6.369,1.9655,7.8288,-0.15983,-0.25155,-0.34498,0.86238,0.00823,-0.41077,-4.7108,1.8032,8.4561,-0.057262,-0.15077,-0.006709,0.65521,-0.37933,-0.56754,2.7458,9.4762,-0.64065,0.19508,-0.012605,0.052103,-0.69617,-0.629,-0.19243,3.4878,-8.6734,0.36638,0.12776,-0.17179,-0.11661,-0.79035,0.54521,0.042146
2,19.047,-6.0791,7.1143,1.1112,0.4011,0.7773,-0.88731,0.11068,-0.861,3.3733,22.499,10.293,1.4859,1.8146,2.4921,0.41403,-0.88261,-0.70026,3.9276,-27.278,5.5556,2.4179,-2.3066,2.7468,0.623,0.93064,-0.85485,-18.055,-9.3858,-3.9426,0.30605,0.032761,-2.2516,0.31185,-0.74992,0.16608,-28.46,10.987,-5.1787,0.33501,1.5654,-2.9851,0.50752,0.54305,0.3977
0,12.041,0.34576,4.5874,-0.26442,0.39398,-0.35209,-0.76123,-0.060275,-0.94381,13.346,4.0302,3.4937,-0.90079,0.15747,-0.57977,-0.66704,-0.43819,-0.39442,11.843,-2.4812,2.5447,-1.1073,-0.85007,-1.9517,-0.51464,1.0999,-1.0345,-13.199,7.4995,0.32657,0.58337,-0.60499,1.2226,0.70555,-0.24587,0.33357,-11.082,7.5762,-0.42771,2.4442,-1.0001,-0.32063,0.32476,0.72193,0.2157
9,19.131,-4.2469,14.198,-0.7265,0.32565,0.84115,-0.85019,-0.29803,0.084371,1.032,10.437,3.4758,0.21721,2.5357,-4.2521,-0.16538,-0.85623,-0.014993,10.727,-9.744,7.2058,2.5178,0.54285,0.048611,-0.53052,0.046248,-0.72458,-9.1097,-15.434,-8.2448,1.2246,1.399,-0.80081,0.8693,0.34132,-0.1215,-18.83,-7.8645,-7.9535,0.062078,-0.20005,-2.0194,0.72994,-0.43507,0.3353
1,8.3771,-1.0835,1.3848,0.58461,0.56227,-0.043324,-0.75142,0.17752,-0.67597,2.1484,8.5285,-0.22181,1.8361,-0.09744,0.56525,-0.2788,-0.57512,-0.37361,3.3186,-5.3269,7.0995,-0.73908,-0.23739,-1.0518,-0.016858,0.80727,-0.78924,-8.3778,6.1707,1.805,1.4523,-0.78365,0.89973,0.88085,-0.31884,0.15032,-7.7828,4.5971,-0.083752,1.6621,0.24841,0.18073,0.89194,0.54899,-0.13083
7,9.9286,0.16116,0.084118,-0.028047,0.12876,-0.009334,-0.74778,-0.090995,-0.60121,-0.48619,4.0459,8.8289,0.062729,-0.019646,0.064807,0.57938,-0.13845,-0.73447,-0.35336,-2.3314,9.488,-0.23825,-0.078035,-0.023686,0.46243,-0.22124,-0.78902,1.5512,9.4469,-1.1762,-0.023043,0.036226,0.020997,-0.69496,-0.66195,-0.022967,1.8856,-8.2174,-4.8616,0.092518,-0.052218,-0.042114,-0.71554,0.53185,0.36927
1,9.6638,-0.3025,-0.23798,0.089095,-0.35138,-0.17679,-0.76232,0.080502,-0.45187,3.1955,8.9632,3.0524,-0.028393,0.24868,0.40123,-0.30071,-0.27954,-0.54672,3.5149,-6.6295,6.548,0.031402,-0.23733,-0.26855,-0.06474,0.90146,-0.80612,-10.185,1.3681,-3.2633,0.43109,0.33765,-1.2592,0.56497,-0.6349,0.294,-13.007,1.5365,-0.92298,-0.69007,0.61046,-2.3033,1.0214,0.74903,-0.011959
5,9.7016,0.87075,2.7733,0.13181,0.1424,0.034705,-0.81119,-0.27729,0.059742,-1.5329,7.5283,6.2291,-0.043799,-0.043368,0.052091,0.34535,-0.62087,0.074109,-0.44632,-1.4422,9.9673,-0.025717,0.048461,-0.091961,-0.58075,-0.12291,-0.69197,-1.6104,12.071,-2.9555,-1.4936,0.34981,2.2695,-0.022519,-0.70798,-0.17966,-1.1256,-9.7623,-2.1623,0.009163,-1.2312,2.581,0.084884,0.45132,0.43874
8,24.285,2.813,21.236,-1.7663,0.23034,0.15256,-0.60174,0.44626,-0.28903,-2.5233,24.892,-5.8869,1.312,0.51281,0.55804,-0.23695,-0.6998,-0.22447,2.5071,-22.932,-10.743,-0.56485,-0.15776,-0.62101,0.21064,0.40829,0.62008,-18.362,-8.1445,0.71861,-1.3977,0.93407,1.7203,0.4198,-0.10876,0.53579,-16.757,12.235,1.3246,1.5842,0.83649,-1.378,0.43347,0.093896,-0.47544
8,7.4074,-0.16911,2.1082,-0.12677,1.3765,0.20176,-0.45707,-0.000677,-0.65692,7.4976,-2.29,6.1052,-0.38349,-0.50086,0.10597,-0.5627,-0.37228,-0.3169,7.8778,-1.456,3.4796,-0.54363,0.067903,0.35504,-0.54254,0.2945,-0.39632,-8.812,1.153,-7.2668,1.7424,0.28127,-1.204,0.63584,-0.33186,0.04692,-10.53,-5.6222,-3.819,-0.014634,0.26562,1.2222,0.63655,0.2079,0.31194
8,-0.74425,0.14039,-0.44331,-0.46265,0.17941,-0.19202,-0.74004,-0.34141,-0.32027,-1.6957,0.11821,2.0833,-0.88956,-0.70273,-0.039968,-0.46511,-0.58173,0.35118,-0.22762,0.55174,-0.39151,-0.29828,0.17633,0.21925,-0.3691,0.19475,-0.71156,-0.012672,-5.0476,4.2581,0.47598,0.1058,0.16994,0.51971,-0.3995,-0.45342,1.7419,-2.964,-0.13114,-0.19543,0.044911,0.52217,0.50691,0.21845,0.55288
5,9.2574,-1.0594,3.3865,-0.049618,-0.003431,0.041115,-0.61239,-0.12535,0.10231,6.5196,5.8058,4.7697,-0.040054,0.010674,0.078163,-0.87603,0.010244,-0.22841,5.8514,-5.8951,4.7145,0.12458,-0.19761,0.073465,-0.81669,0.14996,-0.6215,-7.091,8.9632,-0.94518,-0.99093,-0.40238,1.6943,0.51743,-0.40197,-0.13214,1.4621,-4.9161,-2.4396,-0.29157,-0.2592,2.1824,0.13662,0.51831,0.2942
9,9.0832,-0.149,4.4852,-0.11868,0.15896,0.025283,-0.48353,-0.35969,-0.70841,1.4591,6.5345,9.3012,0.95081,0.62558,-0.63453,0.086513,-0.88488,-0.28783,1.2885,-10.096,4.9491,0.40094,-0.12179,0.24347,0.17516,0.60193,-0.68934,-9.9829,0.57849,-2.8341,-1.1815,-0.15277,-0.84319,0.67026,-0.61124,0.018778,-10.221,-1.1597,-3.2243,-0.053134,0.04796,-0.3615,0.49871,0.73666,0.29499
1,5.7532,-0.70065,5.3743,0.18664,-0.26595,0.051725,-0.70968,0.20836,-0.67688,4.5354,10.937,2.8901,0.18236,-0.021481,-0.20417,-0.33293,-0.48931,-0.48631,4.202,-5.6595,6.1679,-0.12012,0.75721,0.34837,-0.018677,0.74235,-0.84147,-5.8783,-5.2392,1.1777,-1.6257,-0.52118,1.5767,0.36063,-0.83001,-0.046831,-9.8082,3.5934,-1.0604,-0.91032,0.2284,0.9974,1.1235,0.37185,-0.12404
8,1.5297,-0.85292,-0.078945,-0.16562,-0.58183,-0.10403,-0.74148,-0.31839,-0.2782,1.0611,1.9015,0.44216,-0.056602,0.13001,0.15589,-0.39945,-0.56271,0.40544,2.1751,-1.4422,1.4692,-0.17199,0.17178,-0.14576,-0.43627,-0.045125,-0.6376,-1.1507,4.6731,-2.584,0.26861,1.0928,0.20901,0.4625,-0.28919,-0.4967,-2.3922,-4.355,1.0268,0.21323,0.48119,-0.22076,0.45517,0.18629,0.60866
6,9.7091,1.3838,0.91967,-0.2959,0.06923,0.33579,-0.7948,0.24019,0.26079,-0.58668,5.5899,8.2829,-0.068531,-0.17117,0.061729,-0.33425,-0.24553,-0.68513,1.7162,-4.3678,8.5223,-0.1617,0.18895,0.0657,-0.49617,0.68398,-0.35053,-6.9684,8.0903,-2.0854,0.34151,0.11713,1.664,0.57273,-0.30298,0.32937,-6.9118,-6.8548,-5.2245,-0.71304,-0.69768,1.6041,0.58535,0.50241,-0.025873
9,9.2627,0.68885,5.7239,-0.45347,-0.5395,-0.073356,-0.5147,-0.2324,-0.79782,-3.118,7.2083,8.3838,0.67693,-0.79405,-0.083662,0.83147,-0.36405,-0.42035,-7.556,-4.5063,11.827,-0.3257,0.10741,-0.2862,0.81969,0.075519,-0.49465,-9.7982,0.22553,-0.89398,0.12322,0.057152,-0.1003,0.82938,-0.45104,-0.32134,-9.982,1.5962,-0.76213,0.088038,-0.065062,0.2265,0.85766,0.4773,0.4002
1,7.1557,-0.34412,2.5415,0.22755,0.094315,0.33409,-0.64636,0.1161,-0.59681,0.24476,7.8344,4.9244,-0.017483,-0.17306,0.20606,0.011498,-0.17554,-0.62286,0.10725,-6.4413,6.7216,-0.05034,0.29888,-0.33736,0.37245,0.84597,-0.64965,-9.7343,-1.0959,-4.2593,-1.9431,0.78212,2.9742,0.51268,-0.62919,0.46236,-8.813,-1.5036,-1.9557,-1.0935,-0.1665,1.8564,0.90735,0.63356,-0.15778
9,9.2224,-2.0335,5.1058,1.0565,-0.7312,-0.1023,-0.79864,0.46755,0.22489,4.6948,11.067,-3.4022,-0.7791,-1.1459,-1.0749,-0.85311,-0.27377,-0.13919,36.346,6.0528,-5.6215,4.3556,-5.7423,-0.55917,-0.93409,0.36008,-0.27579,-11.592,5.9877,0.97601,1.0685,0.12507,-0.087287,0.55756,0.31908,0.71357,-11.148,-2.7469,-0.19496,0.50842,0.63903,-0.47609,0.75613,-0.41984,-0.32916
8,6.6003,-2.0303,3.0495,0.17901,0.003402,-0.030238,-0.71214,-0.31629,-0.35362,8.9357,2.252,0.6215,0.2974,-0.57643,-0.93438,-0.38607,-0.60979,0.34754,7.0468,-0.61573,2.525,-0.53369,-0.35887,0.23922,-0.38995,0.092504,-0.68485,-11.402,-0.17145,-0.7457,0.36529,-1.2317,0.22778,0.52785,-0.39711,-0.3697,-11.474,-2.1997,-1.5669,-0.34908,-1.3779,0.26767,0.4313,0.25768,0.59674
0,12.665,-2.2346,4.1688,0.33945,0.26202,0.27695,-0.6498,0.12008,-0.60546,14.299,4.2198,-2.148,0.53447,0.038106,1.5907,0.1173,0.00689,-0.88008,15.527,-3.4518,4.3219,0.6633,0.17107,0.3231,-1.2946,0.62307,0.28047,-18.073,8.5312,-1.8278,-1.4101,0.37688,-0.070121,0.47236,-0.65771,0.25028,-12.138,-11.33,-2.0927,-1.5156,-0.42517,-0.88899,1.1237,0.38776,-0.055874
4,13.935,-2.0993,3.4198,-0.4534,0.94313,0.15214,-0.99816,0.091362,-0.195,-0.7921,8.4662,3.4132,-0.44423,0.55677,-1.5956,-0.053898,-0.81324,-0.55246,-5.6943,-8.8367,3.0443,0.54314,-0.47773,2.7865,0.37676,0.4446,-0.68273,-12.798,5.9711,-4.4782,-0.52457,-0.29405,-1.6102,0.57303,-0.24547,-0.098606,-14.853,-5.5745,-2.5908,1.0527,1.4769,-2.7884,0.38716,0.37561,0.17354
4,-0.013397,1.9491,-1.9394,-1.9634,-0.45126,-0.7529,-0.79511,0.38305,-0.56329,7.3355,7.2325,2.2133,-1.807,0.3762,0.50381,-0.53753,-1.4998,-0.20442,-10.024,-6.7273,3.3443,1.7353,-2.5233,0.40591,-0.031082,0.62878,-0.482,3.1015,-3.2843,2.5163,0.26843,-0.006989,-1.852,0.49274,-0.20297,-0.18681,-3.6465,-0.71332,-1.1426,-3.4446,0.050876,-1.8645,0.60729,0.26806,0.074262
1,4.8054,-0.9814,0.78889,0.62365,-0.11224,0.038008,-0.92373,0.12282,-0.45837,4.3306,1.4481,3.0342,1.2809,-0.009091,-0.053689,0.10559,-0.13822,-0.7719,4.4234,-2.5749,1.472,-0.41608,0.39515,1.2769,-0.99408,1.2097,0.1918,-8.6888,0.09523,-0.91724,0.50601,-0.31,-1.882,0.69476,-0.2453,0.48831,-6.372,3.3916,0.62081,1.4314,0.18306,-1.9387,0.86277,0.695,-0.38869
6,9.7003,0.3364,1.4482,-0.48923,0.063471,0.47222,-0.799,0.019898,0.31579,1.2932,0.80471,8.739,0.67805,-0.20851,-0.10758,-0.44243,0.13136,-0.62902,0.82408,-1.2418,9.6369,-0.25135,0.29124,0.039446,-0.46641,0.47507,-0.59833,-7.0936,1.3293,-1.9938,-1.7815,-0.57149,2.254,0.70639,-0.21073,0.17417,-9.8561,-12.261,-3.8143,-0.64734,-0.61293,2.1741,0.62231,0.35179,-0.17138
1,8.1056,-1.0827,3.7068,0.52654,-0.14502,0.073148,-0.83455,-0.031673,-0.71452,8.9721,1.7172,3.8428,1.4186,-0.30236,0.4157,-0.89476,-0.508,-0.1575,10.526,-2.0045,1.3588,1.0325,0.45696,2.4693,-1.0451,1.5465,0.75683,-10.392,0.15456,-2.5159,0.28268,0.53025,-1.9762,0.34309,-0.50375,0.045377,-15.277,3.9378,-0.56737,0.12061,0.62442,-2.6387,0.57236,0.3891,0.14645
4,3.3689,-0.55962,-0.050514,-2.3659,-0.37939,-0.62844,-0.74201,-0.10113,-0.66917,-3.8844,7.1106,-1.4892,-0.43219,-2.0654,-1.4241,0.09403,-0.70217,-0.066268,5.2809,-9.2675,7.0664,-0.48378,1.2424,2.0605,0.15698,0.45497,-0.8404,-13.648,0.82376,-0.99718,-1.1461,0.36061,2.3964,0.4844,-0.33826,-0.14184,-13.537,-1.1501,-0.89087,1.1088,1.2092,0.91527,0.53573,0.355,-0.029699
6,9.8008,-0.36934,1.6911,-0.29338,-0.00337,0.32135,-0.89902,0.32178,0.26673,2.9041,1.0775,9.4048,-0.030644,-0.22481,-0.019795,-0.90122,-0.033857,-0.67881,1.1198,-0.90452,9.4992,-0.049427,0.21765,-0.057622,-0.58181,0.53991,-0.74526,-8.1932,7.9097,-2.142,-0.88623,-0.2575,1.7938,0.62659,-0.35457,0.25161,-7.6788,-7.3492,-4.9458,-0.7726,-0.65187,1.6386,0.6444,0.5043,-0.099211
7,9.1652,0.84795,3.3346,0.076982,0.8782,0.048982,-0.42846,-0.18634,-0.83352,3.5045,9.1004,-2.0015,0.54842,-0.25907,-0.27604,0.47392,-0.8182,0.00129,4.6124,-3.4505,8.4454,-0.393,0.27337,0.52571,0.3228,0.04595,-0.90385,1.5443,8.7078,3.3712,0.17626,-0.093595,-0.6116,-0.66469,-0.61233,-0.34054,-0.24082,-8.9342,2.1843,-0.2926,-0.29535,0.41803,-0.53854,0.80783,-0.050569
3,13.708,0.22795,2.1695,-0.064326,-0.25751,0.203,-0.73531,0.13238,-0.53996,4.9086,7.7509,4.4681,-0.19412,-0.069113,0.955,0.19789,-0.36659,-0.12625,3.574,-7.1142,6.7211,-0.19291,-0.1113,-0.41333,0.047576,0.41828,-0.71255,-11.171,5.5737,-0.79956,1.0383,0.15748,-0.77506,0.41474,-0.8582,-0.010627,-12.645,-0.10886,-3.6219,1.0467,-0.053198,-0.02024,0.92117,0.33062,0.17626
3,8.259,-0.025206,-0.41631,-0.009562,0.11118,0.79727,-0.8098,0.11681,-0.6869,3.2655,8.3894,-0.34302,-0.95278,0.67781,2.6944,0.90464,-0.1104,0.41337,6.0248,-5.0604,6.2808,0.31765,-1.2155,-0.89982,-0.085069,0.37815,-0.67307,-4.5865,-0.37924,-0.31594,0.25299,-1.2589,-1.676,0.81959,-0.2962,-0.39429,-8.1053,-4.7445,-0.4941,0.19291,-0.085757,-1.5418,0.85068,0.31318,0.41606
7,10.279,-1.9204,-0.7167,1.2092,1.2057,1.1349,-0.80186,0.40593,-0.62697,4.843,7.2813,3.6501,-0.13104,0.65544,-0.033575,0.4359,-0.60662,-0.56826,7.0068,0.80418,5.916,-0.66861,0.56363,-0.48142,0.17991,-0.091813,-0.91073,-0.17999,9.5233,1.001,0.03952,0.02428,-0.041965,-0.70884,-0.60518,-0.24113,0.1063,-9.2697,-2.3375,0.060304,-0.021201,-0.018514,-0.70591,0.63355,0.19644
9,9.0771,-5.6153,-3.1519,-0.069011,-1.2756,-0.36032,-0.99976,0.40946,-0.35891,3.832,8.5801,-0.070023,0.73159,0.004278,0.57844,-0.64919,-0.76923,-0.008297,0.005797,1.0404,1.2446,-1.8844,-6.9074,-2.6207,0.28163,0.54353,-0.80917,-10.394,-1.812,-0.56094,1.0078,-0.26017,-0.73196,1.0044,-0.35188,-0.044599,-7.2102,-7.8858,-3.2773,0.78994,0.6857,-0.24526,0.57347,0.8657,-0.099137
2,-1.4265,1.6176,-4.7524,-0.83118,0.36807,-1.1788,-0.69977,-0.35995,-0.72196,-7.0465,-2.3412,-1.1166,1.6484,-0.92214,-0.98732,0.60857,-0.6817,-0.45586,8.1649,-2.3774,-3.3984,-0.060456,0.3458,-2.3339,0.36595,0.68687,-0.87158,-4.5482,-0.24696,5.5902,1.3435,-0.35375,1.2464,0.63936,-0.27024,0.040736,-3.1286,-9.5,1.5912,1.5889,-1.5908,-1.1916,0.34946,0.62987,0.033022
2,0.46062,0.65419,0.42695,0.29315,-0.18323,0.17949,-0.67282,-0.071937,-0.57874,-5.9567,4.1522,-1.7728,0.87891,2.5577,-0.56147,0.15709,-0.69025,0.18299,6.5335,2.3932,-0.84898,0.45815,-1.2852,0.38879,0.2683,0.79008,-0.5343,-0.17072,22.466,-5.406,-1.3776,0.32614,-1.9182,0.77625,-0.15456,0.31793,2.7247,16.29,5.0098,-1.4007,-0.98633,1.3708,0.78744,0.75873,-0.34034
7,8.9699,-1.229,3.7885,-0.07191,-0.4345,-0.082794,-0.60243,0.14458,-0.80814,-1.5886,-1.7107,8.356,0.32472,-0.88816,0.41772,0.5934,0.41263,-0.65496,-2.9285,-0.093865,8.0738,-0.21168,-0.87192,-0.52734,0.66254,-0.33281,-0.63074,0.92853,9.4259,1.1565,-0.062372,-0.092129,0.40559,-0.62476,-0.71034,-0.24618,1.8851,-9.5415,-0.91597,0.082978,0.053262,-0.38487,-0.70099,0.68237,0.088221
4,9.9753,-0.074467,4.583,1.0738,0.4298,0.4921,-0.75869,-0.25635,-0.42666,-7.0249,9.5856,3.2294,0.4669,-0.71659,1.4374,-0.035164,-0.64724,-0.41959,3.1859,-8.2619,7.1555,0.47082,-0.30508,-2.3465,0.23655,0.69795,-0.77568,-11.598,8.3609,0.12551,-0.50166,-0.13674,-1.1697,0.66582,-0.16898,-0.16413,-6.0156,-2.181,1.9079,-0.1561,0.14313,-0.045386,0.31751,0.51731,0.001895
3,8.994,2.9476,3.1455,-1.7245,-0.4924,-0.19895,-0.72848,-0.12492,-0.75099,-2.3281,11.149,0.69487,-0.32738,-0.092202,-1.2563,0.97831,1.2172,0.59454,1.2894,-6.3936,7.3078,-0.37858,1.0507,1.5975,0.20658,0.45509,-0.59973,-13.19,5.5095,1.7413,0.11149,-0.94788,1.8187,0.87751,-0.41366,-0.40532,-10.754,3.5587,-4.3716,-0.3411,0.12304,-0.12914,0.78635,0.27594,0.4953
0,14.071,-0.43694,4.9916,-0.004825,0.34761,0.070498,-0.63453,0.12141,-0.62618,11.12,2.3327,-1.1887,0.58435,0.049494,0.75745,0.27358,-0.019893,-0.76682,12.285,-3.7621,5.2927,1.0026,-0.024435,0.53588,-1.2396,0.507,0.23113,-11.02,-5.0544,1.4176,0.038976,1.0279,-0.34966,0.49131,-0.62879,0.29071,-11.463,-6.2623,-3.1759,-1.2562,-0.3678,-0.18384,1.0959,0.35262,-0.01546
7,9.3913,-0.56923,-2.7333,0.21067,0.17367,-0.048806,-0.92229,0.076587,-0.37813,6.9668,-1.1337,7.1717,0.099529,-0.11397,0.13179,-0.1359,0.18617,-0.90842,6.6921,-1.3504,7.4248,0.23088,0.022419,0.009283,-0.077395,-0.019225,-0.93304,1.5425,9.1435,1.1016,-0.11239,0.021655,-0.26608,-0.68199,-0.63828,-0.27119,2.0211,-9.2757,-0.18076,0.13192,-0.025335,0.23852,-0.74085,0.63741,0.007519
9,4.7306,0.93732,0.1203,0.64273,0.93464,-0.91496,-0.60003,0.60209,-0.21039,0.79373,5.1237,-0.13721,-0.13972,0.050706,-2.246,0.25969,-0.62048,-0.47912,15.045,-14.238,8.0955,4.7631,-3.9718,3.4729,0.78792,0.24353,0.20156,-6.4596,2.2956,-0.10408,-1.1531,0.44487,-1.1386,0.76322,-0.071447,0.39762,-5.5589,-3.2532,-4.1892,-1.4075,-0.68103,0.1817,0.74265,0.178,-0.36672
5,9.6175,-1.9168,1.4363,-0.013882,0.00421,0.10774,-0.61423,-0.20186,0.18999,-0.05961,8.3884,5.0705,-0.07028,0.015976,0.12258,-0.14838,-0.56493,-0.009261,0.31677,-5.601,7.9372,-0.086919,-0.024036,0.048972,-0.36792,0.093901,-0.64509,-3.2216,8.968,-1.7084,0.24561,-0.060817,-1.579,0.27494,-0.55462,-0.20552,-0.7918,-10.204,2.4188,0.47141,-0.13864,-1.3366,0.18556,0.53689,0.086908
5,8.9725,-1.1771,3.9554,0.2462,0.10149,-0.19951,-0.61707,-0.089404,0.091757,6.4724,5.477,4.7128,0.079113,0.12091,-0.21486,-0.88782,0.01119,-0.21515,5.7874,-5.5284,5.4934,0.023217,-0.1143,-0.021876,-0.84385,0.12805,-0.59563,-6.9719,12.868,-1.0689,0.89248,-0.09654,-0.54806,0.56101,-0.37319,-0.096032,4.3005,-3.7773,0.38166,0.040185,0.043957,-1.1409,0.044918,0.56307,0.25108
3,8.7331,-0.69376,2.2687,0.2059,0.27142,-0.26958,-0.70666,-0.1165,-0.62658,2.7843,4.8494,7.2913,-0.33557,1.5517,-1.1122,0.41495,-0.20986,-0.29896,4.9329,-6.9134,5.1663,0.18057,1.2991,1.4381,-0.0606,0.49142,-0.64027,-9.269,2.2412,-0.53562,0.7844,0.18002,-0.56142,0.82856,-0.032918,-0.46487,-6.8017,-1.2268,0.086753,0.68707,-0.13785,-1.4723,0.79695,0.75094,0.10856
4,6.4365,-1.6272,2.7164,1.0124,-0.035135,0.18465,-0.67754,0.096853,-0.63068,3.4325,6.0697,6.6903,-0.04068,0.67109,-0.44181,-0.38095,-0.74813,-0.78762,-3.7263,-7.1848,6.049,0.23534,-0.30288,1.3123,-0.092608,0.43491,-0.73745,-8.2231,2.1239,-0.69401,0.17782,0.015053,-1.3125,0.49762,-0.26667,-0.11326,-9.4968,1.0383,-0.50155,-0.31924,0.088639,-1.667,0.57592,0.1105,0.19974
1,8.4235,-0.46375,3.9268,0.63742,-0.041686,0.25886,-0.81739,-0.066534,-0.76987,9.3941,2.4791,3.635,1.2562,-0.33408,0.4852,-0.98951,-0.61202,-0.092255,10.293,-3.1472,1.3473,0.83128,0.46613,1.8338,-1.0316,1.5842,0.73189,-10.531,0.6375,-2.6439,0.57948,0.40578,-1.8763,0.22981,-0.56934,0.068534,-14.735,3.5954,-1.125,0.44357,0.56504,-2.7552,0.50697,0.44494,0.14151
1,7.9895,-1.9085,-3.6848,0.5046,-0.077066,-0.011752,-1.1263,0.088907,-0.47669,1.2348,6.1969,4.9066,0.23161,-0.4726,0.65509,-0.19924,-0.5824,-0.79275,0.65371,-5.3418,5.8009,-0.087026,-0.50928,-0.024315,0.079741,1.033,-0.82198,-10.266,2.9807,-2.5218,0.30385,-0.38253,-2.1606,0.10636,-0.81679,0.23259,-17.43,5.3288,-3.0552,-2.0235,0.98041,-3.3232,0.76153,0.51237,0.10194
9,13.204,2.074,-0.22219,0.024025,-1.5917,-0.65888,-0.93476,0.43876,0.060956,14.13,5.6748,-1.6978,0.041514,0.29307,-0.10276,-0.70128,-0.53981,-0.5234,6.0677,-4.2033,8.1798,-0.14264,0.16079,-0.59203,-0.21013,0.91027,-0.45576,-11.797,-5.0122,-1.0656,-0.6079,1.2005,2.891,0.89733,-0.45903,0.50389,-11.119,4.6437,1.1103,-0.088186,0.82931,1.4113,0.76584,0.70813,-0.36585
0,7.5142,-0.79299,4.0066,-0.036817,-0.16291,-0.13273,-0.7936,-0.096815,-0.92034,8.0445,4.2305,3.8768,0.45939,-0.35148,0.79658,-0.84799,-0.66691,-0.28789,7.2727,-2.006,1.8749,0.11587,0.80732,1.0732,-0.52761,0.97365,-1.2727,-10.145,-1.499,-1.944,0.73884,0.062878,-0.86022,0.50631,-0.4682,0.31487,-6.4263,4.635,-0.24201,0.39745,0.42261,-0.64099,0.27882,0.67508,0.40012
7,10.091,-0.12049,-1.4714,0.054516,-0.056136,-0.061564,-0.84656,0.037562,-0.53541,6.3849,-1.488,8.2696,0.32336,-0.15402,0.076108,0.041429,0.22556,-0.91605,5.5695,-0.74823,7.9795,0.00581,-0.1964,-0.097674,0.10704,-0.090297,-0.92942,1.1988,8.9373,1.3806,0.001667,0.060122,-0.40502,-0.6673,-0.64753,-0.28781,1.8631,-9.0662,-0.46374,0.025301,-0.0561,0.36712,-0.7355,0.64392,0.005539
8,22.3,-5.6772,6.659,0.26347,1.0364,0.26933,-0.71812,-0.32966,-0.28863,22.158,5.6107,2.3847,-0.47857,0.036196,-0.27248,-0.38614,-0.62338,0.27746,21.1,-6.1118,8.8519,0.69306,-0.52437,0.27365,-0.37071,-0.032607,-0.66561,-25.225,4.7242,-5.3562,-1.0901,1.145,0.51261,0.52426,-0.31112,-0.4108,-26.162,-2.4271,-3.8954,1.2939,-1.0876,-0.70448,0.33436,0.23264,0.66518
8,9.0416,-0.80732,1.443,0.092088,-0.12982,-0.048175,-0.7624,-0.38915,0.14141,8.2269,3.0565,1.8371,-0.42614,-0.097208,-0.14767,-0.66227,-0.004193,0.4255,8.0548,-4.5284,2.29,0.037243,-0.16229,-0.13431,-0.53593,-0.3454,-0.30531,-9.3513,2.4201,-2.3375,0.25538,0.2355,0.26941,0.45033,0.11083,-0.48379,-8.1881,-3.6813,-2.9771,-0.45297,-0.020141,-0.17723,0.41982,-0.31171,0.52181
0,12.034,-0.62516,2.4377,0.55163,-0.009421,-0.39354,-0.86604,0.07769,-0.53699,10.526,1.0997,4.5779,0.030391,-0.19406,0.006486,-0.29158,-0.22189,-0.91581,9.5599,-1.8984,1.347,-0.36812,-0.057307,-0.40944,-0.77952,1.2325,-0.51615,-11.316,-0.89662,-2.425,0.10863,-0.25713,-0.51613,0.71807,-0.050722,0.42816,-8.7846,-2.6306,2.8668,-2.1182,0.86621,-0.54744,0.77774,0.64434,-0.35387
3,6.5203,-0.49458,-0.91239,0.34491,-0.44097,0.16886,-0.81191,0.029321,-0.43989,7.4366,3.8755,4.6935,-0.24733,0.20915,0.60692,0.064552,-0.35127,-0.18696,6.343,-5.7751,3.4679,-0.3821,-0.63209,0.22578,-0.14721,0.50802,-0.64616,-6.7611,3.9286,-1.0849,0.069522,-0.13222,-1.1908,0.62795,-0.66855,0.13618,-7.5812,-1.7517,-1.6238,-0.002972,0.12859,-1.1158,0.82796,0.45412,0.15417
4,6.9506,1.0376,1.2284,0.055669,0.65815,-0.24943,-0.79327,-0.30058,-0.4754,1.3394,9.1732,3.9152,-0.63831,-0.33593,-0.77356,-0.51055,-0.46759,-0.31801,4.0982,-7.1015,4.5334,0.46293,0.3885,-0.39376,-0.024762,0.70624,-0.8026,-7.8256,1.4049,0.78356,0.82011,-0.057794,1.187,0.68751,-0.17287,-0.078829,-8.1275,-1.3616,-1.3732,-0.18867,-0.35805,0.94343,0.48604,0.3919,0.18751
3,12.249,-1.3689,4.7307,0.15779,-0.3071,-0.16,-0.65183,-0.086605,-0.68346,1.08,5.5684,10.045,-0.76463,0.80849,-0.46558,0.18459,-0.33309,-0.82567,2.8911,-7.9588,7.2756,0.87476,1.76,1.2607,0.068254,0.43429,-0.66084,-11.438,3.9767,-1.3617,0.088556,-0.22379,-0.65577,0.82347,-0.005754,-0.53765,-8.8325,-1.8136,-0.11502,0.73695,0.039837,-1.5834,0.80543,0.78875,0.021149
4,2.5073,2.7824,-4.1613,-1.8145,1.097,0.26595,-0.91151,-0.0783,-0.50213,-6.2029,8.8611,-2.4118,-0.59148,-2.8401,-2.6908,-0.35646,-0.82919,0.021918,3.5411,-9.43,7.6417,-0.57698,1.3953,1.7246,0.25433,0.63509,-0.86109,-13.431,3.0766,0.45997,0.54458,0.73001,2.3925,0.54726,-0.27401,-0.11075,-12.599,0.39873,-2.6653,-0.96891,0.71155,0.98074,0.45211,0.40024,0.011819
5,9.5027,0.2282,2.5707,-0.066065,-0.00268,0.025868,-0.58285,-0.19019,0.17151,2.5066,0.6904,9.5468,-0.008593,-0.006982,-0.028889,-0.26465,-0.17424,-0.24391,1.3805,-1.3083,9.5636,-0.02173,-0.002893,-0.042053,-0.61242,-0.1198,-0.52539,-3.2973,12.384,0.018108,-0.81606,-0.35007,1.4025,0.35567,-0.53286,-0.20401,-1.2643,-7.6076,-2.272,-1.0856,-0.59212,1.815,0.23545,0.50394,0.275
4,11.08,-0.6831,2.8094,1.6147,0.17352,0.40836,-0.76611,-0.29368,-0.46469,-6.496,8.7349,3.7307,1.3095,-0.39113,1.2999,-0.085083,-0.65602,-0.44998,2.8789,-7.6184,6.3396,-0.065017,-0.49025,-1.172,0.30743,0.67035,-0.83969,-9.9026,7.265,-0.90613,-1.0875,0.17576,-0.32221,0.6827,-0.08855,-0.15517,-5.369,-1.5485,0.746,-2.1061,-0.09831,0.53257,0.34665,0.49104,-0.015815
2,4.8324,-0.49856,1.6608,-1.4038,0.4144,0.6661,-0.82554,0.16739,-0.61504,4.0579,7.1108,-2.4663,-0.027089,0.25324,2.6705,-0.69438,-0.54977,-0.24465,6.4675,-2.5864,5.9815,0.88215,-0.62451,-0.81646,-0.45159,0.62633,-0.91028,4.7245,-11.848,-4.1131,-2.1116,0.065914,-0.12044,0.43788,-0.7658,0.056141,-12.499,-6.268,-1.8949,-0.92927,-0.93124,3.2059,1.1946,0.12615,-0.26011
8,10.875,-0.38041,2.3671,0.31496,-0.08426,-0.043989,-0.82601,-0.33173,0.16434,9.9534,4.1186,0.84564,0.91798,0.45248,-1.0308,-0.66339,-0.092636,0.43088,10.016,-1.9546,0.47002,0.54287,0.25831,-0.040197,-0.58886,-0.39234,-0.012564,-10.357,0.58123,-1.7654,-0.75223,-0.081012,-0.52465,0.46917,0.17496,-0.42723,-9.1141,-3.0001,-3.3272,-0.17909,-0.070314,0.21187,0.41108,-0.31271,0.51992
4,6.3927,-2.0073,-2.3996,1.0747,0.41622,-0.32859,-0.99732,0.088802,-0.25198,2.5118,7.1186,7.7858,0.90582,1.0126,-1.794,-0.2015,-0.97722,-0.63389,-7.9578,-6.7928,2.3451,0.62483,-0.54592,2.1483,0.34603,0.44193,-0.5943,-11.395,4.0625,-1.5458,-0.69931,-0.46392,-1.8522,0.49484,-0.37375,-0.06746,-10.21,0.55611,-0.73283,-1.2709,0.47224,-2.2383,0.50166,0.3405,0.17796
5,9.0581,-0.56966,3.3322,-0.022164,0.20961,0.21873,-0.60924,-0.12073,0.11945,5.9329,4.961,5.3133,0.27628,-0.1809,0.059396,-0.87457,0.007344,-0.26355,5.85,-5.8749,5.229,-0.079953,0.20325,-0.005424,-0.81264,0.16663,-0.63857,-4.0131,6.8384,-0.15141,-1.2039,-0.41944,2.7417,0.4168,-0.49396,-0.21992,-1.235,-13.63,-1.0217,0.77058,-0.13448,2.4319,0.28824,0.44584,0.27019
0,7.7526,-1.3364,3.9825,1.1875,-0.30764,0.31797,-0.73537,0.1849,-0.68444,4.8874,8.564,0.71153,0.19468,0.24223,-0.29598,-0.3926,-0.48669,-0.49524,5.3918,-3.8937,7.7534,-0.035662,0.45875,0.069138,-0.17102,0.6649,-0.98116,-4.7118,-6.8322,-0.69462,-0.9328,-0.95399,0.6037,0.3809,-0.77471,-0.17362,-9.4984,1.6832,-0.30211,0.088957,0.16195,0.94124,1.1162,0.31836,-0.14031
0,13.837,-0.86282,3.9666,-0.022736,1.0723,-0.1131,-0.63587,0.10336,-0.64029,0.20514,9.7447,6.779,-0.14239,0.25343,0.38512,-0.005053,-0.24327,-0.65112,1.2781,-7.0378,8.4952,-0.064298,-0.082359,0.020523,0.3829,0.71655,-0.83687,-11.327,2.8097,-2.0323,-2.5052,-0.46392,-0.65411,0.34843,-0.77519,0.24225,-10.936,-10.237,1.8035,-0.55741,-0.45311,-1.0918,1.0891,0.23306,-0.087036
7,6.9547,-0.97808,6.8676,-0.1574,0.16766,0.008855,-0.26139,0.005349,-0.92647,-8.1709,3.0146,4.9609,0.40961,-0.12082,0.60832,0.95388,-0.018774,-0.12731,-6.9305,-2.2996,7.143,0.041426,0.00267,-0.22098,0.87503,-0.032822,-0.40638,1.3756,9.7262,-0.024669,0.20417,0.12089,0.46647,-0.59213,-0.73993,-0.1558,2.6631,-8.9333,2.1823,-0.084889,-0.016165,-0.50706,-0.69745,0.66539,-0.098976
4,9.4144,-0.37184,3.3809,0.95187,-0.10769,0.22358,-0.80417,-0.12805,-0.45311,-2.5865,9.0395,4.9293,0.75875,-0.47548,1.2503,-0.26552,-0.58658,-0.52084,0.25743,-7.3056,6.6249,0.066545,-0.17388,-1.2407,0.021568,0.48921,-1.0615,-11.53,0.47624,-2.7843,0.453,-0.12993,-1.1372,0.65221,-0.13953,-0.029709,-9.5991,-9.3909,-2.6069,0.5067,0.28398,-0.51313,0.41153,0.37816,0.13687
3,20.93,-1.2669,8.7287,-0.21642,-1.2583,0.13245,-0.74382,0.099909,-0.74326,-3.8827,13.031,0.086612,-0.81582,-0.094848,1.523,0.88097,0.82377,0.93846,-2.4393,-10.177,9.7526,-1.0479,-0.46999,-0.22716,0.3852,0.40721,-0.50701,-8.426,0.23931,0.73141,0.034347,0.6031,-0.63216,0.6349,-0.66236,-0.45381,-14.559,-1.1302,-4.0914,1.6514,-0.39628,-0.16999,0.78862,0.30617,0.45767
0,8.5244,0.77307,3.3979,0.44352,-0.1531,-0.015051,-0.63712,0.091034,-0.62184,1.2834,8.2679,4.1429,0.037023,0.47675,-0.43254,-0.082744,-0.22781,-0.65012,1.8942,-4.8164,8.3264,-0.011571,0.27612,0.31407,0.28216,0.73122,-0.84095,-7.0076,5.2992,0.051519,1.0845,-0.29468,-0.11952,0.32731,-0.7564,0.3004,-9.7653,-4.1303,-1.4047,0.064876,0.087371,1.1909,1.0726,0.36002,-0.15067
0,8.7227,-1.6399,1.7033,-0.10998,-0.00332,-0.18502,-0.87726,0.19625,-0.53392,8.3937,0.69274,4.6399,-0.44079,-0.47938,0.22404,-0.35458,-0.099243,-0.78941,7.678,-3.3152,2.7776,0.028731,0.15055,-0.17433,-1.2098,1.3925,-0.48835,-9.9014,-2.3449,-2.2309,0.60423,-0.22326,-1.0433,0.68038,-0.074729,0.46717,-6.0052,0.2927,5.2344,-0.005355,0.44952,1.0089,0.74281,0.66316,-0.36176
8,-0.65815,-0.050814,-0.11701,0.055571,-0.54613,-0.12071,-0.40043,0.012626,-0.70452,-0.45696,2.2187,1.6195,0.82145,0.046322,-0.019605,-0.47149,-0.42095,-0.41813,0.19691,0.28429,0.99761,-0.4396,0.086143,-0.079519,-0.4392,0.34686,-0.48784,-0.78836,1.705,-0.2491,0.25874,-0.15714,0.99694,0.65654,-0.3093,0.053128,-0.54008,-1.1778,0.63055,-1.1047,0.022314,-0.94495,0.64609,0.22353,0.29951
1,14.963,-0.36563,2.3044,-0.46803,-0.17694,0.59226,-0.95566,0.1117,-0.43652,13.453,0.95048,4.8431,-1.8703,-0.45581,0.95432,-0.068647,0.50933,-1.0283,10.872,-4.3873,3.1715,-0.73438,0.14655,-0.11516,-0.71287,1.3932,0.43908,-5.0701,-3.1245,0.76561,0.45713,-0.11518,-1.0374,0.34993,-0.72834,0.3065,-14.455,-4.1384,-0.052956,-1.0145,-0.44703,0.4857,0.97422,0.16387,0.024189
7,10.232,1.9708,2.1391,0.10109,-0.74369,-0.30218,-0.60616,-0.24615,-0.69257,3.779,9.3205,-0.25115,-1.1004,0.37227,-0.018322,0.47631,-0.8083,-0.085206,5.2437,-2.1463,9.4308,-0.091302,-0.3655,-0.59134,0.25595,-0.10008,-0.91987,1.9059,8.9861,2.7383,-0.032636,-0.14341,0.10469,-0.70675,-0.56802,-0.32823,-0.16361,-9.1891,1.7618,0.17511,-0.010727,-0.14765,-0.57187,0.78458,-0.042992
6,10.571,-1.2722,2.6711,0.39211,0.14869,-0.10971,-0.83237,0.33467,0.27365,-0.093905,4.8326,8.4957,-0.11497,-0.17019,-0.032456,-0.42925,-0.082615,-0.77902,-0.10154,-1.6368,9.2727,0.096641,-0.14539,-0.15047,-0.32874,0.51504,-0.66317,-7.1136,4.8106,-2.0803,0.7617,-0.73584,-2.2103,0.41209,-0.3638,0.48162,-9.2952,-7.6766,-0.026822,0.002827,0.23343,-1.5176,0.59487,0.27664,-0.34932
8,26.157,0.35754,-1.1772,0.53915,-0.86957,0.094105,-0.95549,0.083197,-0.58672,23.738,3.8907,1.1301,3.2544,0.19381,4.2168,-0.93701,-0.68885,-0.45426,5.5863,-1.7769,0.20234,0.17701,-0.076949,0.098794,-0.79786,0.75478,-0.33634,-0.12168,-2.6351,-4.5737,0.75984,-0.11334,-0.038609,0.9149,-0.60676,0.03243,-14.193,-2.5998,0.9124,1.3215,-0.20197,-0.06466,0.95012,0.63734,0.3928
6,8.5883,0.97358,5.1729,-0.17741,0.079633,0.16029,-0.92479,0.27333,-0.043343,2.275,7.9645,5.7454,0.002591,0.092382,0.096117,-0.80141,-0.43377,-0.52678,2.087,-4.31,8.2759,-0.006031,0.013698,0.18383,-0.7097,0.65082,-0.55026,-10.52,8.8753,0.84285,-0.49213,-0.39672,1.2202,0.685,-0.22936,0.21159,-3.896,-3.5879,-2.2578,-1.2158,-0.44805,1.5832,0.54929,0.66134,-0.080364
0,8.8319,-0.95388,1.7352,-0.724,0.26275,-0.18936,-0.73898,0.17336,-0.62029,11.8,3.0658,0.10431,-2.698,0.42862,-1.2911,-0.082653,0.33748,-1.3062,9.1699,-0.56374,2.2265,-1.3793,0.076959,-0.39444,-1.2154,0.5327,-0.081396,-10.722,-5.8802,0.54545,0.47404,0.39265,2.1275,0.85042,-0.3271,0.34692,-9.0275,-0.66452,-1.3487,0.21632,0.3965,1.3202,1.0314,0.71321,-0.32144
1,8.9717,-1.0799,3.087,0.45958,0.30146,0.17786,-0.82043,-0.031945,-0.71553,11.058,2.2217,4.2321,0.91049,-1.2985,2.3953,-0.88533,-0.60779,-0.11942,11.495,-3.6114,2.2988,0.64743,0.55965,1.7697,-0.75948,1.0791,1.088,-11.13,1.1354,-2.7944,1.0933,0.4259,-1.6617,0.23788,-0.58214,0.015319,-13.431,-1.0203,-3.9176,1.833,0.22278,-2.8163,0.70229,0.16758,0.14088
1,10.272,-1.8631,0.73778,0.4137,0.13553,0.25494,-0.90017,0.14643,-0.47641,9.6097,-0.010505,2.1229,0.074277,-0.40552,0.86865,0.60752,0.29264,-0.8371,11.054,-1.9243,1.2345,1.3844,0.10205,1.0418,-0.86804,0.99336,0.17076,-9.721,-2.9135,-3.9127,0.49421,-0.17336,-1.5832,0.56265,-0.52377,0.45781,-17.745,1.3949,-3.7679,-0.36661,0.084257,-2.2897,0.9946,0.50182,-0.06965
8,12.064,-2.9245,3.6043,0.031778,1.2311,0.15462,-0.71709,-0.32083,-0.31772,14.445,7.9494,0.69437,0.018315,-0.921,0.42939,-0.37552,-0.59063,0.36686,15.035,-6.5708,6.2919,0.65364,-0.82586,0.18474,-0.38599,-0.016585,-0.66273,-16.332,4.1165,-0.87675,-1.0584,-0.83548,-0.69231,0.52222,-0.28934,-0.43031,-15.873,-13.14,-2.963,-0.55382,-0.79121,0.41945,0.40596,0.19717,0.63653
8,0,0,0,0,0,0,0,0,0,0,0,0,0,0,0,0,0,0,0,0,0,0,0,0,0,0,0,0,0,0,0,0,0,0,0,0,0,0,0,0,0,0,0,0,0
3,9.3025,0.071933,2.6245,0.26242,0.12933,0.15465,-0.65478,0.018176,-0.6946,-0.62088,6.0131,7.3878,-0.029734,1.3281,-0.5818,0.99415,-8.6e-05,-0.26596,-0.84167,-4.324,8.7086,0.34858,1.3683,0.52378,0.38157,0.20401,-0.58882,-8.3543,5.3443,-3.0375,0.1402,0.58533,2.0023,0.60541,-0.6813,-0.11558,-9.4621,-2.3396,-1.2474,-0.45483,-0.27142,0.72185,0.70792,0.50082,0.43992
3,8.5959,-0.74486,-1.9503,0.3763,-0.11278,0.14002,-0.96412,0.10396,-0.42734,1.7834,7.8856,4.9313,0.11913,-0.29549,1.2982,0.61435,-0.1503,0.16422,0.31849,-6.477,7.8363,-0.18334,-0.56285,-0.27032,0.47079,0.44593,-0.51972,-7.0909,3.8903,-3.379,0.31645,-0.10908,-1.2522,0.41453,-0.77738,0.122,-9.3095,-2.5202,-0.56599,-0.3435,-0.17558,-0.28692,0.83656,0.50278,0.024838
5,8.8107,-2.3592,4.5072,0.53824,0.15588,-0.38448,-0.81009,-0.048622,0.033404,-0.61035,8.5059,4.2779,0.25932,0.20187,-0.35416,-0.1124,-0.51167,-0.072325,0.72301,-2.812,10.02,0.13874,0.19896,0.000544,-0.49834,-0.11187,-0.60176,-1.8425,7.4775,0.12351,0.55448,0.11441,-3.0704,0.22828,-0.50329,-0.26256,-4.1776,-12.55,-1.9334,-0.15624,0.91881,-1.8904,0.28997,0.37436,0.19663
5,8.8722,-0.39044,3.6561,0.043664,0.006718,0.046699,-0.59962,-0.13714,0.10748,6.2039,6.4015,4.4783,-0.025399,0.10201,0.017777,-0.86929,-0.029722,-0.23236,6.1917,-5.4605,4.9466,0.029263,-0.093247,0.17615,-0.81442,0.1166,-0.62747,-8.1838,9.2995,-1.538,-1.2364,-0.72375,1.4732,0.52979,-0.38624,-0.10953,2.5121,-5.3951,-1.0514,-0.64901,-0.31388,1.9635,0.095804,0.53311,0.28966
5,9.1525,-1.4057,2.7837,-0.000598,-0.1587,0.034189,-0.6157,-0.11082,0.10872,6.4299,4.4983,5.1498,-0.004882,0.091171,-0.01639,-0.89513,0.058096,-0.22975,5.3952,-5.5576,5.9213,0.062611,-0.009845,0.061321,-0.79505,0.15703,-0.66848,0.34405,5.3339,-2.2904,1.5514,0.75566,-2.1714,0.3778,-0.54489,-0.19382,-1.5725,-11.764,-4.5922,1.8281,0.052201,-1.8078,0.31598,0.42254,0.26783
6,7.3128,0.61971,4.3261,1.0925,0.42073,-0.44443,-0.93613,0.35404,-0.02284,-4.1243,7.591,7.639,-0.55261,-0.066744,-1.1493,-0.28268,-0.25893,-0.90923,1.9772,-3.6031,9.271,-0.31833,-0.097319,-0.53815,-0.49444,0.72028,-0.49998,-8.5526,10.114,-0.92383,0.19182,0.22644,-1.1636,0.57037,-0.36585,0.29295,-3.0291,-5.8329,-0.826,-0.022514,-0.13329,-1.9988,0.37627,0.6703,-0.49339
9,0.44991,-3.4149,0.953,1.3915,0.16591,-1.1406,-1.0754,-0.20618,-0.037719,12.202,2.0962,1.9001,3.1623,-1.3879,2.3478,0.6375,-0.70778,0.20701,-10.144,-3.3004,-2.6294,-1.6215,3.3067,-0.35949,-0.22272,0.67138,-0.69418,-3.9152,14.007,6.2065,-0.13854,2.1799,0.18765,0.99327,0.12069,-0.033928,1.2448,-13.272,-0.58239,-4.6439,-0.89145,-1.2281,0.8248,-0.54458,0.17666
7,9.378,-0.91594,3.8621,-0.24054,-1.5001,-0.19945,-0.71544,0.13455,-0.82739,0.28819,5.1798,7.8624,0.21297,-0.048237,1.3639,0.49496,-0.21711,-0.78791,0.54988,-0.66177,9.9638,-0.43425,-1.1728,-1.4724,0.34943,-0.33106,-0.81975,0.84792,9.4364,1.8533,0.14085,-0.105,0.46495,-0.508,-0.77988,-0.24857,0.96335,-9.8122,-1.1925,-0.11549,0.24389,-0.43698,-0.54665,0.79381,0.1173
3,5.0718,-7.4303,-3.8857,-1.1329,-0.1907,0.55869,-0.78771,0.54644,0.17435,11.061,3.1727,3.4752,-0.19393,0.33845,0.60564,0.45482,-0.57719,-0.026954,12.902,-6.1788,5.8277,0.56704,-0.42135,-0.1992,-0.11571,0.47715,-0.58495,-5.9427,3.9921,0.001693,-0.025325,0.50364,-1.8879,0.88837,-0.28353,-0.1284,-24.02,3.2941,1.4943,2.8808,-0.2791,-4.1955,0.60156,0.70119,0.43027
8,0.80219,1.6404,-1.4961,-0.12893,-0.44966,-0.31809,-0.77419,-0.39853,0.17799,1.6073,1.3059,-0.95955,0.40898,0.7721,0.87951,-0.69778,0.031703,0.4014,0.38505,-1.2025,0.21414,1.8056,-0.024929,-0.17885,-0.61516,-0.33085,-0.26724,0.71094,1.8733,-1.0151,1.8248,-0.12789,-0.25778,0.48671,0.15262,-0.53506,-0.83107,-2.5396,-2.3596,-0.15635,-0.18228,0.35132,0.49083,-0.42485,0.41986
7,7.8695,3.861,8.8271,-0.71777,0.065095,-0.29803,-0.51584,-0.26844,-0.76541,0.32494,7.0904,4.944,0.24317,-0.12238,-0.76094,0.42802,-0.72644,-0.4367,0.14865,-0.41182,10.763,-0.53372,0.74103,0.11388,0.27777,0.02321,-0.92061,2.0728,8.465,4.0134,-0.35635,0.27418,-0.89282,-0.52699,-0.6912,-0.42836,0.91994,-9.9001,1.6568,-0.18439,0.065257,1.0631,-0.37259,0.90065,-0.037588
1,6.4952,-1.9694,4.2982,0.090311,0.28639,-0.04936,-0.72609,0.20331,-0.65752,1.8489,9.2725,0.77661,0.071871,0.007,-0.26402,-0.32523,-0.57618,-0.39548,4.3901,-6.1311,6.2062,0.15848,0.3035,0.29302,-0.012183,0.77042,-0.82289,-6.8352,-6.2095,-1.0159,-1.3346,-0.068412,2.3332,0.35389,-0.83804,-0.015367,-8.9489,-1.6559,-1.072,-0.68942,0.26049,0.95443,1.0771,0.40367,-0.15735
6,8.3377,1.8234,4.8373,-0.58394,-0.15101,0.41478,-0.93368,0.32529,-0.14481,-3.419,5.6553,6.7126,-0.059369,-0.41811,-0.062564,-0.20853,-0.41944,-0.8758,1.6678,-4.1343,9.3282,-0.65746,0.22159,-0.017809,-0.32498,0.70052,-0.58707,-8.2505,8.7236,-0.73469,-0.56562,-0.30825,2.1127,0.56868,-0.46376,0.27485,-8.5812,-9.4543,-1.4285,-0.32487,-0.10337,1.7133,0.51458,0.59881,-0.35116
5,8.4307,-0.31791,1.8833,-0.12927,0.1598,0.12108,-0.83276,-0.24699,0.057871,-1.0309,5.5446,7.1339,-0.35345,-0.094871,-0.019417,0.36291,-0.64817,-0.031976,-0.13732,-0.047074,9.3624,0.12505,0.025366,0.058554,-0.58303,-0.16992,-0.63085,-1.7805,11.839,-3.5322,0.19763,0.26355,0.93358,0.063039,-0.67826,-0.16196,6.1208,-4.4776,-0.13394,0.006257,0.085125,1.4087,-0.20331,0.50604,0.41166
8,21.333,-6.2556,4.5423,0.4015,-0.31459,-0.14299,-0.73519,-0.34734,-0.2327,21.356,7.6533,-0.92152,0.49575,1.1945,-0.14695,-0.36225,-0.57454,0.38144,22.541,-5.2812,5.5252,0.38066,0.71203,-0.43457,-0.36503,-0.079948,-0.6565,-16.108,-24.042,3.8403,-0.87094,-0.49861,-0.093694,0.5276,-0.24518,-0.43739,-17.227,11.664,2.4376,-1.998,2.7236,0.95811,0.33487,0.2166,0.67284
9,13.092,-1.7481,1.7374,3.5258,2.7118,-0.86605,-0.71533,0.61723,0.38811,5.5211,3.8521,1.053,-0.07167,0.63696,-0.53793,-0.85627,-0.022538,-0.31712,-5.5274,-5.9846,7.2109,-8.3859,-0.78894,4.3195,-0.87295,-0.38997,0.014635,-11.324,-4.7534,3.0237,-2.1107,-0.18196,1.2318,0.75354,0.34548,0.42499,-9.9255,-0.66922,-5.7285,-0.80459,-0.099731,0.86857,0.76863,-0.46209,-0.12182
8,12.443,0.11767,3.4348,-0.066082,1.351,0.053654,-0.57789,0.50999,-0.27981,0.78115,11.624,6.9867,-1.6634,0.26688,-0.64065,-0.39849,-0.28418,-0.61725,2.9888,-11.571,-8.3483,1.169,-0.91729,0.02797,0.016785,0.20834,0.72807,-14.479,3.3515,-3.3255,-1.8605,-0.19135,-1.4146,0.44265,-0.060757,0.53787,-13.83,-4.4233,0.047203,1.0578,0.35386,1.4325,0.42748,0.064775,-0.49559
2,8.8994,3.9229,4.1337,-0.70184,-0.68115,-1.2289,-0.72525,-0.29748,-0.73336,-7.496,10.484,9.9991,-1.4923,1.0302,-0.74519,0.35867,-0.51427,-0.85605,5.4647,-10.814,6.9545,-0.099125,2.8324,-0.99345,0.24027,0.48787,-1.1062,-20.139,-6.3278,1.5355,0.90064,0.59721,2.3642,0.62384,-0.3701,0.063986,-50.063,-3.056,16.512,1.0889,3.3098,-1.2454,0.32171,0.63768,0.14798
6,8.4411,1.6158,2.8999,0.50605,0.11965,-0.29358,-0.92834,0.23285,-0.10899,2.0706,8.0979,4.8823,0.13079,0.18441,-0.21449,-0.72486,-0.51976,-0.54298,1.3483,-4.5029,8.2621,0.014013,-0.14747,-0.019908,-0.65612,0.67241,-0.5603,-8.8019,9.5022,0.51475,-0.14708,0.16514,-0.13268,0.70083,-0.1568,0.19603,-1.3317,-1.2698,-0.48479,0.60935,0.27862,-0.52221,0.54001,0.68581,-0.12474
8,9.4029,0.16867,-1.8449,-2.2259,-1.2441,0.51927,-0.6373,0.42016,0.28759,9.2313,4.8879,3.1517,-1.0889,0.25895,0.67238,-0.59357,-0.011807,-0.38903,16.309,-2.7665,1.4583,0.62571,0.64459,0.60498,-0.81155,0.22355,-0.042334,-26.031,18.382,-7.8254,0.87637,0.2463,2.0495,0.73695,0.011466,0.70771,-14.382,4.0325,-8.4077,-0.52804,0.041169,-1.2365,0.65472,-0.19358,-0.34692
5,9.6964,-0.008008,2.4299,-0.16345,0.089555,0.084147,-0.58148,-0.1912,0.17847,2.661,0.39963,9.3651,0.038049,0.034163,-0.13436,-0.29458,-0.15835,-0.24258,1.2449,-0.79434,9.7453,-0.019358,0.020067,-0.00494,-0.62267,-0.15475,-0.51553,-3.024,10.805,-0.35405,-0.38735,-0.21031,1.3028,0.34872,-0.54873,-0.18511,0.10554,-6.962,-2.3131,-0.74649,-0.46843,1.6775,0.22928,0.46772,0.32396
1,5.9243,-0.47811,2.5492,-0.52812,-0.10506,0.11693,-0.77167,-0.13589,-0.72113,0.58241,5.7331,6.3894,-0.048421,0.076733,0.30721,0.17729,-0.65456,-0.77293,1.2757,-5.5876,6.8678,0.50827,-0.086668,-0.0809,0.14333,0.46589,-1.1383,-9.7298,-6.1144,-0.79023,-1.8744,0.013469,2.5611,0.3081,-0.65362,0.10551,-8.8579,-5.1826,-1.5719,-1.1727,0.17599,1.6928,0.47896,0.60627,0.090159
6,9.8246,-1.6083,1.6075,-0.29195,-0.034761,0.34928,-0.8902,0.33258,0.28984,2.4327,1.0197,9.5459,-0.0365,-0.019067,0.14582,-0.84917,-0.022665,-0.73456,0.49047,-1.5479,9.8941,-0.026398,0.36544,0.10853,-0.50961,0.54744,-0.77514,-0.81811,5.2099,-0.2397,-0.27839,0.20102,0.34849,0.54837,-0.57549,0.18683,-7.2654,-7.7622,-5.264,0.26926,0.07361,0.038242,0.73128,0.33237,-0.12207
3,10.81,-1.8765,1.2383,0.59085,-0.033097,-0.18363,-0.75,0.061133,-0.52387,5.2122,5.0078,6.6365,0.040281,0.28373,-0.89183,0.16752,-0.3315,-0.16659,3.24,-6.7803,6.7646,0.092097,0.29838,0.51506,0.11764,0.43437,-0.68008,-10.498,-2.0657,-1.8635,0.52068,0.1542,-0.85456,0.70748,-0.38106,0.2217,-9.706,-4.3006,-1.5131,0.61302,0.19515,-1.1144,0.58226,0.69966,0.21499
9,11.252,1.1761,1.2673,-1.6089,0.022205,-0.57071,-0.74308,0.3342,0.14568,7.7177,9.1079,0.025921,-1.8395,-0.912,-0.58761,-0.74681,-0.2887,-0.12728,6.0869,-2.6347,-2.3371,-2.9514,-0.45461,2.2335,-0.51563,0.6446,0.19322,-9.7032,-2.4776,-0.033193,1.2098,-0.40161,0.98159,0.72141,0.088092,0.38545,-14.619,-4.4324,4.401,1.2061,-0.068603,0.14807,0.73075,-0.36318,-0.14865
2,16.15,3.96,13.65,-2.4644,-1.768,-0.61081,-0.79946,0.14734,-0.51013,19.741,24.446,1.2322,-1.4255,0.052609,-4.7074,-0.1122,-0.3889,-0.64901,21.422,-18.821,7.9795,-3.7256,1.1916,-2.9632,-0.42182,1.2844,-0.19029,-24.345,-18.641,0.9681,0.10159,0.053304,2.8782,0.96725,-0.18047,0.27318,-7.3043,13.379,-8.2229,-0.084347,-0.70967,1.3905,0.87002,0.88449,-0.22877
8,7.9831,-0.83732,12.112,-0.71001,-0.81428,-0.1679,-0.40397,-0.020905,-0.68391,10.787,1.4088,2.9837,-0.12172,-0.037066,0.21225,-0.47803,-0.48153,-0.25055,10.026,-5.0471,3.9058,1.4133,-0.33653,0.07238,-0.45285,0.40829,-0.39683,-11.221,-7.4078,-4.0558,-1.2941,0.49642,0.53188,0.56954,-0.39733,0.012769,-19.051,-5.9837,-2.8704,-0.71414,0.45705,-1.2223,0.57741,0.33899,0.27384
8,1.4981,-1.3987,0.086875,0.16545,-0.11173,-0.029264,-0.72376,-0.354,-0.32028,1.7668,0.3242,1.4982,0.49768,-0.2891,-0.75268,-0.42589,-0.5695,0.39806,0.17656,-1.3126,3.5004,-0.71936,-0.52073,0.15538,-0.38977,0.11921,-0.69685,-4.6809,1.1325,-4.0202,1.8424,-0.98277,0.35416,0.5221,-0.34525,-0.45813,-3.1741,-3.4381,-1.2897,-0.84264,-0.64091,-0.23834,0.49165,0.19231,0.57207
5,8.8474,1.3266,5.7266,-0.59955,0.12053,0.088943,-0.64473,-0.15835,0.11066,4.2235,7.211,5.6659,-0.016011,0.29397,0.28843,-0.80272,-0.49187,-0.25838,6.1458,-4.1675,4.6753,-0.44131,0.33269,0.17478,-0.75226,0.1996,-0.60726,-5.5557,11.274,2.8971,-0.97437,-0.56111,2.1103,0.38833,-0.37362,-0.29213,-7.8917,-9.2371,0.78775,-0.69821,-0.065157,3.3071,0.33156,0.41335,0.14208
5,8.4778,-0.88321,5.8156,0.30617,0.48622,-0.018415,-0.65353,-0.061631,0.025851,0.91977,3.9089,8.6182,0.50955,-0.004969,-0.30574,-0.20862,-0.39466,-0.29203,0.20768,-1.4974,9.7816,0.051586,0.001356,-0.007014,-0.52676,-0.13307,-0.58945,-5.0061,14.377,-3.7123,-0.059321,0.007214,-1.1253,0.4391,-0.49222,-0.028581,2.3905,-5.7117,1.4104,0.41667,-0.24826,-1.697,0.029036,0.62617,0.09353
0,8.3203,-1.4284,2.7447,0.41286,-0.16391,-0.15328,-0.77486,0.12667,-0.62337,7.1327,4.3901,3.0033,0.18163,-0.042524,1.2113,-0.034767,-0.45925,-1.0427,8.6938,-2.1382,0.56749,0.59745,0.13652,0.50149,-1.2055,0.93929,-0.24249,-9.2357,-1.778,-2.0692,0.055735,-0.046441,-1.1086,0.97755,-0.23097,0.30301,-6.3099,3.7212,-1.5254,1.4289,0.11507,-0.32313,0.77212,0.9681,-0.43587
1,11.165,0.38378,5.2012,0.22248,-0.28423,0.21792,-0.88672,-0.008932,-0.64855,8.9373,1.4455,2.8935,0.026473,-0.018013,0.57712,-0.62542,-0.79881,-0.60562,10.743,-4.6537,3.1929,0.57897,0.018542,0.18018,-1.1058,-0.041854,1.1751,-5.1461,2.9722,-2.1512,-1.8128,0.16539,-0.27649,0.00396,-0.59289,-0.009185,-11.45,-0.28767,-1.862,-0.84146,-0.08381,0.74008,0.73108,0.062752,0.14075
2,2.1589,4.0787,-6.1136,-1.0264,-2.2707,-1.4011,-0.90073,0.17088,-0.50261,6.6111,5.6466,-0.56406,0.45761,-1.0228,-0.97204,-0.79633,-0.43019,-0.27712,8.55,-1.7647,2.5089,0.028276,1.2863,0.39369,-0.75358,0.41394,-0.89274,-4.1997,3.4314,-0.6595,1.8472,0.70083,1.3009,0.79435,-0.34036,0.2011,-3.3806,6.4306,-1.1521,-1.2856,-0.31151,0.54196,0.76212,0.64185,-0.008996
4,6.8578,-0.64415,-0.60086,0.23172,0.087227,0.3676,-0.85322,0.061485,-0.40774,3.5853,7.8276,4.2498,-0.24903,0.49116,0.43526,-0.45595,-0.99783,-0.49734,1.1943,-6.8061,5.4874,0.14484,-0.008632,1.1021,-0.29154,0.48195,-0.63667,-6.2906,4.7642,-3.9441,0.5749,0.3128,-1.1566,0.51916,-0.372,-0.006742,-7.5356,-3.8379,-2.2274,0.85233,0.082531,-1.2062,0.6473,0.26861,0.1267
4,-7.8815,7.5433,6.4687,-0.86355,-0.39812,-0.008307,0.55888,-0.1912,-0.55676,0.87904,8.6768,-3.6994,0.02977,0.10323,-0.54053,-0.24584,-1.0494,0.14698,1.1899,-8.6948,3.0047,0.1831,-0.20825,0.10895,0.17853,0.72182,-0.67482,-14.296,0.31462,-1.3596,-0.068012,-0.17707,-1.3001,0.63972,-0.19081,-0.14357,-12.679,-0.77806,-0.27341,0.78302,0.79704,-1.6288,0.43092,0.4561,0.16165
4,7.7871,0.25455,1.2127,-0.30631,0.143,0.037308,-0.77357,-0.20719,-0.47524,-6.2389,7.2121,3.1476,-0.047858,-0.29693,0.084559,-0.034811,-0.64958,-0.28195,1.2906,-5.0134,7.95,0.081433,0.30159,-0.25194,0.28487,0.45956,-0.97398,-7.2694,3.6453,-0.86429,0.2791,0.095073,0.89331,0.69499,-0.16206,0.051258,-6.8828,-3.0667,0.1544,-0.44051,-0.032414,1.6945,0.35769,0.51426,0.054565
9,6.8084,-7.3028,1.2047,-0.69598,1.1093,0.85617,-0.60137,0.56863,0.50942,11.989,-3.5682,-0.5773,0.49572,0.43233,-0.14306,-0.6771,0.57286,-0.064304,0.018299,-1.8996,-3.4308,1.605,0.72019,1.8385,-0.70178,0.46122,-0.3739,-9.4647,-0.89001,-0.18557,0.50347,0.19706,-0.38888,0.69448,0.39915,0.34733,-9.3013,0.80374,0.40382,2.8002,-0.40622,-0.36377,0.77183,-0.17236,-0.27355
1,11.4,-0.6841,1.5646,0.20007,-0.44854,-0.33153,-0.78782,0.045112,-0.40539,7.7676,4.4066,5.192,0.76267,0.3487,-1.366,0.66484,-0.37967,-0.058782,8.1215,-3.658,4.5856,0.09319,0.27271,-0.19958,-1.419,0.71978,-0.79356,-11.884,0.90199,-2.7373,1.0746,-0.16625,-0.88978,0.90955,-0.14076,0.29216,-6.8608,-2.8426,-3.0088,1.9523,0.4262,0.25564,0.52678,1.0385,-0.16067
0,10.288,-1.94,2.6193,-0.49127,0.25319,-0.53654,-0.79802,0.06988,-0.55679,10.343,3.9203,1.6873,-1.0377,-0.36663,0.13529,-0.19343,-0.41697,-1.7666,5.5225,-8.48,0.61314,1.4204,0.69637,-1.8349,0.21494,1.1316,-0.15004,-10.385,1.7348,-2.1404,1.0018,-0.3075,-0.56057,1.0418,-0.053304,0.31446,-8.698,-6.9842,-1.4747,0.2902,0.64639,0.32305,0.84174,0.91254,-0.48404
6,9.8063,1.9548,-1.0929,-0.1328,-0.019557,0.26902,-0.99851,0.36453,0.39437,-1.8368,6.5951,7.0979,-0.002649,-0.029249,-0.062225,-0.45888,-0.39756,-0.85675,0.44726,-0.43634,10.163,-0.10041,0.14444,-0.0536,-0.54515,0.39216,-0.8194,-7.4205,9.9405,-2.6166,-0.49152,0.26172,1.4394,0.50401,-0.40818,0.30869,-2.5207,-7.3351,-2.0871,-0.72877,-0.82439,1.965,0.3784,0.79238,-0.20735
9,-1.9292,-2.7201,-1.1865,-4.52,6.8841,3.1981,-0.2918,0.5984,-0.85286,0.63309,15.548,14.094,-5.173,5.1294,8.4145,0.35735,0.66974,-0.60149,-9.0605,6.0413,5.1935,2.4213,-3.1109,-6.3804,0.77548,-0.5303,-0.20491,-4.7455,24.909,2.6447,1.0812,-1.1015,0.51717,0.85311,-0.54813,0.18919,-5.6258,19.739,0.21841,-4.5842,-1.0974,-0.45192,0.80974,0.41564,-0.34402
4,5.6366,1.1607,2.0195,0.56528,0.62454,-0.07058,-0.75607,-0.18764,-0.58126,-1.4787,6.8868,2.1809,-0.18132,-0.57895,-0.79659,-0.48876,-0.51565,-0.24202,4.1021,-3.7857,5.3585,-0.021159,0.41318,0.024697,-0.10891,0.72965,-0.79264,-7.6697,2.3297,-0.51436,-0.67736,0.033452,0.84541,0.64428,-0.3115,-0.086045,-7.3269,-1.1439,-2.3074,-1.1493,-0.19295,0.9099,0.49818,0.39225,0.17424
1,7.3326,-1.8834,3.3501,0.33807,0.71298,0.15438,-0.67455,0.3245,-0.69462,2.7048,9.2333,1.8072,-0.13676,0.15481,-0.36983,-0.33295,-0.53139,-0.43753,2.015,-6.5522,6.5245,-0.32354,0.49771,0.12257,0.14962,0.78422,-0.79904,-9.9132,0.86014,-1.5506,0.45411,0.47655,-0.73378,0.72975,-0.57374,-0.005625,-9.271,2.0835,0.23252,2.1391,0.99411,-2.5208,0.6541,0.71636,0.13331
3,9.0129,-0.11534,1.8307,0.050601,-0.49772,-0.19142,-0.72433,-0.055294,-0.62365,1.3872,7.6723,4.8351,0.60737,1.1484,-1.5406,0.88195,-0.19348,-0.039099,2.2811,-5.0672,7.1437,0.048442,1.2139,0.70941,0.19024,0.31482,-0.64393,-9.4395,2.5707,-2.9282,0.92592,0.42994,2.4324,0.70666,-0.57737,-0.1593,-8.0942,-3.77,-0.51381,0.15754,-0.08943,1.11,0.68134,0.52697,0.49308
4,-7.3375,8.4187,5.0021,-1.7284,-1.1753,0.85654,0.54106,-0.24139,-0.5843,2.4196,8.6632,-2.891,0.30788,-0.56965,-1.2693,-0.29452,-1.1979,0.13337,-3.711,-9.3355,2.7969,0.319,-0.89138,1.9256,0.16863,0.73103,-0.56157,-13.319,-0.35284,-1.6405,0.008882,-0.08672,-1.5357,0.62035,-0.21151,-0.1174,-16.227,-0.24997,-0.52477,-0.74923,0.90057,-2.5518,0.50116,0.38147,0.13993
0,8.2315,-0.22308,3.9494,-0.27461,-0.23043,-0.15148,-0.72718,0.012339,-0.97598,9.3558,2.6775,1.9196,-1.2517,0.78147,-1.1672,-0.78778,-0.74361,-0.52241,8.9923,-3.0098,3.0181,-0.65171,-0.40351,-0.87542,-1.9424,1.6126,-0.24547,-11.842,-4.3647,-1.5663,-1.2483,0.65236,2.562,0.30171,-0.61273,0.40314,-9.7005,3.3631,-1.8364,-1.6024,-0.22477,1.6895,0.5521,0.59253,0.22675
7,9.8122,0.051991,-0.35777,0.10906,-0.7471,0.098287,-0.70681,-0.23056,-0.60331,3.6459,9.8312,2.5814,-0.84726,0.1227,0.46785,0.33839,-0.80941,-0.34278,5.0351,-3.3272,9.2751,0.72142,-0.38164,-0.31507,0.19989,-0.020833,-0.93742,1.6362,8.7325,3.9149,0.16441,0.024161,0.15226,-0.70335,-0.57199,-0.33605,-0.53236,-8.8956,2.013,0.13398,-0.17273,-0.14516,-0.56302,0.79205,-0.057471
2,-2.0435,0.92291,-1.5429,-0.54433,-0.32436,-0.12603,-0.85961,-0.046011,-0.53895,-6.2723,1.3836,1.0065,-0.25676,-0.65281,-1.2569,0.13125,-0.80986,-0.27199,6.6396,6.1569,-2.6521,0.50112,-0.34932,-3.0073,0.28371,0.99574,-0.44898,-4.0803,3.7441,3.1472,-1.4465,-0.33846,2.1621,0.70393,-0.12253,0.43144,-7.6916,-8.0901,5.4142,-0.38619,-0.84031,-1.7025,0.86617,0.55981,-0.25405
0,12.514,0.26913,4.0164,0.27246,0.5574,0.060757,-0.61025,0.17826,-0.63293,14.292,3.0993,1.5103,0.65981,0.22834,-1.2597,-0.96958,-0.41245,-0.77679,12.264,-2.168,2.6594,-0.31191,-0.78764,-1.357,-0.26448,1.0905,-0.087259,-13.832,6.8932,-3.4718,1.1467,0.11742,0.25669,0.84185,-0.15232,0.42224,-16.968,-24.376,0.26163,2.8712,1.0479,1.2149,0.76082,0.75675,-0.13558
7,6.041,0.77719,6.9436,-0.051004,0.78877,-0.30114,-0.31989,-0.12551,-0.89881,0.78133,8.4755,-1.0492,0.43635,-0.46365,-0.74994,0.59474,-0.73771,0.086685,1.1286,-2.3689,5.6429,0.047529,0.10621,0.74231,0.47981,0.089293,-0.82717,1.8003,8.423,3.5867,0.033172,0.40101,-0.85617,-0.52692,-0.69407,-0.41291,-0.36359,-9.2004,-0.55273,-0.33368,0.15631,1.0742,-0.36377,0.90263,0.021327
6,9.2309,-1.0966,2.3469,-0.73433,-0.19007,0.3772,-0.83931,0.37341,0.19078,0.33086,4.9996,8.1432,-0.33553,-0.29747,-0.075411,-0.44938,-0.12961,-0.7787,-0.15019,-1.4521,9.7834,-0.073839,0.34914,-0.040156,-0.35379,0.5111,-0.65949,-8.2355,7.4998,-3.8696,-1.2078,0.3141,2.3653,0.46222,-0.31612,0.46819,-10.828,-11.115,-1.0168,-0.40072,-0.09367,2.5394,0.57611,0.31658,-0.36845
2,19.031,-0.60553,2.6934,-1.5687,0.17027,-0.5125,-0.89653,0.10426,-0.46574,4.4257,11.929,1.8025,0.43894,-0.47637,-1.3605,0.27068,-0.56891,-0.51835,-3.0421,-22.321,1.4186,-1.054,2.5342,-0.76005,0.000776,1.2183,0.19873,-14.561,-13.056,-4.9877,0.093859,0.41831,2.4882,0.61394,-0.42602,0.41641,-24.912,6.4033,-9.5745,1.6885,0.32232,4.2706,0.92582,0.50118,-0.05206
5,8.1825,-0.64091,5.0618,-0.15181,0.002178,0.23831,-0.65275,-0.080516,0.046985,0.1033,5.1743,7.5464,-0.12205,-0.027724,0.005257,-0.21351,-0.40747,-0.29134,-0.39935,-0.44641,9.8336,-0.074461,0.048052,-0.23763,-0.51325,-0.11779,-0.58917,1.3204,5.4736,0.15472,-1.3386,0.55298,1.9618,0.16242,-0.64576,-0.10833,-3.5021,-15.985,-1.0911,-0.40114,-0.049583,1.5963,0.40936,0.3958,0.15209
7,9.2241,-1.2666,3.3952,-0.11979,-0.2224,-0.064647,-0.61427,0.09281,-0.80545,-2.5215,-1.3038,8.5074,0.32021,-0.57338,0.46453,0.6414,0.39203,-0.6201,-3.5943,1.3854,8.4147,-0.2147,-0.53656,-0.3748,0.68493,-0.42104,-0.54932,1.4947,9.0924,0.44093,-0.12616,0.03243,0.41537,-0.64057,-0.70681,-0.21191,2.0638,-9.2811,-1.4158,0.072779,0.053151,-0.43914,-0.71071,0.67065,0.10135
6,9.0659,-1.6619,2.1968,-1.3973,0.045191,0.76997,-0.97871,0.52656,0.1589,-1.438,9.2421,3.6665,-0.15058,-0.345,0.33949,-0.47025,-0.72043,-0.60618,0.11876,-1.8817,9.2599,-0.15211,0.015602,-0.012617,-0.48085,0.56035,-0.6811,-8.9095,7.9353,0.1881,-0.58775,-0.45014,2.5933,0.53337,-0.45496,0.29258,-10.834,-9.0824,-0.49481,0.50253,-0.35187,2.4953,0.54839,0.46863,-0.37491
8,2.0563,0.047329,-0.73389,-0.11255,-0.038532,-0.047437,-0.71089,-0.32455,-0.35869,-0.54568,2.2494,2.0108,-0.94922,-0.211,-0.11319,-0.36548,-0.55698,0.45684,-1.1406,-0.21262,0.22249,-0.3972,0.23493,-0.10428,-0.4355,0.008142,-0.65521,-2.4945,-1.0241,2.2205,1.2369,0.10247,-0.01282,0.47911,-0.29179,-0.49327,-0.023152,2.1623,0.62575,-0.081443,-0.032567,-0.11077,0.49304,0.19877,0.57882
0,7.8129,-1.8227,2.2762,0.69961,-0.24956,-0.15811,-0.7703,0.15722,-0.62145,6.3326,4.6408,1.3519,1.8499,0.60072,0.007571,0.058022,-0.4432,-0.86627,8.5058,-2.2283,1.2092,0.24697,0.36731,1.4483,-1.3502,1.1577,-0.33352,-9.2051,-0.89868,-2.6245,1.1828,0.076894,-1.2609,0.90177,-0.3362,0.32854,-7.3808,3.6649,-1.0656,1.3128,0.052971,-1.3828,0.80028,1.0117,-0.35225
7,10.759,0.94078,0.98985,0.26539,0.23792,0.42777,-0.56143,-0.21114,-0.73854,3.4387,9.8174,-0.87128,0.40682,0.15189,-0.16957,0.44677,-0.8273,-0.035676,4.6199,-2.296,8.902,-0.025812,0.20301,0.19048,0.26069,0.03715,-0.92357,0.72317,8.9287,3.7218,0.033226,0.081671,-0.15421,-0.71667,-0.53728,-0.35594,-1.3197,-9.3845,2.2828,-0.12962,0.19615,0.088542,-0.59249,0.76254,-0.084469
7,7.6029,-0.31911,-6.6521,0.21474,0.31447,-0.021266,-0.98489,-0.009257,-0.10613,2.5795,6.199,7.1477,-0.37234,0.035497,-0.10421,0.4461,-0.44964,-0.62514,3.0261,-1.9606,9.4294,-1.518,-0.13934,-0.40053,0.41727,-0.069834,-0.77417,2.9683,8.4875,-3.0237,-0.21475,-0.10019,0.22223,-0.83356,-0.44488,-0.076178,3.5389,-8.2007,-2.6666,0.28183,-0.074179,-0.23449,-0.82794,0.35113,0.18844
9,10.901,0.5281,4.5811,-0.33465,-0.27623,-0.25931,-0.51036,-0.38162,-0.74081,13.879,7.2494,2.9985,-0.3578,2.936,-3.5017,-0.3077,-0.84834,-0.40339,11.592,-2.92,3.7256,1.1663,1.0078,2.6896,-0.26676,0.37069,-0.8401,-10.376,2.3238,-2.9152,0.73687,-0.068774,-0.13744,0.9513,-0.13078,-0.23758,-14.932,13.416,8.4194,-0.67799,-2.0439,0.99106,0.64973,0.68383,0.43577
9,8.0166,-2.8351,-2.8217,2.1337,-1.4341,-0.13354,-0.89089,-0.24093,0.22672,7.9997,5.3467,-0.76463,1.5771,1.7111,0.9047,-0.49027,-0.30145,0.67769,4.6378,-3.4776,-0.30057,-8.6663,-0.12743,-0.028623,-0.59338,0.40924,-0.53356,-9.9442,-0.056349,-1.1182,0.038945,0.042189,0.21654,0.75261,0.18602,-0.49106,-9.3682,0.42317,0.29356,-2.1669,-0.49081,0.44877,0.81315,-0.12494,0.40936
8,9.8358,-1.6802,3.126,-0.014116,0.36052,-0.27828,-0.72734,-0.31849,-0.28888,11.834,3.4497,-0.090071,0.059433,-0.61996,-0.80927,-0.371,-0.59181,0.36688,12.578,1.0536,4.2993,-0.10267,-0.10194,0.19071,-0.43009,-0.052769,-0.62766,-13.034,-3.1786,2.2875,-0.38521,-0.88308,-0.36622,0.48533,-0.31314,-0.44047,-20.812,-3.1521,-1.9946,0.64535,-1.6534,-0.12297,0.36745,0.24693,0.63646
1,10.574,-0.82276,2.8783,0.016152,-0.16445,-0.12757,-0.71468,0.16798,-0.52224,-0.92415,8.1413,5.955,-0.04633,0.29024,-0.89789,0.099925,-0.16408,-0.62231,-0.75227,-7.0924,7.1641,-0.25425,0.61918,0.32509,0.52429,0.82218,-0.5988,-10.398,1.7136,-3.6352,-0.044968,-0.41967,-1.2812,0.80932,-0.2542,0.40813,-3.5013,-12.537,-3.8099,0.72925,0.89496,-0.72109,0.5307,0.92547,-0.17235
8,-6.627,0.12784,-3.4556,0.036537,-0.14457,0.30334,-0.65661,0.43743,-0.28953,0.20094,-4.401,-4.2337,0.42172,0.3465,0.18815,-0.35446,-0.31462,-0.66734,-0.10814,4.0736,-0.54288,0.27675,0.14507,0.16734,-0.020915,0.64151,0.4446,1.8995,9.7493,-0.36175,-0.60578,0.16475,0.40762,0.52566,-0.055939,0.45117,1.99,-11.91,4.7473,1.1055,-0.008768,-0.042994,0.51736,0.10219,-0.421
0,8.0233,-2.0986,1.8326,0.26549,0.36856,-0.068925,-0.87618,-0.14682,-0.68107,4.7548,4.4935,5.8349,0.07152,-0.093747,0.58688,-0.49514,-0.81461,-0.6942,4.5765,-5.8518,5.9453,0.12292,-0.98974,-0.064755,-0.33131,0.91841,-1.1657,-11.831,0.4473,-2.9127,0.8724,0.45649,-1.7131,0.14418,-0.7707,-0.24804,-12.828,3.3875,-2.8257,-0.62619,0.13434,-2.2433,0.64136,0.30872,0.15397
1,9.8279,1.5725,1.2261,1.0906,1.0006,-0.14641,-0.81486,0.12127,-0.61091,-7.4645,3.5988,0.73143,3.2268,-1.1362,-2.2055,0.69077,0.15794,-0.5619,3.3477,-4.2853,5.5314,0.40547,-1.4157,-0.84258,-0.040963,0.71607,-0.88903,-10.374,0.34354,-3.4061,0.83525,-0.17719,1.0664,0.87009,-0.39908,0.079824,-7.0193,5.1562,-2.5451,-0.81503,0.05859,1.1764,0.87093,0.62188,-0.20663
7,7.3766,-0.86552,-6.4068,-0.12242,0.23842,-0.028504,-1.001,-0.058687,0.099443,2.4649,5.2442,8.1787,0.10157,0.23631,-0.67094,0.41095,-0.3598,-0.71297,2.4635,-1.3779,8.8643,0.049804,0.16056,0.010684,0.33986,-0.029477,-0.82556,2.4544,8.652,-2.084,0.068839,-0.67399,-1.0497,-0.66307,-0.65116,-0.06899,3.2438,-8.5656,-0.86337,0.079479,-0.53534,1.031,-0.67982,0.60091,0.19498
7,9.0159,0.98121,3.7213,-0.084424,0.4959,0.066893,-0.3781,-0.1509,-0.86478,0.25979,10.894,-2.6922,0.75676,-0.29092,-0.58653,0.46978,-0.82111,0.03354,1.0162,-4.7375,11.207,-0.12705,0.074168,0.16937,0.30555,0.075769,-0.91,0.77813,7.4884,4.1365,-0.031073,0.14845,-0.77368,-0.63657,-0.59976,-0.40669,-0.65215,-8.9056,1.5602,-0.28886,-0.005462,0.70226,-0.50318,0.82677,-0.1027
9,12.004,-1.8571,1.3652,1.949,-0.65046,0.17013,-0.69676,0.6154,-0.31346,5.9758,3.7941,8.7786,-1.0074,1.6889,0.6451,-0.055576,0.087768,-0.94781,-0.60254,-10.574,7.8064,0.95472,0.30125,3.1342,0.31687,0.90207,-0.12048,-11.468,0.47743,-0.53646,-0.50259,-0.27923,0.58788,0.8681,-0.21037,0.41183,-9.8433,-0.40498,0.37492,1.2627,-0.45971,0.73935,0.83218,0.3563,-0.36838
7,6.5386,0.86686,-7.603,-0.11438,-0.13633,0.062027,-1.0023,-0.044965,0.084132,3.4445,4.6841,8.5159,0.23566,-0.020436,0.43767,0.37539,-0.22241,-0.78215,3.2432,-0.5646,9.795,-0.27009,-0.21847,-0.27549,0.30008,-0.23059,-0.8047,2.7296,9.4061,-1.7101,0.11661,-0.11146,0.23877,-0.82286,-0.46309,-0.11281,3.4138,-9.1318,-2.1235,-0.29914,0.037372,-0.21116,-0.81655,0.38184,0.20029
3,7.7716,0.2652,-1.8041,-0.19163,0.29624,-0.08772,-0.89023,-0.15229,-0.3122,7.7194,4.9806,2.9888,0.059907,-0.23716,-0.11097,0.24384,-0.77524,-0.41482,8.5191,-2.5822,3.2121,0.20508,0.22295,-0.50295,-0.40089,0.35735,-0.52836,-8.0702,1.7211,-0.98669,0.12338,-0.051871,1.0134,0.84195,-0.28717,-0.33065,-7.5596,-2.9428,-1.6398,0.081168,-0.51496,0.84282,0.77288,0.37559,0.56741
7,8.8038,-1.9836,-4.0725,0.16089,0.12689,0.001548,-0.99073,0.021839,-0.19488,2.8058,4.0097,9.0836,-0.30158,0.18255,-0.20632,0.36409,-0.28233,-0.77041,1.7635,-2.4614,10.673,-0.66454,0.10126,0.061534,0.34116,0.028931,-0.82742,3.0737,7.2822,-1.797,-1.4e-05,-0.3073,-1.0129,-0.70843,-0.60705,-0.05971,3.0749,-8.4355,-1.3139,-0.3912,-0.47697,0.96137,-0.72139,0.54414,0.20331
9,10.119,-0.66872,-0.18932,-0.25592,-0.23224,-0.31357,-0.97465,-0.26708,0.21858,10.002,9.6339,-0.85682,4.4237,-0.30896,-2.0578,-0.75669,-0.46339,0.33748,8.2816,-11.615,5.3367,-1.3293,2.4435,4.0382,-0.84447,0.19989,-0.48764,-9.9113,1.551,-1.2331,0.39807,-0.25802,0.15791,0.98194,0.026047,-0.37673,-10.02,-0.77537,1.2299,0.36444,0.32618,0.14483,0.94665,0.008393,0.29096
1,8.1457,-3.171,-2.3525,-0.11209,-0.89276,0.13127,-0.71817,0.38662,-0.60538,2.2525,9.5553,-1.0036,-0.38619,-0.12356,0.56059,-0.28008,-0.49772,-0.47179,2.9568,-10.887,8.1349,-0.17135,0.021273,0.3159,0.21696,0.81043,-0.75008,-8.7565,2.8265,-0.80922,-0.22074,-0.17605,-0.45121,0.66283,-0.63765,-0.031782,-15.461,1.2577,-1.0098,0.98301,1.2869,-3.0713,0.93511,0.56738,0.094577
3,8.9847,-1.4645,-1.0066,-0.097618,-0.097528,0.16817,-0.92442,0.11618,-0.47632,3.227,7.3023,5.2557,-0.19954,-0.199,0.99038,0.56456,-0.36773,0.014941,1.2512,-6.0993,7.2856,-0.26921,-0.70563,-0.044251,0.47101,0.45987,-0.55875,-7.7389,3.7426,-2.4135,0.12959,0.017156,-1.3535,0.53576,-0.68567,0.12512,-9.5289,-2.0669,0.63456,-0.65436,-0.11174,-0.85975,0.84359,0.41282,0.032829
8,-3.3178,1.0969,-2.5216,0.94777,0.47965,-0.19247,-0.63978,0.39461,0.32548,-1.9838,0.40015,0.99209,-0.7208,0.6397,-0.085177,-0.63691,0.21429,-0.2273,-3.0633,1.1359,1.0069,0.35132,1.2221,-0.2957,-0.76629,0.23847,0.18856,2.5232,8.5543,-3.3131,0.115,0.15033,-0.31457,0.66205,0.1918,0.52999,0.73489,-10.381,0.34588,0.32838,0.27354,0.15406,0.63802,-0.27258,-0.24829
4,11.911,0.034207,-0.034622,-1.8025,0.22129,0.39651,-0.96687,0.063793,-0.30119,-0.18534,9.1302,3.9114,1.5059,-0.29769,2.2327,0.11763,-0.72399,-0.92791,-6.9514,-6.4335,3.1379,-0.35013,0.74153,-0.30241,0.5312,0.46313,-0.5135,-10.471,9.1918,-4.9899,-0.99451,1.0026,1.037,0.3509,-0.42652,-0.095527,-13.728,-3.4797,-3.228,-0.058081,-0.2159,1.1605,0.59467,0.22554,0.19102
9,9.3774,-1.3197,3.8326,-0.033288,-0.34729,0.015552,-0.53342,0.25061,-0.78231,-9.2,0.55965,4.3154,-0.18772,-0.45569,1.0291,0.88784,0.35851,-0.21011,-7.0177,2.5289,6.2268,-0.51406,-0.5351,0.1486,0.93904,-0.24648,-0.11434,-8.9011,1.9488,1.5843,-0.61881,0.1101,-0.25618,0.98829,-0.37648,0.16757,-10.589,1.4334,0.98138,0.27042,-0.64615,-0.10305,0.72172,0.61079,-0.47458
1,12.864,-1.2731,-1.6644,-0.34532,-0.73493,0.025293,-0.83257,0.16926,-0.19936,8.0383,3.5741,4.5814,-0.14971,-0.06834,0.3293,0.80598,-0.15079,-0.17617,7.2776,-5.9782,5.3727,-0.39829,-0.079818,0.16703,-1.2787,1.0649,-0.66706,-11.543,9.6348,1.6308,-2.1654,0.18803,-0.3704,0.33804,-0.84553,0.023452,-12.076,-0.65228,-1.4289,-0.56744,-0.19888,0.83788,1.0465,0.22597,0.075155
4,11.759,0.53414,2.568,-0.78909,-0.13606,0.21385,-0.8102,-0.018091,-0.44863,0.89309,9.739,4.1781,-0.12126,-0.23135,1.3714,-0.29089,-0.83989,-0.65981,-0.17922,-7.9277,7.3436,0.0441,-0.75604,-0.99142,-0.052329,0.494,-0.68586,-8.5829,2.8523,-0.088209,-1.8315,0.10146,0.8971,0.50709,-0.22852,-0.059177,-10.882,-0.22436,-0.54865,-1.0681,-0.37884,0.66177,0.6499,0.16019,0.21403
3,-6.6125,6.8307,4.6472,0.64738,0.012062,0.28972,0.56649,-0.32522,-0.75445,3.0351,9.1487,-3.0518,0.11163,0.71688,1.2299,0.93611,-0.32711,0.44155,3.797,-7.8327,4.3551,-0.065121,-0.65786,-0.83289,-0.072984,0.60436,-0.48138,-8.7331,5.0735,0.051002,0.12518,0.84604,-1.477,0.71958,-0.44365,-0.41579,-10.56,-7.7817,-2.2521,-0.11604,0.15709,-0.10428,0.72697,0.26365,0.66543
7,6.7565,-3.1449,4.9943,-0.10556,-1.1722,-0.25951,-0.64797,0.24842,-0.86193,0.79296,4.8689,5.7769,0.82433,0.77887,1.0589,0.46525,-0.26269,-0.7953,0.31089,-0.61143,8.4749,-0.45593,-1.1939,-1.3179,0.47289,-0.25016,-0.79798,0.88884,9.3972,2.4167,1.0719,-0.083783,0.91687,-0.43984,-0.81686,-0.24523,0.7312,-10.161,0.68124,-0.91163,-0.40043,-1.0049,-0.42958,0.85316,0.1725
3,7.973,-0.83432,2.0583,0.001621,0.03722,0.055885,-0.67028,-0.060977,-0.67779,4.7711,4.4972,5.8108,-0.28908,0.32908,-0.23439,0.62502,-0.32231,-0.35519,3.3102,-4.153,8.0067,0.083387,0.36836,0.49261,0.17654,0.25902,-0.65562,-8.8696,1.4476,-2.4137,-0.82758,-0.097176,-1.1059,0.88481,-0.18747,-0.27026,-8.1781,-0.94379,-0.50469,1.2166,-0.28165,-1.5586,0.76097,0.59473,0.25587
4,7.5297,1.6451,2.5148,-0.50093,0.18663,0.044456,-0.77574,-0.44197,-0.42194,-6.8404,3.8148,3.6741,-0.76299,0.40761,-1.8805,-0.057951,-0.70893,-0.47793,4.2267,-4.5204,6.7468,-0.17165,0.35797,-0.002151,0.16048,0.72506,-0.85433,-10.805,-0.046254,0.20461,0.5325,-0.73182,1.2577,0.63582,-0.1153,-0.16048,-8.6603,-1.726,-0.87328,-0.51041,0.074185,1.7474,0.4371,0.4363,0.027788
5,7.0534,0.58331,7.0181,0.040191,0.16418,-0.12502,-0.65589,-0.19354,-0.10816,4.6445,7.216,-4.4514,0.073015,0.083938,-0.21008,-0.76739,-0.32539,-0.095701,5.7496,-7.9632,1.3658,0.018057,-0.17368,-0.034635,-0.89385,0.38002,-0.64392,-3.7825,9.248,3.811,-0.11877,0.47032,-1.8896,0.31398,-0.43787,-0.35144,-0.21854,-7.5009,-5.5389,0.035788,0.95333,-1.4702,0.22658,0.36965,0.37663
1,5.8469,-0.005782,3.9835,-0.15988,-0.22933,0.13623,-0.81551,-0.038817,-0.73003,5.5996,1.6176,1.4905,-0.7317,0.53219,-1.1302,-0.74145,-0.75571,-0.4842,6.3075,-4.4025,2.7877,-0.36305,-0.14343,-0.2182,-1.2934,0.20828,0.71731,-6.8439,0.71982,-0.73945,-0.89773,-0.018345,2.2721,0.093228,-0.57586,0.15569,-9.2509,-0.81867,-1.7063,-1.6306,-0.42633,1.9107,0.63463,0.2519,0.16375
1,8.69,0.91021,-2.6537,0.52239,0.43035,-0.19023,-0.75103,-0.081287,-0.40839,7.255,5.434,4.3404,0.61211,-0.59593,0.53566,0.83343,-0.21159,-0.1847,7.9463,-0.81189,4.489,0.27458,-0.17205,-0.85009,-1.3299,0.56363,-0.76397,-12.406,-1.3447,-1.8457,-0.26805,0.28129,1.9698,0.88771,-0.26243,0.22859,-9.1798,-2.2524,-1.6825,-0.46808,-0.3787,1.3697,0.77283,0.84491,-0.090517
9,12.115,-0.19754,2.4697,0.21636,0.142,-0.30939,-0.87379,0.12952,-0.42186,3.5363,9.4292,5.1402,0.72589,0.34207,-0.10551,-0.021596,-0.74277,-0.53896,-0.68948,0.59596,1.3179,-0.44591,1.6858,0.65459,0.64627,0.29919,-0.57026,-11.765,3.4624,-2.6597,0.55364,-0.13355,-0.087824,0.79748,-0.06028,0.26001,-12.805,0.44002,0.60157,1.319,0.45117,0.89167,0.70651,0.62984,0.040558
6,8.196,0.32677,5.1183,0.12549,-0.2792,-0.5341,-0.85908,0.46988,-0.21065,-2.2022,5.5974,7.5226,0.49377,0.24343,-0.35191,-0.37765,-0.23472,-0.89781,0.56531,-4.7096,8.63,0.61243,-0.47447,-0.43322,-0.35247,0.74863,-0.51428,-10.066,9.8625,-0.68176,0.17694,-0.047735,-0.43857,0.59846,-0.27352,0.31227,-1.0022,-1.8772,0.20224,0.052542,0.25186,-1.044,0.31039,0.70161,-0.49496
7,10.084,-0.43676,-0.43042,-0.002109,0.009421,-0.03039,-0.79616,-0.030485,-0.55187,2.3386,5.1302,7.9247,0.083027,0.027181,0.095835,0.35968,-0.32152,-0.81264,1.6665,-2.6438,8.9085,0.014934,-0.11929,-0.083009,0.32726,-0.054388,-0.88202,1.2995,9.1715,-1.9799,0.056639,0.15008,-0.071335,-0.68394,-0.68206,0.047367,1.4523,-8.3636,-4.6124,0.10472,0.033282,0.020067,-0.69026,0.56737,0.37327
0,9.7951,1.2612,2.5061,-0.12259,-0.2749,0.05647,-0.78019,0.22145,-0.62328,4.5035,8.1084,0.28569,0.011473,-0.1217,-0.28737,-0.43956,-0.38566,-0.52196,4.633,-4.089,7.2262,-0.013818,0.23607,0.35286,-0.10135,0.72842,-0.92404,-8.5565,-0.39235,3.7891,0.19873,-0.06149,-1.2081,0.40098,-0.76036,-0.20481,-9.7906,-2.3544,-2.4888,-0.8997,0.16965,1.0995,1.1145,0.20367,-0.085514
9,7.8817,0.4163,1.425,-1.291,-0.35732,-0.7004,-0.61763,0.67041,0.040576,7.4304,1.6283,1.0202,1.5998,-0.65733,-0.01092,-0.62191,0.52286,-0.28472,12.87,-7.0896,3.123,-4.0952,2.6322,-0.7045,-0.78204,-0.000398,0.41791,-11.276,-0.2098,-0.53699,2.1923,-0.1784,-1.5909,0.48236,0.1585,0.69311,-7.1042,8.609,0.88994,2.5115,0.41105,-0.54142,0.72213,0.15581,-0.41106
4,10.005,-0.33808,4.217,-0.83843,0.057015,-0.27639,-0.71142,0.10351,-0.49535,0.4673,7.4694,5.8656,-0.49256,-0.62267,1.6608,-0.068158,-0.7977,-0.80597,-7.7645,-6.3566,5.6091,-0.4042,-0.51948,-0.9766,0.41035,0.35631,-0.57802,-6.4553,5.1651,-1.0975,0.23769,0.074824,-0.20436,0.32408,-0.47851,0.054783,-10.411,-2.6629,-1.2967,0.53576,-0.07763,0.92087,0.61291,0.27244,0.10979
7,4.8074,1.4326,-8.9277,-0.069684,0.1518,0.13412,-0.9686,-0.050173,0.22012,3.9915,3.6143,7.9144,0.062598,0.092565,0.25087,0.42263,-0.33949,-0.70309,3.7195,-0.70017,9.7898,-0.086146,0.05702,-0.173,0.39562,-0.12526,-0.77734,2.6815,8.7196,-2.8166,-0.15822,-0.010526,0.19928,-0.8286,-0.46094,-0.077145,2.9896,-8.7563,-2.5208,0.15942,0.062732,-0.14652,-0.81406,0.3769,0.21194
5,9.157,-1.7467,1.7687,0.14379,-0.034517,-0.33039,-0.62226,-0.19264,0.16121,0.90602,6.6337,6.56,0.070074,0.007297,-0.14273,-0.19086,-0.53511,-0.12738,1.2691,-3.5567,9.1714,0.14287,-0.085959,-0.077713,-0.4455,-0.1059,-0.58832,-4.8686,11.463,-0.82157,0.18276,-0.24889,0.099338,0.33674,-0.48225,-0.18761,4.3784,-6.3942,2.5814,-0.11156,0.14178,-0.03937,0.007393,0.62392,0.096344
6,9.6254,1.5849,-1.0786,0.18339,0.12004,-0.29683,-0.99222,0.42922,0.35988,-1.4254,6.2254,7.1927,0.13173,0.13606,-0.1611,-0.48538,-0.34053,-0.85918,0.2825,-1.3739,10.159,0.003765,0.034689,-0.13596,-0.47797,0.48089,-0.7968,-7.2734,9.5779,-2.5668,0.23174,0.37646,0.10391,0.52854,-0.30893,0.28384,0.49436,-4.969,-0.10976,0.40077,0.17382,0.29614,0.27878,0.85173,-0.22477
7,9.1204,1.0612,-3.0628,-0.66774,0.52869,0.20844,-0.90212,0.39754,-0.50353,-0.70453,10.811,8.7963,-0.76341,0.18338,-0.62343,0.40458,-0.62851,-0.5728,3.227,-0.087435,13.639,0.18579,0.46062,0.23166,0.15835,-0.067888,-0.92207,0.7104,8.6721,1.5063,0.22212,0.45518,-0.33427,-0.67883,-0.62411,-0.27624,0.78331,-9.0571,-1.3081,0.17175,0.19662,0.20659,-0.71955,0.62829,0.16928
9,6.1886,6.3472,-7.0553,0.25494,-0.16906,-0.98008,-0.24726,-0.17859,0.80164,8.4194,5.3035,-1.3922,0.24776,0.36271,-0.58965,-0.62916,-0.38912,-0.29677,8.3269,2.8471,2.2517,-0.51382,-0.36023,-1.4611,-0.69371,-0.32807,0.41351,-8.2555,-1.8037,2.6557,-0.17494,-0.21978,-0.54723,0.65337,0.60071,0.10595,-9.0913,-3.5344,-0.20808,-0.13273,0.46977,-0.21187,0.82137,0.003429,-0.22944
3,8.7183,0.77481,2.0979,0.30218,0.013921,0.089138,-0.80146,-0.096223,-0.51791,5.3152,3.8541,5.8425,-2.6378,0.95011,0.97439,0.12326,-0.48855,-0.50489,1.6982,-9.2917,4.7495,0.1111,-0.69091,-0.39299,0.022567,0.35189,-0.46777,-8.7922,1.8519,-1.2701,-0.49382,-0.24203,1.4045,0.76963,-0.39634,-0.2508,-7.8374,1.3221,0.024198,0.19165,-0.12347,1.1096,0.64542,0.73296,0.67337
5,7.8408,0.026023,6.0438,0.20492,0.049864,-0.37665,-0.78002,-0.10726,-0.012174,4.215,8.612,0.14745,0.30467,0.037697,-0.5676,-0.78891,-0.32201,-0.20509,7.6437,-4.0098,4.813,0.17947,0.021573,-0.049032,-0.99622,-0.12219,-0.63118,-6.1941,11.095,-0.40062,0.50776,0.16682,-3.1019,0.2595,-0.47051,-0.21923,-3.0743,-13.101,-3.3087,0.41686,0.66097,-2.432,0.26181,0.42535,0.2049
7,9.6749,-0.69732,-1.2471,-0.0922,-0.27675,0.19762,-0.86825,-0.07266,-0.42955,4.5476,5.7358,6.4063,0.12257,-0.061814,-0.077325,0.11837,-0.53687,-0.76033,4.0708,-1.0036,8.653,-0.34465,0.022112,0.034294,0.14053,-0.077256,-0.92276,0.078581,9.3947,-1.4933,-0.10462,0.086927,-0.36773,-0.59166,-0.76307,-0.025054,0.23908,-8.3385,-3.9664,-0.086074,-0.12401,0.32216,-0.61638,0.66826,0.33787
1,12.73,-0.15909,0.80458,-1.0621,-0.49907,0.6774,-0.78201,0.12508,-0.35605,6.8682,5.9587,5.5057,-0.2234,-0.25274,0.66966,0.91026,-0.17618,-0.10147,8.841,-3.7125,6.1701,-0.33347,0.52278,0.8887,-1.3469,0.61896,-0.92058,-6.1804,3.2647,0.024436,-1.0313,0.72857,-0.7742,0.21402,-0.88274,-0.026664,-11.426,0.18155,-1.8227,-0.53777,-0.16651,0.57645,1.0681,0.15993,0.091338
1,12.448,2.3683,3.5544,-0.10512,-0.065565,0.23181,-0.86534,-0.14863,-0.60963,-0.83363,8.7407,6.5516,0.059912,0.3908,-0.043051,0.14815,-0.87293,-0.65997,0.082643,-7.3434,8.3753,0.066364,-0.058544,0.75892,0.32206,0.77242,-0.90344,-9.4681,4.0867,-1.6949,-0.70834,0.5794,-0.042376,-0.071115,-0.8333,-0.018545,-12.173,-6.2898,-1.9221,-0.81235,0.098329,0.61486,0.70851,0.32167,0.10092
4,17.407,3.2158,1.013,-0.87623,0.293,0.19841,-0.96077,0.0077,-0.25998,-3.2336,8.784,3.405,0.015215,0.20486,2.36,0.21602,-0.77426,-0.91011,-6.1433,-6.3872,4.4545,-0.34979,0.86611,-0.5201,0.46221,0.39949,-0.64162,-12.819,2.8956,-0.94109,-0.72451,0.75686,0.71926,0.34467,-0.37855,-0.091604,-17.054,-3.7501,-3.013,0.12451,-0.68933,2.2058,0.53664,0.29256,0.20685
2,22.738,4.9983,18.823,-2.2146,0.098764,-0.22891,-0.84635,0.11382,-0.43805,22.201,24.63,3.1429,0.10335,0.37656,-3.8362,-0.11687,-0.17477,-0.72148,23.291,-20.421,2.5639,-0.81802,1.1927,-3.5776,-0.41727,1.2122,-0.30712,-22.841,-13.815,-1.1363,-0.35745,-0.096653,2.0172,0.97976,-0.16347,0.27041,-12.42,19.141,-9.1111,-1.148,-0.82535,1.6323,0.90827,0.84688,-0.15869
7,9.6947,-0.12628,1.3628,0.21966,-0.49014,-0.15842,-0.63655,-0.15557,-0.69452,3.1916,9.5931,0.87097,-0.44125,0.1818,0.34529,0.44473,-0.82263,-0.10633,4.3535,-3.0654,8.3492,-0.013549,-0.38168,-0.59069,0.33057,0.033741,-0.89647,1.3038,9.1108,3.6435,-0.1943,-0.096049,0.15172,-0.72383,-0.53732,-0.33851,-0.15177,-9.3223,1.9755,0.21857,0.021037,-0.19981,-0.59078,0.7669,-0.080161
8,11.685,-0.53225,-6.541,-1.0436,-0.76523,-0.24826,-0.64408,-0.022183,0.095599,1.2389,-4.9575,0.68206,0.60674,-0.37284,0.22743,-0.4431,0.17989,0.10145,0.36984,1.7898,-1.2687,0.36915,-0.052495,-0.13783,-0.39776,-0.23317,0.12658,-0.65146,2.4473,1.805,-0.59716,-0.50571,-0.006342,0.28407,0.30219,-0.021893,-0.72734,2.5396,0.28767,0.14832,0.41838,0.15069,0.3336,-0.26308,0.046455
1,8.753,1.5826,-3.3811,-0.084051,0.24596,0.10516,-0.79866,-0.066214,-0.27015,8.3528,4.0066,3.0552,0.19964,-0.13318,-0.29365,0.88526,-0.12642,-0.33808,9.2922,3.1917,2.3943,0.036396,0.54318,0.091681,-1.6448,-0.047091,-0.50827,-13.075,-1.0605,-2.2989,-0.91006,0.26818,2.1288,0.73037,-0.43204,0.29284,-9.2939,-0.67983,-0.39758,-0.59488,-0.004958,1.0052,0.94196,0.67878,-0.11166
3,10.542,0.19789,1.9488,-0.60463,0.52888,0.071561,-0.76948,0.007998,-0.58476,0.63601,7.2977,6.5448,-0.23251,0.96,-1.5284,0.9901,0.093314,-0.040965,0.72416,-4.8489,9.0727,0.13894,1.2395,0.80273,0.25278,0.25726,-0.6437,-10.167,4.8,-2.2324,-0.29727,-0.016366,2.0256,0.64851,-0.65199,-0.12451,-9.9277,-2.3672,-1.6781,-0.2611,-0.10766,0.44233,0.70215,0.4753,0.50516
1,9.1986,0.11828,4.9451,-0.18133,-0.35379,-0.17953,-0.86092,-0.12635,-0.6827,9.7851,2.0187,4.501,-0.22091,-0.078903,-0.1545,-0.74166,-0.48019,-0.017988,7.4478,-4.019,1.5666,0.13803,0.12517,0.22314,-0.77024,1.8239,0.17206,-10.673,-1.3576,-3.0642,0.82808,0.076469,-1.21,0.6826,-0.1409,0.16407,-6.1202,-4.4909,-1.3419,1.3662,0.1758,-0.8063,0.067972,0.64233,0.04235
6,9.5185,-1.0335,0.5177,0.34919,0.16734,-0.16672,-0.78557,0.20397,0.30415,0.46605,3.7258,8.5495,-0.010119,-0.049245,0.0457,-0.38761,-0.1218,-0.66507,0.5943,-1.8624,9.6214,0.053997,-0.17217,-0.002007,-0.46573,0.4466,-0.6031,-2.9775,2.9122,-0.036288,0.38761,-0.021349,-1.3046,0.51972,-0.35874,0.37386,-9.1973,-6.395,0.006774,0.29514,0.073237,-1.4371,0.65708,0.096083,-0.26228
8,17.235,-0.63351,2.5477,-0.23607,0.39056,0.41237,-0.62952,0.48421,-0.18032,-0.48736,16.916,-0.57259,-2.4595,-0.19299,-0.93654,-0.22409,-0.64678,-0.34296,-0.79016,-18.48,-4.4439,0.59251,-1.0898,0.70342,0.10236,0.46096,0.62048,-21.246,9.1648,-2.2041,0.00665,-1.4475,-1.5018,0.45448,-0.06049,0.51733,-23.235,-4.7071,-1.7924,0.64295,-0.80333,1.6142,0.42575,0.11567,-0.4802
9,2.9736,-1.9223,0.61697,-2.3771,1.8241,0.2229,-0.36479,0.24585,-0.73114,4.4573,-0.42173,6.2641,-1.0923,0.62008,0.30501,0.50451,0.15526,-0.56875,-3.555,-2.4971,2.1834,0.80808,0.52299,0.50261,0.74209,0.2217,-0.38103,-3.5726,11.129,3.2864,-2.4158,-1.4341,-0.95554,0.45292,-0.75691,0.24964,-3.06,-7.9722,2.1784,-0.81472,-0.69816,-0.45472,0.81405,0.42549,-0.095961
3,12.998,0.038686,-2.0356,0.32248,0.37908,-0.0046223,-0.84543,-0.18324,-0.31942,5.4944,9.3221,4.0368,0.21045,-1.0184,-0.85193,0.44731,-0.75241,-0.4669,8.4714,-3.798,2.6269,0.052747,0.36872,0.98506,-0.41615,0.55546,-0.55051,-8.9026,1.6709,-1.216,-0.3009,0.42806,-0.095388,0.85083,-0.20119,-0.38404,-8.7711,-3.5503,-2.5291,0.19649,-0.26804,-1.3091,0.73673,0.30525,0.43451
5,8.1717,-1.9966,7.0287,-0.21344,0.21803,0.026772,-0.79792,-0.084626,-0.024372,4.0255,8.0951,1.6106,0.08725,0.20895,0.21653,-0.80016,-0.31958,-0.25152,7.3349,-4.1222,6.4932,-0.001444,-0.11042,-0.009004,-0.9974,-0.07172,-0.6446,9.6025,-10.693,-0.088355,0.33408,1.1754,1.5596,0.16376,-0.57244,-0.34564,-3.5021,-17.254,-3.472,-0.013995,0.21275,0.96372,0.33587,0.27782,0.18386
3,-6.0491,6.8066,5.8451,0.23777,0.19627,-0.84421,0.54293,-0.099674,-0.82851,3.8349,8.405,-3.6991,-0.18556,-0.53016,-0.57847,1.1244,-0.087772,0.34441,5.7104,-6.7496,4.3188,-0.14174,0.56025,0.80758,-0.081653,0.61206,-0.48091,-6.991,3.0207,-0.63206,0.30479,-0.6753,1.3743,0.73855,-0.41837,-0.41588,-9.9789,-1.0624,-1.9104,0.16534,-0.12796,0.90562,0.63508,0.49249,0.63774
5,8.2866,2.1208,5.3369,0.24353,-0.11782,-0.1253,-0.61616,-0.23987,0.088646,4.1767,7.1388,5.4302,0.10554,0.03712,-0.12366,-0.83598,-0.47348,-0.25564,6.3361,-4.9653,5.4469,0.02463,-0.18311,-0.28684,-0.85024,0.15846,-0.56353,-5.0605,14.051,1.7696,0.36103,-0.07248,0.25542,0.38581,-0.37513,-0.20966,7.2707,0.036351,-0.31177,0.32812,0.20965,0.11623,0.10754,0.61518,0.084991
6,9.9834,-1.4579,-1.0429,0.086236,0.057437,-0.11492,-0.91714,0.45709,0.43735,-1.732,6.5392,7.2101,-0.03993,0.07345,0.004522,-0.4445,-0.3524,-0.83418,-1.22,-1.0227,9.5891,0.012076,0.052551,0.020937,-0.40678,0.51152,-0.7868,-0.18024,6.1322,-1.7576,0.8161,-0.58373,-1.3401,0.27838,-0.68698,0.35706,-6.9335,-8.3503,-3.3834,0.52349,0.49544,-0.79098,0.61033,0.5394,-0.29451
4,3.9989,0.28061,0.082041,-1.2757,0.23819,-0.22792,-0.76251,-0.1093,-0.72015,-5.1463,6.3493,-0.97107,-1.5206,-1.8082,-1.7667,-0.12982,-0.80164,-0.049151,3.9178,-2.3547,5.6285,-0.85268,1.7484,1.4714,0.18849,0.6041,-0.85963,-9.2318,-0.1609,0.86566,-0.003003,0.01562,2.4873,0.51661,-0.19955,-0.18277,-8.9052,-3.7088,-2.1348,1.4219,0.68976,2.0374,0.49439,0.36582,-0.005997
1,11.842,-0.2412,2.2421,0.036179,0.24153,-0.34237,-0.74168,0.017193,-0.45412,10.335,6.2582,0.73201,-0.52816,-0.27339,0.12891,-0.66137,-0.66211,-1.4772,8.7804,-2.2888,3.1982,0.55856,-0.22303,-0.3949,-0.42527,1.021,-0.54385,-11.93,1.3101,-1.9475,0.10433,0.032704,-0.99646,0.86448,-0.26505,0.29399,-12.595,-15.281,-2.9918,1.2633,-0.18759,0.42942,0.81179,1.0237,-0.20213
2,-4.0232,0.14333,-1.6273,0.35122,0.34591,0.030053,-0.70014,-0.27641,-0.4699,-8.4391,-0.33696,-0.84206,0.20894,1.8107,0.15529,0.11379,-0.67717,0.20376,7.3915,2.4388,-1.4429,0.37505,-0.58423,0.65446,0.18042,0.69675,-0.66681,-1.7955,20.532,4.0241,-2.2014,0.28011,-0.52363,0.74933,-0.19549,0.33933,1.9743,-12.826,-9.4577,-5.7079,0.50553,1.9136,0.89579,0.7031,-0.26258
4,12.356,2.8735,1.6635,-0.70537,-0.24775,0.30482,-0.82519,-0.14842,-0.28791,1.92,7.7041,6.3297,-0.61876,-0.734,2.1492,-0.092798,-0.77921,-0.97487,-5.6053,-8.4051,5.8575,-1.1829,-0.39357,-1.7496,0.093278,0.49916,-0.69033,-5.6142,-0.85159,-1.1696,-1.2553,0.055611,0.34728,0.51994,-0.31331,-0.11912,-13.579,-0.87886,-2.5518,-1.929,-0.49761,1.186,0.60735,0.11919,0.26212
6,9.8428,-0.89455,2.3542,-0.19854,0.14825,0.18675,-0.84023,0.38228,0.17275,1.0631,3.51,9.2329,-0.13575,-0.035448,0.011002,-0.52362,0.049339,-0.75626,-0.99902,-1.2945,9.9836,-0.24264,0.2528,0.026354,-0.29469,0.53429,-0.66657,-8.4065,7.4509,-3.2424,-0.87821,0.33846,2.5739,0.42349,-0.317,0.49653,-11.604,-9.5811,1.0108,-0.59399,-0.35895,2.562,0.58095,0.27339,-0.38025
5,7.7411,1.0192,5.8079,0.40108,-0.54887,-0.15888,-0.64145,-0.11835,-0.013641,6.5835,4.7829,5.6833,0.13921,0.13221,0.14161,-0.90624,-0.017129,-0.099847,6.2825,-4.281,6.2359,0.036326,-0.42908,-0.20068,-0.8131,-0.010218,-0.63151,-2.9026,12.275,-1.7908,0.80099,0.3912,0.42425,0.44645,-0.481,-0.046243,7.103,-0.38476,1.1323,0.26276,-0.40247,0.060162,-0.028168,0.63619,0.074892
9,1.7964,-1.7922,1.8834,1.2879,0.53257,0.79134,-0.93908,-0.42615,-0.20539,5.4048,1.0356,2.3924,0.86712,1.0319,1.6382,0.35979,-0.64775,0.62774,-10.026,-5.1847,-2.9399,-0.022532,1.2905,1.2128,0.023298,0.38855,-0.89364,8.8376,-4.6391,-5.1749,-0.30608,0.60699,-0.44072,0.83915,0.2546,-0.55244,-3.7616,-11.517,-0.007975,-3.8662,0.55189,-2.1083,0.70491,-0.58407,0.42191
3,8.1328,-1.0197,-4.2206,0.36589,-0.34291,0.17013,-0.9437,-0.071504,-0.042141,7.8168,6.1771,0.63528,-0.13238,0.17473,0.25201,0.3499,-0.8391,-0.12313,8.4442,-3.9183,4.3579,-0.053724,0.12313,-1.567,-0.36793,0.52073,-0.42423,-8.3711,6.5884,-0.92499,0.15163,0.10523,-1.1067,0.88032,-0.69991,-0.1387,-9.9165,-2.1855,-1.7555,0.12095,0.48228,-0.36321,0.72254,0.27524,0.64131
1,8.6578,-1.9708,-0.97008,0.39162,1.0939,-0.20708,-0.83858,0.18498,-0.29967,9.5281,-0.040528,4.3034,0.56338,0.11858,0.4546,0.61373,-0.40948,-0.33298,8.0632,-3.7514,4.3178,-0.17503,-0.18041,-0.13106,-1.391,0.78018,-0.80824,-9.4216,0.096325,-1.7036,0.55376,0.35557,-1.4341,0.61958,-0.6516,0.21236,-11.489,1.5159,-0.58328,-0.28697,0.57462,-2.14,1.0104,0.51673,0.059157
3,0.93291,-1.5678,-0.22686,0.079573,1.3062,0.91998,-0.7008,0.28569,-0.7327,4.1292,4.6376,1.3269,-0.31558,0.89153,0.48124,0.30287,-0.51779,0.22697,5.6329,-2.1093,2.9569,0.86664,-0.60427,0.19744,-0.2708,0.42618,-0.67047,-5.4283,2.6691,-0.68012,0.13016,0.040718,-1.3517,0.83241,-0.053347,-0.43992,-7.4255,-1.7339,0.5431,0.24714,-0.001089,-2.2229,0.91417,0.39878,0.20839
7,8.1516,-2.9943,1.6327,0.48836,1.5793,0.64697,-0.69298,0.35454,-0.75928,0.011404,4.2469,9.5019,-0.24494,1.5058,-0.75494,0.53388,-0.34855,-0.70515,4.0953,-2.7415,12.598,1.1266,1.9451,0.82046,0.29694,0.039297,-0.89912,2.1946,9.4353,0.83904,0.056981,0.11315,-0.87961,-0.62582,-0.69736,-0.22094,2.5958,-8.5566,-0.42431,0.33556,-0.5727,0.6978,-0.68805,0.67146,0.12793
8,4.0381,-0.81137,-0.37945,0.027636,1.8657,-0.33823,-0.75923,0.44594,-0.28852,2.0878,1.6308,-0.067584,-0.000499,0.7497,-0.27919,-0.52887,-0.33546,-0.33851,5.0716,-0.89107,2.0537,-0.34026,0.35402,-0.40974,-0.73341,0.35598,0.15815,-5.5063,2.3443,-0.024646,0.23015,0.97224,0.05998,0.60408,-0.37245,0.42949,-6.1308,-1.1298,-1.1007,-1.2629,-0.45184,-0.69371,0.59268,0.2166,-0.39561
0,9.0965,1.4629,2.7108,-0.14998,-0.12807,-0.060866,-0.83522,-0.22134,-0.6745,4.2495,7.3087,5.2459,-0.042611,0.51302,-0.54397,-0.33261,-0.93998,-0.61762,6.2168,-4.4476,5.951,0.093986,0.51838,0.60211,-0.45674,0.75591,-1.2209,-8.0073,0.80001,2.288,-1.4727,1.0609,0.29352,0.008591,-0.79141,-0.24396,-10.009,-4.9543,-2.4186,-0.30576,0.06069,1.1738,0.65466,0.34127,0.12774
7,7.1284,0.43595,6.3653,-0.017504,-0.1798,0.052082,-0.37347,-0.14382,-0.87902,-3.4515,-3.0761,5.6203,1.0646,-0.2448,0.59073,0.60535,0.50251,-0.59049,-1.5491,-0.25403,6.4253,-2.0986,-0.52582,-0.6203,0.32808,-0.3536,-0.82977,-3.9233,7.7779,0.72093,0.21869,0.026368,-0.15043,-0.19754,-0.91288,-0.20931,-3.6041,-7.1601,1.0033,-0.15585,0.0699,0.13088,-0.23925,0.93805,-0.011174
3,-6.1925,3.9983,4.3569,0.37504,-0.15007,-0.198,0.63245,-0.046858,-0.75452,7.3493,5.9953,-2.1285,-0.13551,-0.35858,0.039713,-0.22587,-0.99158,0.53215,7.2234,-4.7614,4.5744,-0.015271,0.23728,0.19295,-0.29674,0.53303,-0.50733,-8.456,1.5838,-0.068988,0.036725,-0.46685,1.2355,0.79329,-0.27701,-0.4038,-9.5903,-4.028,-0.92289,-0.01817,-0.22259,1.0734,0.63468,0.60369,0.59444
3,11.043,-0.27331,0.23306,-0.24096,-0.53308,0.24806,-0.73052,-0.083989,-0.60753,0.51264,4.8352,7.263,-0.16086,1.4849,-1.0894,0.9271,-0.032158,-0.51022,0.081352,-5.372,8.4232,0.14303,1.7225,1.6337,0.25916,0.23276,-0.62605,-9.4205,2.2282,-3.0708,0.71347,-0.052609,-0.26177,0.89761,-0.27303,-0.33474,-7.861,-3.8883,-0.57451,0.22578,-0.23725,-2.3609,0.55111,0.87648,0.15711
4,16.052,-1.9584,3.8632,0.61982,-0.4604,0.24107,-0.8847,-0.011368,-0.44848,-3.3581,9.2807,-1.9847,0.20965,0.082491,-2.3206,0.1224,-1.7822,-0.32334,1.2781,-10.616,6.6988,-0.46828,-0.74938,-1.9209,0.53876,0.37362,-0.7523,-16.732,1.4408,-6.0795,0.84958,0.94126,-2.0326,0.58248,-0.20092,-0.14681,-14.672,-0.44336,1.6677,1.4569,1.4289,-1.7401,0.3446,0.40305,0.067776
2,-2.0525,-1.2325,-3.8014,2.2086,1.6378,0.12776,-0.69864,-0.11612,-0.84956,3.8827,5.245,-1.6442,0.21832,1.741,0.75012,0.48827,-0.8649,-0.46892,-7.6992,-0.56365,1.6724,-0.53518,-1.1639,1.371,0.50894,0.80441,-0.81772,-5.1337,4.7655,-2.5565,-1.3123,-1.8662,0.15482,0.11744,-0.76897,-0.007155,-5.3376,-3.3863,1.8196,-1.8683,-0.82518,-1.3295,0.664,0.30994,0.070175
5,7.8832,-1.2582,4.4139,-0.090794,-0.30526,0.013457,-0.65428,-0.061676,0.036567,0.012199,5.6403,7.542,-0.12212,-0.091756,-0.031214,-0.18727,-0.41886,-0.28773,0.004545,-2.2401,9.1708,0.16587,0.098685,0.046197,-0.50688,-0.073388,-0.60951,3.3215,5.2954,1.9202,0.60945,-0.25344,-1.7473,0.16897,-0.64516,-0.10176,-2.1906,-12.038,0.63758,0.70805,0.15008,-1.5344,0.39113,0.41893,0.15839
2,36.602,-19.469,2.9782,6.7598,0.51046,0.90556,-0.88731,-0.11036,-0.66079,-0.67021,30.033,4.66,2.7233,4.5356,0.97438,0.3097,-0.86977,-0.33544,-3.1537,-26.202,2.5266,1.8521,-2.02,2.39,0.67997,1.015,-0.47701,-32.483,-6.9017,-2.5487,-1.2795,1.1583,-2.7941,0.24286,-0.66789,0.036717,-34.423,3.7978,-4.337,2.2518,-0.23446,-4.0704,0.56112,0.5098,0.07243
7,9.7401,-0.018985,-2.134,0.29058,0.28065,-0.11863,-0.88135,0.037413,-0.41001,4.0021,4.0195,8.5795,0.30616,-0.084198,0.32294,0.20416,-0.25244,-0.88252,4.1174,-1.8832,8.8038,0.063036,0.03871,0.17071,0.14508,-0.061849,-0.92407,1.186,9.3311,-1.5642,-0.081848,0.020933,0.16531,-0.64149,-0.72126,-0.013215,1.3185,-8.9168,-3.7466,0.039587,0.001998,-0.17533,-0.66528,0.63382,0.30862
3,14.907,0.22426,1.6583,-0.50121,-0.59226,-0.0333,-0.87799,-0.12766,-0.72562,1.4885,6.7444,6.4511,-1.8378,-0.78761,-0.32661,0.68785,-0.48395,-0.21543,8.4449,-2.1478,5.7639,0.18191,-0.014229,0.68968,-0.17383,0.36523,-0.56227,-14.819,4.4339,-1.47,1.1215,-0.4079,-1.1129,0.87335,-0.63862,-0.16216,-9.2363,0.042743,-0.86766,0.88603,-0.45938,0.45754,0.69685,0.26944,0.67965
1,8.4666,-0.86736,0.52842,0.53847,0.13808,-0.082837,-0.74806,0.11868,-0.45373,8.712,4.5863,1.4953,1.734,0.14081,0.8985,0.09693,-0.21297,-1.3051,10.184,-1.9285,1.9425,-0.75126,1.2442,1.8239,-1.0588,1.0267,-0.03126,-9.5976,0.24088,-2.6042,0.30937,0.14519,-1.4881,0.67619,-0.54656,0.32699,-12.387,-0.28374,1.2535,0.79408,0.95591,-2.2378,0.98194,0.79058,0.042148
5,9.8708,-0.97277,2.4553,0.17865,-0.077917,-0.071572,-0.60058,-0.16448,0.1589,2.9638,0.61714,9.4487,0.037867,-0.054664,0.002499,-0.30595,-0.15423,-0.22994,1.1338,-1.4561,9.7164,0.020249,-0.073827,-0.001642,-0.62337,-0.11921,-0.52494,-3.1391,8.9641,-1.8544,0.49176,-0.079877,-2.0054,0.32262,-0.58458,-0.15175,-1.5505,-10.521,-3.7373,0.26936,0.39331,-1.6342,0.3009,0.44064,0.29013
7,9.7285,-0.67686,1.5948,0.36095,-0.29611,0.057703,-0.76598,0.002801,-0.60788,2.9597,3.6964,8.4957,0.47363,0.46462,-0.29986,0.20078,-0.26465,-0.8882,4.0998,-2.1941,8.8802,-0.034954,0.51245,0.34991,0.14157,0.007849,-0.93831,-1.6782,8.6244,-2.2845,-0.56214,0.090077,0.18921,-0.48668,-0.83441,0.04346,0.55811,-7.5543,-6.1001,-0.17457,0.28595,-0.13668,-0.55016,0.68843,0.41382
7,8.5808,-0.70395,-4.9616,0.047876,-0.017553,0.020261,-1.0022,0.078796,-0.16668,2.7442,5.0368,8.3364,-0.29919,0.013968,-0.097174,0.39145,-0.40917,-0.69491,4.8295,-1.858,11.792,0.71996,-0.19257,0.48028,0.35971,0.041759,-0.82187,3.9016,9.2169,-2.2861,0.008447,-0.11543,-0.90296,-0.7762,-0.52072,-0.1017,3.4361,-8.3465,-1.0207,0.005029,-0.14968,0.78055,-0.78317,0.46802,0.14569
6,9.7102,0.42068,-1.7318,-0.081084,-0.2849,0.77444,-0.88972,0.44012,0.48637,-2.4272,6.7596,5.6868,-0.14115,-0.035434,0.34419,-0.37385,-0.4171,-0.78447,-1.1807,-2.8236,9.492,-0.11146,0.13958,0.31757,-0.37829,0.57752,-0.69256,-0.44368,5.3741,-0.3584,-0.64347,0.47658,0.86359,0.27065,-0.69783,0.34308,-5.1584,-12.168,-3.8687,-0.59796,-0.26459,-0.17886,0.60043,0.55854,-0.34421
6,4.0843,-8.2606,2.497,0.26386,0.55047,-0.082174,-0.78361,0.59891,0.27935,0.011415,3.3099,9.2567,0.021452,0.081167,-0.28961,-0.36944,-0.10161,-0.67824,0.47706,-1.7729,9.6889,-0.18077,0.17748,-0.39274,-0.45724,0.45449,-0.59633,-11.158,9.3798,-4.3058,0.72887,-0.077315,0.11045,0.62029,0.13987,0.16122,-2.9594,-5.097,1.4349,-0.085061,0.012848,-0.85664,0.46378,0.63478,-0.18091
6,9.6615,-1.6196,1.4221,0.025688,-0.099469,0.13326,-0.8834,0.34126,0.29169,3.4097,0.79982,9.0964,-0.023059,-0.032736,0.091926,-0.93812,0.008653,-0.63126,1.2859,-1.42,9.6896,-0.031097,0.22744,0.097859,-0.58181,0.54948,-0.73624,-0.071384,3.3959,-0.54746,0.29594,0.22568,-0.42631,0.55836,-0.57105,0.18539,-7.3355,-7.7812,-4.2195,0.24893,0.15347,-0.54023,0.72584,0.33486,-0.1418
1,6.6403,-0.41898,1.5524,0.92236,0.013159,-0.22127,-0.72925,0.070465,-0.50486,6.0736,2.9798,1.4637,0.29413,0.027573,-0.045483,-0.20209,-0.48501,-1.0108,6.9372,-2.3156,1.8237,0.11739,0.74816,1.3177,-0.81356,1.2506,-0.54645,-9.5832,-0.95446,0.20284,0.48152,0.48604,-1.299,0.71447,-0.47101,0.28341,-6.9735,3.1919,0.21584,2.0458,0.19877,-1.8127,0.78516,0.96791,-0.14265
9,13.518,-0.21728,0.68764,1.2747,0.31586,-0.14274,-0.97746,0.41578,-0.10795,1.6674,14.484,1.5708,-0.14268,0.2331,1.0016,-0.21297,-0.85587,-0.45763,18.752,-5.3545,9.3757,-4.8121,0.14866,-0.012855,-0.81821,0.37251,-0.4571,-11.791,10.23,-2.6853,0.8993,-0.2284,0.75655,0.84643,0.27057,0.44319,-13.363,-6.9473,-0.94541,2.0985,-0.30509,0.65166,0.90275,0.46035,-0.25788
9,9.1664,-1.9185,1.1292,-1.1253,-0.10324,0.22526,-0.74097,0.15104,-0.34103,6.3013,7.9494,-1.0684,-0.8764,-1.3935,-0.41653,-0.4745,-0.58458,-0.29154,26.926,-6.5777,2.8251,-1.2893,-1.5692,-1.674,-0.51407,0.34564,-0.63464,-9.9387,-0.88577,-3.1445,2.8024,0.79548,-0.84823,0.76238,-0.32156,0.11406,-10.178,-0.59687,-1.1997,0.37057,0.32268,0.45089,0.78036,0.29306,0.049574
7,9.7667,0.79235,0.86652,0.091057,-1.414,0.25091,-0.73011,-0.23288,-0.58865,0.17894,4.3469,9.6565,-0.033135,-0.17544,0.82122,0.38666,-0.23696,-0.84654,2.328,-3.149,9.0867,-0.303,-0.36362,-0.75845,0.060795,0.07416,-0.9445,-3.8974,10.858,0.4762,-0.35558,0.50334,0.28256,-0.14542,-0.88966,-0.31871,-3.3604,-11.255,2.0929,-0.26457,0.31938,-0.16212,-0.1972,0.94314,-0.1033
3,11.07,1.1752,1.034,-0.54412,0.42158,-0.009934,-0.77585,0.007388,-0.5838,-0.092359,7.4446,7.1427,-0.25451,0.81315,-1.4314,1.1183,0.27087,-0.19195,-0.31634,-4.0212,9.0929,-0.024189,1.1025,0.7844,0.29883,0.22409,-0.61323,-9.3627,5.5429,-2.9232,-0.44644,0.80388,1.6472,0.65677,-0.65082,-0.11226,-9.8121,0.19573,-3.7492,1.6414,0.13533,0.41011,0.73722,0.42571,0.44868
0,9.4883,0.50197,3.0892,-0.40875,-0.22039,0.086936,-0.82464,0.12635,-0.55623,-1.7862,1.5663,1.3732,-0.11931,1.8374,5.1483,0.8366,-0.25319,-0.29093,9.082,-2.2697,3.0726,-0.041805,-0.45633,-0.67323,-1.1993,0.78682,0.085928,-4.1235,-7.3596,-1.9164,-0.10804,0.48798,-0.4703,0.51203,-0.59609,0.401,-9.9602,-0.7939,-2.2368,0.094897,0.040012,1.0044,0.99022,0.33687,-0.056187
9,10.948,2.33,0.78193,-1.9281,-0.044315,-0.40082,-0.86849,-0.19269,0.2661,7.9186,9.0966,-3.7891,-1.2058,-1.76,-1.6082,-0.63275,-0.58796,-0.24889,5.0717,-8.586,-1.8726,-4.4004,1.9196,-1.3162,-0.64736,0.27294,-0.58636,-11.407,-0.066518,1.1031,7.5761,0.76149,0.30615,0.82581,0.2826,-0.36612,-8.8504,4.2674,-2.0337,-0.82428,1.0707,0.61981,0.87942,-0.35899,0.17526
3,-4.0209,2.5027,3.5051,-0.22326,-0.001239,0.1664,0.52437,-0.18301,-0.8089,7.8619,4.0981,0.039077,-0.29377,0.37861,-0.1247,-0.42027,-0.97294,0.41778,6.9289,-3.674,4.505,0.1311,-0.41043,0.020479,-0.27988,0.57241,-0.46527,-7.1515,5.0711,0.92193,-0.54002,0.69899,-0.98792,0.78696,-0.27348,-0.41654,-5.6222,-3.8879,-2.0164,-0.4925,0.25681,-1.3027,0.68468,0.50965,0.64042
0,10.435,-0.14917,4.9687,0.39913,0.20866,0.12674,-0.78172,0.045171,-0.93944,9.0501,2.3546,2.4587,0.70367,-0.23062,0.73038,-0.64793,-0.80764,-0.65519,10.069,-3.0741,3.5884,0.81416,0.015065,0.28085,-1.2834,1.7832,0.46009,-4.851,-11.173,-6.3696,-1.7775,0.06686,-1.0607,0.15371,-0.82922,0.051452,-10.145,-0.3907,-4.9646,-1.5901,0.046783,0.21377,0.78083,0.198,0.30298
2,-4.5024,-3.3078,-0.98974,-1.0331,0.077253,0.99045,-0.78674,0.016185,-0.47191,9.675,-8.3224,0.54948,-0.34109,-0.56147,0.46566,0.2086,-0.79858,-0.092287,-9.5367,-0.007048,1.7464,-0.19072,0.5682,0.4259,-0.16669,1.0373,-0.08604,-12.915,43.987,-16.295,-2.4489,1.9624,-0.11507,0.50388,-0.55813,0.3655,5.1518,-15.568,-2.7328,1.4603,0.15252,0.36564,1.1354,0.27127,-0.22248
6,8.8645,1.9586,0.37738,0.72186,0.08913,0.023961,-0.8036,0.2595,0.23719,-1.2205,5.9666,8.1338,0.040012,-0.11793,0.17508,-0.33277,-0.25402,-0.67427,1.2438,-5.1424,7.9711,-0.17687,-0.10498,0.13283,-0.41581,0.74891,-0.30024,-9.7771,7.3932,-4.0371,-0.75416,-0.56929,0.23198,0.61024,-0.088943,0.28863,-1.7911,0.978,-0.13306,0.57382,0.070823,-0.6962,0.51316,0.63159,-0.028489
5,9.4447,0.68719,2.7453,-0.24549,0.059085,0.12384,-0.5742,-0.2128,0.16539,2.6269,0.89081,9.1963,-0.016402,-0.057802,0.004885,-0.26169,-0.1781,-0.24219,1.553,-1.1097,9.5263,-0.1123,0.027188,0.022448,-0.61872,-0.11625,-0.52281,2.4282,3.6982,1.6661,-0.15047,-0.17158,1.552,0.21227,-0.5925,-0.28095,-3.275,-15.846,-6.5926,-0.83362,-0.14778,0.83723,0.41922,0.28584,0.2824
7,10.082,1.4557,1.5971,-0.28661,0.86124,-0.036955,-0.52818,-0.19158,-0.77156,4.2327,9.6065,0.76358,0.30882,-0.028653,-0.5816,0.4227,-0.84105,-0.061767,5.0442,-2.0574,9.0593,-0.65238,0.35954,0.33151,0.26921,0.042638,-0.91749,0.47998,8.331,4.1053,-0.060308,0.11784,-0.36492,-0.68883,-0.56245,-0.36982,-1.3617,-9.3008,1.5216,-0.10305,0.11965,0.30755,-0.56084,0.78965,-0.070125
1,8.7019,-0.75225,3.4221,-0.31359,0.18555,-0.15194,-0.6342,0.13939,-0.59374,0.12629,8.2619,4.8252,-0.20535,-0.60995,0.45028,0.019854,-0.18256,-0.62061,0.16714,-6.8014,6.4737,0.11766,-0.12977,-0.62864,0.41,0.85809,-0.60364,-15.894,-1.9398,-3.1679,1.1459,1.5119,2.5186,0.75148,-0.37506,0.46812,-8.5898,-2.9713,-2.6044,-0.26358,0.14509,1.5271,0.82263,0.69948,-0.21307
1,9.2105,-0.65508,1.4028,0.53524,-0.18349,-0.18451,-0.73598,0.11716,-0.50296,8.9727,9.9072,0.61038,1.9873,-0.19963,0.53375,-0.40228,-0.36412,-0.9739,11.646,-1.9863,1.8976,-0.017257,1.2639,1.3747,-1.3537,1.422,-0.17453,-9.6983,-0.42989,-2.0575,0.30487,0.26489,-1.4361,0.60247,-0.55172,0.31315,-12.918,0.51447,1.8922,0.017669,0.95208,-2.3822,0.91454,0.79204,0.067676
6,9.8411,0.5844,0.18094,-0.33022,0.049302,0.28625,-0.75537,0.28246,0.33273,0.074418,4.3241,9.0999,-0.042224,-0.20732,-0.038865,-0.3799,-0.16691,-0.68124,1.9352,-1.2417,9.6464,-0.10283,0.17421,-0.025759,-0.45517,0.49869,-0.56487,-6.0275,8.4878,-3.4391,-0.64315,0.13531,1.9026,0.55371,-0.35251,0.34894,-7.067,-6.7456,-7.8593,-1.2566,-0.27395,1.1816,0.60921,0.42866,-0.042277
7,10.536,1.6986,-0.81453,-0.052859,-0.42899,-0.042132,-0.65899,-0.25675,-0.63787,4.0039,9.7346,-0.64641,-0.12611,-0.063304,0.21861,0.47449,-0.80629,-0.11633,5.1103,-1.5397,7.477,0.17518,-0.41766,-0.17687,0.22137,-0.098967,-0.92792,1.0332,9.1439,3.6584,-0.086807,0.2092,0.077248,-0.71442,-0.55378,-0.33885,-0.043895,-9.1967,1.6294,0.066049,0.089095,-0.065364,-0.57981,0.77858,-0.055007
1,7.2511,-0.21219,1.7088,0.83471,-0.005619,-0.1361,-0.76295,0.048808,-0.47229,7.0698,4.8888,-0.47276,1.1534,-0.00196,0.43291,-0.47288,-0.57626,-0.83292,6.8802,-2.4728,1.6637,0.7001,0.76839,1.8607,-0.85745,1.206,-0.64574,-9.0536,1.4196,-1.4673,0.21505,0.36468,-1.2651,0.7576,-0.41024,0.279,-5.1447,5.8808,0.40212,0.1373,-0.17617,-1.0388,0.67904,0.98939,-0.2296
7,8.6253,-1.1702,4.6146,-0.11736,-0.35657,-0.19262,-0.53975,0.10341,-0.87519,-4.0331,-3.3657,6.7562,-0.25981,-0.20015,0.2281,0.65541,0.60594,-0.43514,-6.3133,2.3526,6.2,-0.4014,-0.30236,-0.066057,0.79479,-0.47231,-0.3971,-0.60315,9.5264,0.92266,-0.012318,-0.015605,0.48638,-0.45229,-0.84259,-0.21134,0.32549,-10.4,-1.0044,0.19562,0.079044,-0.4376,-0.54586,0.81016,0.11801
4,17.516,1.1756,1.5377,-1.2379,0.06471,0.22897,-0.967,0.04964,-0.26306,-3.6554,10.059,1.5953,-0.074166,0.52488,2.0184,0.32899,-0.85702,-0.91444,-3.7435,-6.8772,5.5803,-0.039983,1.2669,0.49382,0.51377,0.43012,-0.6922,-12.765,3.6775,-1.331,-0.71371,1.0404,0.89785,0.34515,-0.43991,-0.075821,-17.401,-4.7016,-3.9029,-0.6892,-0.76174,2.3116,0.51721,0.31887,0.18993
9,10.032,5.4826,3.7246,-1.0244,0.012037,0.53989,-0.63374,-0.15001,-0.56847,13.222,14.384,6.9853,0.89626,-5.0249,10.228,0.53993,-0.52711,-0.38724,4.2809,3.3226,5.468,-9.7472,-13.021,-4.3692,0.59785,-0.52281,-0.23192,-16.91,-2.3972,0.95784,0.62881,-1.0906,1.7776,0.726,-0.39561,-0.26836,-13.681,13.336,1.1204,4.1309,2.1509,0.90586,0.69148,0.40806,0.34895
9,8.8567,0.09824,-7.3251,-1.2528,1.9731,0.25947,-0.76329,-0.39442,-0.031756,-4.3008,10.592,-13.124,0.55721,-6.1163,-1.9222,-0.49293,-0.51994,0.43799,-3.1958,-6.7812,-0.91658,3.6135,-0.46568,6.8041,-0.34103,0.44161,-0.66038,-8.782,2.2066,5.3477,-0.56826,-1.1257,-0.28755,0.69428,-0.15271,-0.43705,-10.388,-4.5535,-1.5242,-1.2403,1.443,-2.2974,0.69709,0.39338,0.29659
9,9.1913,-4.9172,0.51624,-0.086655,-0.039755,-0.3412,-0.60989,0.59362,-0.097973,5.595,8.0252,1.5351,-0.54203,-0.49776,-0.77227,-0.40982,-0.47154,-0.50814,7.189,-7.0839,4.1689,-1.566,0.096897,-1.9061,-0.54042,0.59649,-0.070054,-9.7437,-0.9276,-1.4537,0.43277,-0.578,0.20583,0.71496,0.011393,0.37992,-11.058,-4.032,2.8191,-0.12965,0.45602,0.1218,0.63775,0.16654,-0.45136
4,11.204,3.9661,3.3778,-1.44,0.12194,-0.418,-0.76846,-0.14303,-0.45874,-1.2761,8.2865,7.0051,0.10569,-0.438,1.4599,0.026774,-0.73263,-0.95274,-4.2136,-6.6311,9.1026,-1.7138,-0.22047,-0.57471,0.28869,0.40589,-0.73218,-10.421,4.7314,1.8623,-1.392,-0.51066,1.6818,0.46321,-0.19664,-0.091793,-12.505,-3.4691,-0.37927,-0.68849,-0.38328,2.278,0.62287,0.2525,0.12678
0,6.2854,-0.08871,3.4948,-0.2703,-0.16897,-0.1452,-0.60643,0.075235,-0.67448,1.2181,7.586,5.093,0.14296,-0.23137,0.22751,-0.03591,-0.28476,-0.63362,2.5939,-5.7669,6.4705,0.080581,-0.23825,-0.11865,0.24605,0.72507,-0.91311,-9.0887,0.93323,-2.4891,0.89184,-0.2607,-1.2216,0.61734,-0.49865,0.38606,-8.0265,1.1015,-1.1943,0.96521,0.18179,-1.8729,0.73947,0.70163,-0.16935
9,15.576,-2.638,1.5991,-0.19747,0.15725,0.68135,-0.78165,0.22677,0.33737,9.878,13.47,11.872,0.38695,1.2412,0.94589,-0.58151,0.12039,-0.6211,12.683,-6.0368,4.1669,-2.9235,-0.90158,-1.3393,-0.8329,-0.2424,0.078022,-8.4314,9.6569,-3.0209,-0.78191,0.60924,-1.2404,0.83398,0.071266,0.49579,-13.768,-12.913,3.8843,-1.4658,-1.2181,-1.2082,0.6228,-0.60043,-0.001663
8,11.482,-0.36247,3.7123,-0.69513,-0.29541,-0.081154,-0.78385,-0.38757,0.12725,10.176,3.6714,1.9228,-1.3828,-0.42882,0.33668,-0.64344,-0.050334,0.44409,12.612,-2.6881,0.77736,-0.23246,0.12904,-0.47697,-0.58122,-0.43382,0.05967,-10.076,0.99809,-2.9787,-0.31181,-0.25386,-0.1342,0.44416,0.19454,-0.51829,-11.466,-6.1052,-2.407,-1.0005,-0.35542,0.21608,0.4364,-0.37842,0.4888
1,11.836,-0.13868,4.7895,0.41711,0.31555,0.030393,-0.85833,-0.01863,-0.71867,11.866,1.9071,2.5683,0.77496,-1.0153,1.976,-0.53447,-0.73406,-0.28554,13.14,-4.7481,2.9901,0.76948,-0.046219,1.866,-0.39332,1.0321,1.8173,-5.8678,-2.6558,0.31926,0.30993,0.81194,-1.2972,-0.046655,-0.61426,0.027971,-13.048,-4.2144,-2.0246,-0.24906,-0.26889,-0.25779,0.71431,0.045744,0.12577
5,7.3752,0.71913,3.3139,-0.41263,-0.24587,0.09797,-0.63923,-0.18254,0.1033,3.903,7.1307,4.8533,-0.084216,-0.19497,0.15231,-0.80683,-0.4586,-0.28132,6.9151,-4.6426,4.2494,0.063267,-0.025324,0.12357,-1.0044,0.11681,-0.46653,7.112,0.81661,1.1594,0.93999,0.23619,-1.2487,0.20267,-0.57701,-0.35129,-4.7481,-11.789,2.3565,-1.0148,0.36389,-1.033,0.38444,0.29221,0.13472
8,6.5366,-2.152,-3.7326,-0.62102,-1.0607,0.66474,-0.76376,0.40165,-0.28719,6.8128,1.9721,-0.29963,-0.32788,0.45908,0.44088,-0.62078,-0.095133,-0.30952,6.6376,0.2274,2.0989,-2.4692,-0.16555,-1.1863,-0.71984,0.40101,0.054027,-6.3284,0.3441,-1.0263,0.28299,-0.005367,0.45969,0.69548,-0.14258,0.52086,-31.38,-15.208,-10.657,5.8335,3.8942,1.1923,0.65928,0.016192,-0.31934
3,9.7364,-1.2846,0.8822,0.60141,0.000295,-0.058687,-0.73179,0.086639,-0.53729,5.6419,5.4711,5.3358,0.10917,0.020128,-0.39389,0.23938,-0.38661,-0.13342,3.6286,-7.0201,5.9005,0.032746,-0.15598,0.021492,0.12063,0.45109,-0.67099,-10.485,-1.0731,-2.8961,0.17194,0.29565,-1.2421,0.65355,-0.43177,0.25756,-8.8658,-5.6045,-1.4905,0.47287,0.043126,-0.97094,0.50937,0.74887,0.21351
4,11.63,2.7627,4.064,-0.70147,-0.031923,0.49094,-0.76394,-0.19736,-0.4285,-2.3565,8.1626,8.9399,-1.6294,-0.56831,1.5846,0.14434,-0.71742,-1.0121,-3.6451,-6.3874,7.6367,0.67602,0.14223,0.5082,0.39184,0.32965,-0.77449,-7.4019,0.7582,0.70456,0.004367,0.26415,1.9714,0.45306,-0.19083,-0.13831,-13.52,2.4609,-2.2874,-1.1129,0.18649,0.98897,0.60208,0.31544,0.09837
1,9.5537,-0.69487,5.4642,-0.30753,-0.80718,-0.078571,-0.58532,0.23353,-0.73523,0.95189,9.0516,0.34751,0.61704,0.72816,-0.063754,-0.20178,-0.57005,-0.42769,2.689,-6.6102,7.4188,-0.20283,0.31721,-0.34734,0.096013,0.68348,-0.85203,-13.699,-2.618,-2.0952,-0.96155,0.38514,2.5219,0.64587,-0.6403,0.20715,-8.649,-1.4126,-0.73604,0.32791,0.3344,0.87995,1.0108,0.52876,-0.18983
1,11.968,0.41961,5.7154,0.34343,-0.23266,0.36203,-0.88449,-0.016805,-0.66722,9.6091,1.7128,2.7408,0.13004,-0.56056,0.77804,-0.53837,-0.68575,-0.45253,11.842,-4.6735,3.1563,1.2178,-0.32401,0.24411,-1.1559,0.56573,1.7724,-4.3016,1.1632,-2.8151,-1.5997,0.38113,-0.37776,-0.054858,-0.60381,0.034666,-12.225,1.6323,-1.0316,-0.88841,-0.24997,0.67608,0.7194,0.046195,0.16142
3,4.6682,0.54169,-0.2979,-0.37464,-0.28544,-0.41259,-0.73813,-0.068202,-0.60168,4.5414,4.2568,5.8428,-0.76196,-0.52824,-0.51581,0.1249,-0.47422,-0.89643,5.575,-1.5135,5.8268,0.02517,-0.14746,-0.47735,-0.018767,0.32909,-1.0207,-4.9837,-3.209,0.57803,1.1051,-0.73464,1.2527,0.79898,-0.20084,-0.45607,-5.2213,-3.8453,-1.6805,0.8535,-0.057788,1.286,0.69939,0.68928,0.31683
5,9.6663,-0.82823,2.2241,-0.094746,-0.045624,0.14877,-0.59984,-0.23617,0.17895,0.95307,6.6921,7.2586,-0.062508,-0.029395,0.071512,-0.20149,-0.52095,-0.1635,1.3813,-1.7189,9.1507,0.11933,0.055067,0.12591,-0.45845,-0.1753,-0.57865,3.8029,4.5291,-0.17162,-0.28766,-0.11659,1.1108,0.14933,-0.61204,-0.33177,-2.6669,-14.497,0.79726,-0.64379,0.099828,0.41852,0.26203,0.38247,0.21031
0,9.7548,-1.1085,2.4741,-0.2056,-0.16643,-0.3171,-0.7943,0.082296,-0.59295,8.668,4.1968,2.2684,-0.55366,-0.35812,0.37734,0.069448,-0.44132,-1.2181,8.4052,-1.7999,1.0744,-0.12147,-0.008304,0.002146,-0.90629,1.1526,-0.6798,-9.9515,1.2118,-1.7047,0.84926,-0.10739,-0.78118,1.0004,-0.053723,0.33188,-9.4036,-15.632,5.5737,1.5248,1.0955,0.19131,0.77973,0.93293,-0.27104
6,9.0317,1.8932,4.6472,0.12896,-0.2489,0.022385,-0.91194,0.35791,-0.20775,-2.9592,6.2294,6.8679,0.52236,0.25159,0.10042,-0.24783,-0.34666,-0.88304,2.4843,-2.5002,9.2111,0.17279,-0.1454,-0.13381,-0.56503,0.58771,-0.56334,-10.9,7.5807,-0.32239,-0.52017,0.15905,0.8528,0.57495,-0.35765,0.30454,-3.3453,-6.2002,-0.6186,-0.87548,-0.30462,1.6963,0.37521,0.71493,-0.40724
2,-4.8517,-1.0738,-5.1561,2.403,-1.9115,0.26273,-1.1242,0.1884,-0.45013,15.105,2.7394,4.2986,-0.23959,1.989,4.4105,0.5232,-0.62545,-0.76016,-9.1028,0.42459,4.5906,-0.30061,2.3156,1.885,0.13271,1.1386,-0.39777,-2.4001,13.789,-4.2738,-0.4208,1.1147,-0.59794,0.26324,-0.68396,0.30166,1.118,-6.5468,0.11785,-0.90817,0.4632,-2.073,0.95027,0.19854,-0.10269
8,21.915,-5.1898,6.5768,0.062132,0.95208,0.28817,-0.70964,-0.34739,-0.30795,23.501,7.0326,0.33898,1.2191,0.49077,-0.25733,-0.37699,-0.61493,0.33013,22.758,-7.1595,7.901,0.29553,-0.78682,0.090206,-0.35342,0.059629,-0.69027,-18.299,-4.2186,-11.459,-0.30894,1.6339,0.49356,0.5248,-0.36015,-0.39067,-25.78,-7.9887,-6.0676,1.9106,-1.9283,-0.76062,0.38411,0.25801,0.62731
1,10.725,-0.72056,1.7694,0.078862,1.211,-0.57593,-0.80305,-0.11076,-0.71538,-0.98237,6.615,8.5754,0.28945,-0.50047,-0.38373,0.27052,-0.55519,-0.8523,-1.0971,-6.3088,7.9517,-0.14535,-0.57229,-0.45258,0.33645,0.47833,-1.0984,-13.9,7.9587,-0.012125,0.91295,-0.41975,1.1387,0.60156,-0.31437,0.13944,-17.978,-7.5371,5.0251,2.0662,0.011643,0.8513,0.16043,0.74416,0.052654
2,6.3671,0.91931,1.3487,2.5825,-0.50089,-0.021289,-0.87767,0.10444,-0.58242,3.177,11.685,-1.9576,-0.26904,0.083489,0.77319,-0.63942,-0.67129,-0.29815,7.1499,-8.2076,1.7763,-1.0927,-1.9728,-1.296,-0.68664,0.37256,-0.98236,-18.859,3.9161,2.9903,-0.11816,-0.46067,-3.4465,0.84424,-0.33424,0.15931,-2.1344,17.277,4.456,3.8882,0.42101,0.58918,0.5824,0.76856,0.083128
8,7.6523,-2.3094,1.8808,-0.11419,0.36723,-0.081694,-0.71577,-0.33113,-0.30724,10.077,5.7343,0.32976,-1.009,-1.1984,0.028611,-0.3839,-0.57091,0.38505,8.3635,-3.3379,3.5246,0.10042,-0.71134,0.34001,-0.42898,-0.004332,-0.63527,-11.179,-2.2412,-1.188,1.3829,-1.4872,0.031917,0.52458,-0.25729,-0.42816,-11.413,0.66303,-3.0746,-0.6724,-0.80341,0.008149,0.41791,0.20957,0.62057
6,9.8155,0.066084,0.94288,-0.27533,-0.5231,-0.080747,-1.0271,0.44211,0.090903,-1.1354,9.5163,4.7312,-0.10461,-0.026754,-0.25748,-0.50893,-0.56565,-0.66373,2.1746,-2.2198,9.4478,0.22759,-0.026117,0.23903,-0.53268,0.54133,-0.68687,-10.74,7.8654,2.7994,0.25756,-0.13711,0.56874,0.57948,-0.26197,0.28442,-1.0078,0.062482,1.9243,-0.22786,0.43901,0.23389,0.44533,0.60366,-0.38518
7,9.5083,-0.59041,-0.088091,-0.86327,-0.75141,0.32429,-0.88266,0.039448,-0.42242,3.2831,3.5361,7.8922,-0.17878,-0.009217,0.095864,0.27432,-0.31908,-0.8482,2.9865,0.001659,8.4638,0.94356,0.065817,-0.28669,0.27636,-0.03538,-0.90296,-0.23726,8.6766,-1.4592,-0.031693,0.008426,-0.96063,-0.51588,-0.81017,-0.078195,-0.14905,-7.1509,-3.7875,-0.64353,-0.31022,0.77471,-0.56759,0.69815,0.36379
1,8.6795,-0.63883,2.2845,0.49175,-0.16871,-0.16534,-0.74737,0.062537,-0.47529,7.9736,5.2347,0.82516,0.74279,-0.042041,0.15767,-0.40685,-0.4432,-1.0972,7.6676,-2.1829,1.845,0.51261,0.51004,1.3391,-0.65471,1.2124,-0.44745,-9.7307,0.34399,-2.1271,0.25533,0.01196,-0.98088,0.83635,-0.31127,0.31008,-4.8368,0.92809,-0.78204,-0.59486,0.33262,-0.50275,0.68235,1.0594,-0.13082
3,8.8091,1.9715,0.92372,0.45067,-0.11835,0.35805,-0.81439,-0.10157,-0.58941,6.1663,0.76484,3.8396,-0.068572,0.22852,0.2329,0.51997,-0.56555,-0.30827,2.7023,-9.0985,4.204,0.38704,1.0109,0.33075,-0.30858,0.2271,-0.52743,-8.7936,-0.81015,-2.2655,0.40525,-0.10267,1.0364,0.82201,-0.41291,-0.21422,-11.581,4.5977,-0.81085,-0.013305,-0.20627,1.0214,0.70915,0.45454,0.61353
8,-6.1936,-0.41514,-1.698,0.36216,-0.87608,-0.10587,-0.6604,0.4628,-0.23638,1.5245,-4.6279,-0.94634,-0.14088,0.080413,0.040029,-0.16365,-0.68987,-0.38745,1.7699,2.6744,0.69274,-0.51211,-0.33305,-0.14683,0.29157,0.45417,0.59887,1.1818,5.4433,0.10665,0.32724,-0.1173,0.056484,0.49655,-0.027474,0.50606,0.66424,-8.0872,3.9506,0.90657,-0.059536,-0.13026,0.49639,0.039599,-0.45354
6,9.7311,0.40412,-1.0345,-0.39498,0.16509,0.34103,-0.96488,0.43996,0.40053,-2.0159,5.986,7.3413,-0.11162,-0.086643,-0.001502,-0.44622,-0.3567,-0.84038,-1.0198,-1.2403,9.713,-0.16822,0.034104,-0.062296,-0.43156,0.48524,-0.7948,-8.0225,9.6751,-0.62909,-0.62858,0.41591,1.4039,0.49361,-0.42106,0.31189,-4.1661,-8.4773,-0.26204,-0.15023,-0.49392,2.0646,0.4033,0.76969,-0.20005
9,6.3356,1.4145,0.006491,-0.68331,0.067999,-0.58987,-0.83536,0.38249,-0.49483,7.6599,4.0156,-5.8722,-0.18971,-1.7321,0.93567,-0.59021,-0.88984,-0.09454,5.1792,-5.9311,3.5594,-1.357,0.5566,-1.2393,-0.39316,0.95856,-0.18275,-8.7832,-0.75182,-1.4536,-0.090126,-0.69731,1.1275,0.77749,-0.472,0.70161,-8.2079,-2.4734,-1.8607,-0.32172,-0.31829,0.86197,0.94572,0.49283,-0.441
9,9.1911,0.52297,1.3754,-0.14852,-0.38996,-0.34889,-0.74578,0.30244,-0.1817,9.0018,3.8399,0.084808,-0.26071,0.033173,-0.54709,-0.70675,-0.30463,-0.27264,6.7717,-2.3565,5.1482,0.28693,-0.37691,-0.064074,-0.64928,0.44416,-0.38965,-9.265,-2.0114,-0.51527,0.35624,-0.17754,0.22776,0.74831,-0.076949,0.32145,-8.952,1.7091,-1.1619,0.33268,0.22477,0.3325,0.79581,-0.11673,-0.21018
5,7.1307,-0.54662,3.2851,-0.047401,0.65161,0.018597,-0.78669,-0.10322,0.058204,-0.44165,7.8166,4.6212,-0.12954,-0.018852,-0.15334,-0.10385,-0.49133,-0.062835,2.1701,-1.0749,8.284,0.1152,0.24457,0.066547,-0.59531,-0.19766,-0.52046,-6.4594,15.038,0.46998,-0.66324,0.27019,1.9451,0.30041,-0.43798,-0.16563,0.88029,-6.1886,0.47733,-0.64284,-0.80207,2.2436,0.16302,0.52007,0.18278
0,9.1823,-0.39614,3.163,0.61449,-0.70216,-0.011057,-0.75224,-0.1965,-0.77101,2.8828,5.9775,5.5658,-0.48481,-0.52595,0.1959,-0.38299,-0.87814,-0.57919,5.6817,-5.2643,7.0297,0.056583,-0.83704,0.13369,-0.3898,0.82895,-1.0416,-11.595,-0.098663,-1.0736,0.51319,0.50076,-1.5087,0.22479,-0.74381,-0.14558,-13.858,-1.6961,-0.13615,-0.13444,0.18933,-2.2649,0.56381,0.38516,0.20583
2,3.2067,0.16949,6.303,2.6598,2.0168,0.039979,-0.82746,-0.04843,-0.6263,4.5287,9.6595,8.5434,0.33369,0.72387,1.8473,-0.29797,-0.70414,-0.25389,6.2512,-1.7375,2.7863,0.18589,-3.1157,-1.9386,-0.50022,0.32616,-1.0383,-13.019,3.5117,1.3672,0.51064,-0.22126,-3.3261,0.83789,-0.35152,0.061296,-3.4759,8.9419,10.408,1.5747,-0.57219,-0.31978,0.72574,0.68208,0.2033
7,7.6251,-0.26223,6.5339,0.10876,-0.32845,0.054496,-0.4744,-0.077254,-0.84049,-7.1168,7.481,0.027128,-0.8829,-0.8348,0.34936,0.79292,-0.52888,-0.13102,-4.1096,-3.5671,9.6012,0.8426,-0.001538,0.11777,0.52927,-0.1207,-0.80537,1.1394,8.2047,3.2396,0.33244,-0.089838,0.46965,-0.52007,-0.68932,-0.43245,-0.13012,-8.135,0.68634,-0.4697,0.29108,-0.72677,-0.32163,0.91972,0.019899
4,6.687,-0.50904,1.6405,1.0244,-0.1187,0.072904,-0.72613,0.11011,-0.52358,-1.0944,7.4132,4.5191,0.15074,1.0511,-1.4739,-0.054103,-0.9182,-0.6939,-5.2867,-4.7621,5.6529,0.37136,-0.095232,1.4601,0.43823,0.36729,-0.62869,-11.088,1.0954,-3.1582,0.99493,-0.25427,-1.1829,0.55309,-0.31238,0.13529,-9.5385,-4.389,-0.93686,1.2181,-0.25777,-2.6296,0.53173,0.32305,0.021122
0,8.1999,-0.086796,4.6359,0.077366,-0.21248,0.11662,-0.7814,0.038198,-0.92928,7.1095,2.071,1.9049,-0.085088,0.25868,-0.20003,-0.61073,-0.7384,-0.81884,8.8757,-4.1312,3.9587,-0.20474,-0.39236,-0.68425,-1.5382,1.257,0.6245,-6.1436,-2.6319,-2.3675,0.54613,0.67549,-0.92248,0.12347,-0.82017,0.12238,-8.7641,0.70321,-2.101,-0.71896,-0.23039,1.0703,0.74953,0.29366,0.30231
8,2.7918,0.67073,-0.21764,1.2652,1.5909,-0.85013,-0.90639,0.44344,0.1985,4.0875,13.629,1.0247,2.8532,1.4865,2.6777,-0.91126,0.3559,-0.21312,4.1084,2.3315,2.4799,0.13137,-0.93001,-0.91872,-0.91993,0.058562,0.39585,1.0674,5.8958,8.1366,-0.86757,1.8845,-1.3817,0.80979,0.33349,0.45382,-2.2901,-3.0154,-0.21422,0.36751,-0.70929,0.45528,0.82071,-0.069419,-0.52455
5,9.6374,-1.0466,1.6141,0.031646,0.025343,-0.075474,-0.60487,-0.22773,0.18184,0.22454,7.771,5.964,0.024886,-0.019892,-0.036207,-0.15951,-0.55474,-0.077486,1.0141,-2.9381,9.2258,0.038793,-0.025555,-0.047688,-0.42785,-0.10368,-0.60738,-3.082,9.7692,0.27498,-0.32689,-0.1677,1.3052,0.3096,-0.51069,-0.26692,-0.44468,-8.8636,1.1232,-0.33636,0.10472,1.6203,0.16925,0.52895,0.15436
2,14.931,0.59695,3.1567,-1.3716,0.96336,0.34687,-0.82731,0.15841,-0.4628,8.4914,11.39,-0.83163,-1.0272,-2.111,-2.3879,0.14207,-0.44042,-0.5105,7.3172,-16.265,4.6257,-0.43718,1.1779,-0.6457,-0.48576,1.1023,-0.096703,-11.621,-10.281,0.27078,0.009685,1.0865,3.0848,0.87722,-0.37915,0.38813,-19.437,0.89139,-6.1994,-0.89785,0.077214,3.4326,1.0707,0.70967,-0.14553
9,4.3542,1.8294,-1.2962,0.22543,-0.56484,-0.087063,-1.0952,-0.16206,0.021844,-0.64368,9.242,-5.5133,-1.3334,0.5922,-2.7708,-0.75472,-0.68146,0.17826,4.204,-3.0824,10.2,1.7814,2.1741,-1.9094,0.060684,0.17027,-1.0109,-9.2744,0.10448,1.5227,-1.549,-0.013118,1.6534,0.91483,0.49915,-0.53823,-15.647,-2.804,-6.7118,-4.738,2.0324,2.2213,1.0278,-0.2341,0.39456
5,9.909,0.58741,2.7147,-0.067815,0.002359,0.17813,-0.82352,-0.30055,0.041208,-1.4506,6.8416,6.8173,0.00591,-0.15355,0.003167,0.32412,-0.63211,0.028901,0.35978,-0.065186,10.357,-0.17125,0.002119,-0.13956,-0.61602,-0.19,-0.61793,-1.5844,12.002,-4.4328,-0.95833,1.1798,2.1536,-0.01959,-0.70603,-0.16824,-0.57871,-9.4514,-2.2702,-0.1586,-1.514,2.3731,0.029262,0.46968,0.44669
7,8.0037,-0.44699,5.8718,0.18175,0.14202,-0.074814,-0.37681,-0.000589,-0.88397,-6.246,2.0614,8.0438,0.013607,0.10533,-0.031468,0.87997,0.021839,-0.38646,-4.6181,-0.10769,9.4516,0.23722,0.15957,0.22902,0.71505,-0.29929,-0.55396,1.5022,10.384,-0.14139,-0.13849,-0.014843,0.41233,-0.59132,-0.72703,-0.1908,2.5434,-8.9921,0.70969,-0.11903,0.017282,-0.39466,-0.71059,0.65361,0.001851
5,9.3372,-1.2105,1.784,0.026011,-0.086326,0.23533,-0.59706,-0.2331,0.18753,0.34264,7.3926,6.6186,-0.15815,-0.019701,0.13045,-0.1687,-0.54676,-0.10517,0.8391,-2.9443,8.821,-0.21443,0.10911,0.091844,-0.41486,-0.076231,-0.63185,3.5924,5.5504,1.5965,-0.082069,-0.066809,0.6739,0.13332,-0.60916,-0.34346,-1.7257,-14.155,0.75153,-0.4204,-0.099264,0.23097,0.26939,0.36144,0.22135
3,15.635,0.8222,-0.5859,-0.33062,-0.10722,0.14148,-0.9243,0.022802,-0.45427,-3.4302,8.6941,5.1287,-0.47008,0.047215,-0.011592,0.67637,0.061562,0.47671,-2.7586,-6.6534,9.0341,-0.019365,0.054023,0.23367,0.68669,0.33195,-0.44192,-7.904,3.0118,0.61402,0.54131,-0.28643,0.10877,0.16575,-0.91361,0.003699,-10.816,-0.87507,-2.3335,0.16973,-0.020854,-0.17336,0.90448,0.49239,0.014442
2,-0.86482,0.24762,-0.75861,-1.1672,0.068911,1.1476,-0.74104,0.017281,-0.51686,8.3975,-6.4824,0.071811,-0.12574,-0.84648,0.75257,0.15364,-0.7467,-0.097139,-6.4169,-0.84948,2.3364,-0.89871,1.5401,-0.88807,-0.039553,1.0159,-0.16368,0.084356,-8.0497,3.6355,2.0894,1.6364,-2.2915,0.46982,-0.60234,0.3861,-1.4325,-14.343,-4.6919,-0.18194,-0.99613,1.4105,1.1408,0.33247,-0.11986
7,1.5795,1.2531,9.8456,-0.6265,-0.23358,0.060534,-0.25199,-0.06953,-0.93219,-6.0193,5.1142,-1.7466,1.0976,-1.1845,-1.5613,0.84771,-0.45598,-0.089231,-6.0336,-1.9681,8.3249,-1.2393,0.28851,-0.19699,0.58602,-0.10623,-0.76886,0.39646,17.003,5.1936,-0.82603,-0.70005,1.1026,-0.31698,-0.79711,-0.43554,-3.8854,-11.401,4.32,-0.10717,0.027509,-0.75964,-0.11242,0.96704,0.032119
4,-5.8534,3.8865,5.5547,0.54727,0.068076,-0.47601,0.56415,-0.29079,-0.55692,4.5879,8.1971,-2.9585,-0.49746,0.42756,0.30704,-0.30361,-1.1725,0.15992,-4.9805,-11.431,3.2456,-0.26983,-0.26886,0.22908,-0.071013,0.71385,-0.45198,-6.9024,1.1481,-0.85002,1.021,0.68009,-1.1364,0.52067,-0.21724,-0.16709,-7.7006,-4.3258,-2.026,0.76553,-0.106,-0.38137,0.63933,0.26738,0.14581
4,9.2373,-0.15042,2.1287,-0.5609,-0.30877,0.20849,-0.73987,0.046619,-0.54093,4.299,8.3164,3.6618,0.15441,0.043547,1.3874,-0.29295,-0.84383,-0.53602,-1.153,-10.397,6.4063,-0.49467,-0.90215,-1.1995,-0.14984,0.55442,-0.57138,-7.3237,-0.22822,1.5964,1.3389,-0.14289,-0.85283,0.4994,-0.31675,-0.067645,-9.4306,-4.3165,-2.6099,0.055749,-0.48513,-0.1829,0.66998,0.13705,0.25182
5,8.7936,-0.58698,5.1713,0.30863,0.25685,-0.006504,-0.64732,-0.081956,0.020708,8.5664,2.1806,3.8847,0.16846,0.045054,-0.18491,-0.89893,0.21613,0.046264,7.5247,-3.5727,5.6283,0.11446,-0.018761,-0.09158,-0.83827,-0.12917,-0.60156,-2.8423,7.2171,-0.75675,0.82546,-0.47684,-2.9008,0.29852,-0.58656,-0.051859,-0.46532,-10.912,1.1554,0.36325,-0.042872,-2.3823,0.26502,0.53849,0.13375
4,8.8318,0.1702,3.5847,0.32857,0.17377,-0.009131,-0.7198,-0.23538,-0.50091,-8.5311,8.9727,2.1428,0.16079,-0.077719,0.75517,-0.004298,-0.66721,-0.17515,1.6691,-5.5492,7.9188,0.30751,-0.31213,-0.7713,0.29751,0.4294,-0.97938,-9.377,0.56312,-2.6295,-0.089446,-0.22001,-0.19158,0.70277,-0.11813,0.049693,-6.8572,-1.8395,0.078882,-1.486,0.28119,1.5398,0.31341,0.52221,0.006939
4,7.5646,-1.1272,1.9397,1.79,-0.13319,0.30507,-0.86611,-0.054209,-0.59094,-13.969,9.7882,-1.3648,-0.26596,1.0872,3.5751,-0.22505,-0.7568,0.056557,2.7701,-7.0312,7.0208,-0.78142,-0.91744,-2.6663,0.31711,0.62535,-0.84334,-8.9818,8.7537,-0.63475,0.16844,-0.23902,-0.57113,0.66443,-0.099528,-0.1317,-5.2052,-15.581,-5.6778,0.69556,0.67005,0.27173,0.40216,0.36969,0.03012
5,9.5655,-0.45584,3.0886,-0.038426,0.12131,0.058244,-0.59335,-0.18031,0.14552,2.8019,0.59274,9.21,-0.050249,-0.063171,-0.004072,-0.28312,-0.15672,-0.23631,1.1317,-1.2886,9.953,-0.091526,0.000312,0.001954,-0.62394,-0.11856,-0.52271,1.1869,6.409,0.039375,0.64119,0.089509,-1.5677,0.21989,-0.61258,-0.22966,-2.5075,-11.316,-3.8137,0.98322,0.20311,-1.0703,0.38138,0.36273,0.28256
7,9.1751,-0.90323,-4.6871,-0.12607,0.50473,0.21647,-1.065,0.27055,-0.26957,4.5526,7.1763,6.2652,-0.15962,0.60881,-0.051366,0.30419,-0.57619,-0.66539,7.2306,-0.09167,7.9106,-0.11175,0.56338,-0.41549,0.046986,-0.18809,-0.90802,1.1909,9.2859,1.8238,-0.074841,0.002808,0.017718,-0.68677,-0.62029,-0.25311,2.0412,-8.8772,-1.4103,-0.1405,0.05637,-0.09802,-0.75065,0.59036,0.1348
6,9.5953,-0.97562,2.9166,0.12435,0.14026,-0.18106,-0.84058,0.37171,0.17621,0.89638,4.5641,8.4555,0.034867,-0.005677,-0.004988,-0.50424,-0.07801,-0.77559,0.8933,-1.5839,9.6593,0.037091,-0.099856,-0.074231,-0.46039,0.50235,-0.61266,-5.5847,7.6015,-1.9266,0.62341,-0.55734,-1.0876,0.42146,-0.3976,0.46253,-8.4212,-6.2414,-0.11593,0.085185,0.035434,-0.66505,0.61055,0.24163,-0.3613
6,8.3787,0.30493,4.3963,-0.1622,0.23397,0.22173,-0.91719,0.28007,-0.12534,1.9349,7.9441,4.7008,-0.14249,-0.16143,0.16741,-0.74793,-0.54524,-0.51209,0.76105,-4.5922,8.2293,-0.10564,0.2121,0.037093,-0.62238,0.68157,-0.57319,-2.6781,2.9602,0.16385,-0.35094,-0.03898,1.2423,0.64197,-0.50358,0.08631,-7.9816,-9.3991,-7.7883,0.204,-0.21688,0.57001,0.72026,0.41235,-0.091215
7,10.176,-0.87311,0.55901,0.060461,-0.89461,0.10175,-0.78396,-0.0655,-0.55319,1.1972,5.9521,8.9582,-0.17728,-1.5254,0.90952,0.52244,-0.28897,-0.7294,1.8869,-0.9365,9.3448,-0.47015,-0.9685,-1.3515,0.38571,-0.19517,-0.82906,2.0498,9.81,-0.4224,-0.097661,0.010962,-0.022654,-0.65555,-0.67186,-0.19952,2.8866,-9.3817,0.3723,-0.18677,0.1834,0.11844,-0.73792,0.61894,0.015227
0,8.556,-1.6875,-1.8263,-0.3836,0.073827,0.30544,-0.81422,0.25442,-0.54808,4.3341,8.8512,-0.59515,0.12353,0.12504,-0.028536,-0.52805,-0.61933,-0.43441,5.6863,-4.4786,6.7861,0.015123,0.084884,-0.34667,-0.23892,0.66013,-0.93014,-11.424,-4.2444,-3.0052,0.004294,-0.18331,2.5952,0.61536,-0.65684,0.11049,-9.2416,-9.1023,-1.8765,0.39706,-0.1023,0.93047,1.1533,0.38481,-0.22461
1,12.629,1.371,0.70524,0.64221,0.71796,-0.33238,-0.88565,-0.20653,-0.64728,0.9399,8.3279,7.1725,0.65035,-0.10945,0.010736,-0.053422,-0.81659,-0.65643,-0.2407,-8.7398,7.8564,-0.062909,-0.078477,-0.63161,0.28518,0.79896,-1.1842,-15.099,9.1229,-0.51615,0.39032,-0.27111,1.2094,0.58303,-0.38084,0.13543,-27.201,-4.5513,8.4782,1.6133,0.49446,1.1466,0.10667,0.77518,0.10026
4,10.553,-1.7827,0.79109,1.813,-2.1376,-0.26496,-0.68466,0.40361,-0.62326,6.0713,5.2318,7.5228,-0.53989,0.48843,-2.2644,-0.085447,-0.93737,-0.37134,-5.2109,-5.2099,7.0805,1.1827,1.014,2.3781,0.25332,0.38798,-0.67683,-11.475,1.4966,-1.7462,-0.80295,0.89548,-0.95966,0.48406,-0.28765,-0.23497,-13.437,-0.13519,0.38014,-0.034949,0.93207,-1.8719,0.48417,0.33758,0.10892
2,-3.7389,-2.6028,-1.2075,-1.0174,-0.30596,0.85519,-0.69797,0.17694,-0.55892,7.0106,-6.4362,1.0094,0.12416,-0.69373,0.9257,0.12955,-0.75644,-0.11069,-8.49,0.80371,1.4985,0.40787,0.62554,0.28753,-0.13852,0.99935,-0.19435,-11.981,36.389,-10.055,-1.1724,1.5647,-0.63855,0.50589,-0.5412,0.35848,6.41,-14.675,-3.7371,1.0639,0.1581,0.45743,1.1239,0.27117,-0.17616
5,7.9569,1.5173,4.811,0.27518,0.27715,-0.063379,-0.63002,-0.22068,0.082254,4.1445,7.2687,5.0382,0.055299,-0.13176,-0.26476,-0.81584,-0.47671,-0.25116,5.5904,-5.4538,5.7679,0.11567,0.044929,-0.11341,-0.80098,0.25322,-0.62671,-7.5199,14.893,0.33931,-0.77875,0.62757,-1.8059,0.36068,-0.41704,-0.19891,-0.36904,-8.5313,0.77924,0.40657,-0.13573,-2.0912,0.23252,0.54309,0.099394
9,9.0637,-0.20388,2.9174,0.31766,0.16217,0.075472,-0.63913,0.072716,-0.75829,-3.2011,7.8466,3.1794,0.081314,0.1243,-0.12319,0.80742,-0.57216,-0.16859,-1.8044,-4.6334,7.1345,0.21485,-0.48819,0.18385,0.77216,0.27426,-0.51085,-9.2315,0.23032,-3.295,-0.26628,0.034989,0.069195,0.73896,-0.65412,0.31806,-8.8809,-3.654,-0.1033,-0.034559,0.050034,-0.28198,0.60034,0.88927,0.045359
5,7.6677,0.62451,4.5961,0.14155,-0.12647,0.095134,-0.64093,-0.13423,0.02308,6.7005,4.2401,5.1515,-0.1165,-0.02502,-0.097431,-0.89473,-0.02237,-0.13106,6.7115,-3.9809,5.5378,0.095145,0.011581,0.15549,-0.82473,-0.004332,-0.61456,-3.0562,12.002,-4.5925,-0.68629,0.4325,1.4574,0.3784,-0.53161,0.010306,4.3671,-5.2231,-0.18205,-0.9517,-0.21928,2.1027,0.065645,0.61979,0.1136
3,4.2388,-2.0693,0.32761,1.3867,-1.4077,-0.13567,-0.68377,0.19806,-0.76492,4.3074,8.9486,3.6813,1.5546,2.2272,0.40103,0.52772,-0.61115,0.19093,6.8372,-1.7581,4.1623,0.026515,-0.66536,0.34331,-0.10386,0.37806,-0.68466,-6.4013,5.399,0.19414,-1.4623,0.4793,-1.5171,0.80953,-0.2153,-0.43493,-6.4922,0.70451,-0.81531,-0.31544,0.081041,-2.4676,0.78142,0.47409,0.41843
5,9.3258,0.19044,2.3158,-0.18426,-0.027776,0.22012,-0.5821,-0.20335,0.17037,2.5695,1.2683,9.612,-0.10736,-0.16908,0.094621,-0.28894,-0.18196,-0.23635,1.7885,-0.86132,9.4727,-0.11614,0.045941,0.12406,-0.64456,-0.15635,-0.49241,4.6299,4.7359,0.79135,-0.18861,-0.05441,0.62115,0.1621,-0.62766,-0.26848,-2.8237,-14.711,-4.7581,-0.088725,0.0001,0.40664,0.44427,0.24517,0.2821
2,9.9011,-0.35675,2.7007,1.8924,0.40142,-0.13264,-0.9292,0.076678,-0.80512,-3.199,9.5777,4.055,-0.15899,0.97647,0.53529,0.28773,-1.0646,-0.42769,3.0787,-7.3699,0.60246,-0.23149,-1.3518,0.39116,0.70691,0.6918,-0.88439,-18.948,5.483,-1.7864,1.205,-0.34911,-3.198,0.5649,-0.45757,0.30617,-9.9795,11.938,1.5893,1.9148,0.37489,-1.1673,0.36826,0.65972,0.36008
7,8.9809,-0.53442,-3.6891,0.032372,0.096444,-0.080459,-0.98024,0.034479,-0.23376,2.2609,4.4484,10.146,0.10492,0.11551,-0.093853,0.36978,-0.34578,-0.73976,0.52769,-3.6652,10.988,0.073109,0.065179,0.033574,0.3973,0.062128,-0.8058,3.2012,11.197,-3.1723,-0.12066,-0.071883,-0.86335,-0.75356,-0.54625,-0.1132,2.384,-10.827,0.32345,0.033321,-0.34542,0.4795,-0.76863,0.49283,0.13869
7,10.788,0.059664,-4.1394,-0.36043,-0.24468,0.32177,-0.90158,0.4457,-0.46319,8.3549,5.045,5.7487,0.54491,1.2841,-0.13162,0.34758,-0.55797,-0.66846,8.7632,1.6153,7.547,0.88584,0.6692,0.31598,0.09562,-0.002988,-0.93332,-0.94965,10.743,0.75944,-0.045102,-0.16372,-0.064973,-0.72784,-0.5794,-0.25409,-0.50784,-8.8461,-3.0191,-0.035459,-0.094845,-0.019424,-0.7206,0.6227,0.18289
1,11.773,-0.50995,1.2173,0.33101,-0.54102,-0.39433,-0.83444,0.054985,-0.30969,7.2202,4.016,4.4613,0.09766,0.21324,-0.81611,0.91298,-0.058462,-0.20695,8.0247,-4.8927,4.5469,0.1131,-0.17598,-0.37987,-1.3949,0.77404,-0.82017,-11.801,-1.6443,-2.2705,0.93426,-0.11855,-0.95179,0.92852,-0.097742,0.24626,-7.5026,-2.6574,-2.4213,2.0977,0.25669,0.30816,0.45776,1.0511,-0.19719
9,9.9132,0.94851,2.0506,-0.2381,-0.5709,-0.70633,-0.70452,-0.038052,-0.69317,11.307,7.9744,-9.2904,-0.07865,-2.8403,-1.4721,-0.36245,-0.81923,0.45655,5.5831,-4.4449,7.1454,0.43939,0.019219,-0.27201,0.053379,0.69883,-0.68043,-9.936,-0.21055,-2.4086,0.88321,-0.015274,0.099681,0.79715,-0.60601,0.20672,-9.2236,-2.0031,-1.6003,0.38156,0.11716,0.026823,0.75967,0.70467,0.18094
6,8.3628,1.6689,4.4167,1.24,-0.08684,-0.25077,-0.91772,0.2412,-0.16711,1.6939,7.9259,4.6437,0.20882,0.17425,-0.37737,-0.70916,-0.54223,-0.54118,1.2843,-4.8882,8.1183,-0.019338,-0.22484,0.045225,-0.62828,0.69458,-0.55871,-11.241,12.354,-0.29177,-0.22128,0.081339,-0.6662,0.68758,-0.1595,0.21582,-3.0686,-2.4626,-0.93391,0.62541,0.36322,-1.2207,0.54602,0.67903,-0.11987
4,11.97,1.1023,0.67904,0.87968,-0.16105,-0.28633,-0.81962,-0.25388,-0.25859,-4.2663,8.6175,4.1475,0.44927,-0.22076,1.4806,-0.16984,-0.63098,-0.68838,1.2325,-6.8043,7.7597,0.47805,-0.79176,-2.0962,0.24472,0.53196,-0.9132,-12.269,-1.9026,-3.5235,-0.33011,-0.51179,-0.99452,0.70057,-0.008979,0.023189,-6.5197,0.29393,-1.2863,1.8564,0.59065,-0.17685,0.36281,0.38173,0.25202
0,6.3192,-0.24702,2.6514,0.46377,-0.041081,-0.15884,-0.65232,0.029754,-0.61831,6.4468,5.05,2.4112,0.7503,-0.28881,0.36818,-0.50536,-0.55122,-0.63185,8.1628,-2.2475,1.3659,-0.21131,0.98325,2.0626,-0.7993,1.0748,-0.76763,-8.6561,1.6488,-1.4082,-0.035376,0.2288,-1.2153,0.65287,-0.44458,0.29026,-6.3188,4.3839,0.12948,2.3071,0.26532,-0.90381,0.77095,0.88175,-0.22371
8,-8.2364,-0.37099,-1.6626,0.86061,0.3176,-0.070798,-0.35083,-0.046544,-0.72908,-3.3754,0.12865,-0.61079,-0.47113,0.40935,0.079778,-0.51159,-0.47191,-0.25033,-2.6073,1.2245,0.75949,0.07908,-0.012689,0.28763,-0.48087,0.36986,-0.4198,-1.1125,10.591,-1.2158,-0.62797,-0.005948,-0.27714,0.63785,-0.31093,0.006537,-3.4207,-14.049,1.2568,1.2226,-0.12102,0.27475,0.61463,0.20068,0.33145
1,8.0336,1.7179,-2.7739,-0.7657,-0.25654,0.092398,-1.1109,0.016813,-0.40888,0.54259,7.0773,5.4351,0.20927,-0.72318,0.32612,-0.15173,-0.60661,-0.79507,2.1218,-6.5645,7.345,0.39591,-0.52625,-0.43863,0.028299,0.9578,-0.90336,-14.734,-2.4001,-3.6419,0.90436,1.2376,1.9455,0.52534,-0.48885,0.45628,-10.21,-5.9277,-1.6459,-0.58144,-0.45036,2.0334,0.45553,0.69749,0.065305
7,8.8361,-0.88208,6.504,0.6729,-0.36414,-0.2771,-0.55029,-0.028235,-0.793,2.0001,-0.42306,13.252,-0.75282,-0.38182,-0.99616,0.32166,0.12441,-0.89773,2.1171,0.22573,12.276,0.20045,-0.11861,0.92793,0.26474,-0.27342,-0.86578,0.10468,8.4551,1.1598,-0.044506,0.049805,-0.39257,-0.47234,-0.81055,-0.21022,0.5287,-9.1928,0.7478,0.090317,-0.06004,0.50379,-0.53311,0.8136,0.027312
9,9.7537,-2.4794,-0.046035,0.72528,0.38012,0.43332,-0.95776,-0.19043,-0.33348,5.5593,4.2085,5.6538,0.65104,-0.098267,0.48444,-0.83591,-0.47367,-0.11848,4.8269,-2.9821,11.11,3.0923,-5.1091,-1.3069,-0.14963,-0.078768,-0.96511,-9.909,1.1188,-1.1626,-1.0203,0.14161,0.057229,0.85661,-0.42764,-0.23547,-6.4836,-4.5323,1.7989,-0.72896,-0.57176,0.34953,0.74711,0.47351,0.4893
1,16.043,1.6263,3.8407,-0.37856,0.059672,0.32226,-1.1664,0.11381,-0.2609,15.007,3.3571,2.0204,-0.36131,0.14657,-0.40581,-0.79157,-0.34153,-0.23337,12.294,-2.2344,3.4732,-0.12917,-0.30711,-0.17132,-0.25984,1.0455,0.046241,-7.6507,-3.7828,-1.4842,-0.73888,-0.68477,-1.2809,-0.17573,-0.8049,0.26063,-13.877,-1.0498,-1.1984,-1.5838,-0.29514,0.8719,0.92675,0.31336,0.003796
9,8.5726,-2.4055,-3.86,0.38947,-0.72691,0.1183,-0.89866,-0.32468,0.19526,7.4048,3.2359,2.5966,0.050883,0.47514,0.12758,-0.83185,-0.2128,0.26057,8.3102,-2.7906,6.1721,-0.47332,-0.86482,-1.061,-0.50686,-0.38504,-0.58351,-8.8852,3.8691,-0.51698,-0.43587,-0.16873,-0.050966,0.71068,-0.033516,-0.52179,-7.0797,-3.3667,2.7092,-0.56481,-0.25646,2.1559,0.77775,0.45925,0.099801
2,0.2745,1.5664,-10.807,-0.68278,-2.7145,-0.66452,-0.96804,0.049341,-0.44532,4.8887,7.5332,-0.95682,0.007933,-1.9299,-1.1907,-0.68074,-0.54793,-0.35721,7.4772,-5.0334,2.3905,-0.41381,2.1138,0.42247,-0.58042,0.54746,-0.94546,-11.441,-0.86017,-2.6213,0.9226,0.56661,1.6237,0.81865,-0.3625,0.023359,-13.46,-18.407,-1.2821,0.78378,1.869,-0.53787,0.81399,0.60872,0.038429
5,8.3893,2.2598,4.5584,0.031814,0.059695,0.035034,-0.54106,-0.28182,0.062941,6.5398,4.0914,5.8267,0.020609,-0.023562,-0.006076,-0.9064,0.024592,-0.2452,7.0949,-5.0948,4.6699,0.013869,-0.023589,-0.030038,-0.90639,0.077432,-0.55318,-6.0024,9.1588,0.35864,-0.42506,-0.2289,1.7721,0.47394,-0.45145,-0.16581,0.39812,-9.1227,-1.1773,0.12739,-0.19442,1.9569,0.21823,0.49212,0.2669
8,0.041041,-0.23553,-0.093933,0.11926,-0.095639,0.12163,-0.73562,-0.30817,-0.31214,-0.42441,0.058188,-1.0461,0.064003,0.68496,0.17097,-0.40013,-0.57176,0.39736,0.2109,-1.1106,0.26104,0.39711,-0.039873,0.28673,-0.45703,0.010787,-0.6293,-0.40199,2.3439,0.51067,0.23079,0.78575,-0.064063,0.47605,-0.21302,-0.5284,-0.58393,4.1159,-1.8737,-0.007891,0.854,-0.1691,0.45945,0.16531,0.61399
6,9.2535,-3.2979,1.8697,0.28532,-0.33065,-0.1114,-0.96972,0.54404,0.18627,-1.1394,7.8636,5.2139,0.043484,0.17893,0.12253,-0.52103,-0.53841,-0.65965,0.9275,-3.8224,9.7289,-0.12623,0.15119,-0.015837,-0.47729,0.64847,-0.65553,-0.87061,-0.40063,1.256,-0.20105,0.38039,0.32133,0.42801,-0.61678,0.22683,-8.3705,-7.3808,-1.2273,-0.014928,0.36958,-0.37907,0.60333,0.35021,-0.40575
5,8.6283,1.9539,5.247,-0.005046,-0.05799,0.02697,-0.62694,-0.21127,0.10796,3.461,7.3497,5.7451,0.005799,-0.019827,0.01864,-0.79947,-0.49694,-0.29627,5.9066,-5.3331,5.7076,-0.076393,0.058163,-0.006631,-0.82723,0.20391,-0.60453,-4.6247,9.7701,1.184,-0.76849,-0.46522,1.7292,0.37402,-0.40403,-0.2598,-2.3472,-8.093,-0.34222,-0.55529,-0.52235,2.2944,0.27244,0.47092,0.15822
4,6.0056,-3.4802,-4.825,3.9989,-0.24563,0.61448,-0.79153,0.22183,-0.60162,-1.0424,17.603,2.2179,1.4617,0.25105,-4.0007,-0.18162,-1.333,-0.28879,-6.8855,-7.0586,5.0884,2.9782,-0.51883,3.2358,0.14951,0.38092,-0.76012,-6.723,1.8981,-4.4629,-0.80514,0.82566,-0.7656,0.50829,-0.23832,-0.22286,-14.309,-0.85556,1.3363,0.94428,1.2145,-2.4642,0.49504,0.3337,0.12556
1,9.9047,-0.021578,3.6435,0.16167,-0.59947,0.03108,-0.67681,0.15303,-0.52597,-0.34344,8.7895,5.0912,-0.29758,0.3974,-0.66622,0.01654,-0.17824,-0.62229,-0.55414,-6.7465,7.0771,-0.019628,0.34214,0.75413,0.46152,0.84796,-0.55712,-6.0014,4.0901,-2.3614,-0.002551,0.80903,0.65413,0.15113,-0.83856,0.3545,-10.694,-2.9813,-2.7641,-0.1636,0.094704,1.7409,1.0876,0.3879,-0.11748
7,5.9922,-0.33834,6.9197,0.11045,-0.47417,-0.070593,-0.44192,-0.044499,-0.86297,-9.0931,6.4238,4.1977,-0.42419,-0.75863,-0.003129,0.74563,-0.45154,-0.4224,-7.2594,1.7818,7.9087,0.86547,-0.035094,0.33639,0.54016,-0.064295,-0.80808,-0.66629,10.355,5.2687,-0.052803,-0.048624,0.37767,-0.4089,-0.753,-0.44651,-4.124,-11.966,1.4584,-0.018098,-0.17071,-1.0241,-0.1852,0.95639,0.016499
6,7.8068,-2.3679,4.1869,0.54147,0.28422,0.46306,-0.78061,0.60588,-0.18643,1.0261,4.526,7.8145,0.14138,-0.006341,0.32313,-0.53969,-0.096347,-0.90817,-0.20094,-6.5589,8.0114,-0.39534,0.098738,0.31708,-0.39352,0.84172,-0.46681,0.51533,0.22009,0.024815,-0.019435,0.012877,0.85693,0.41862,-0.6796,0.23424,-9.2327,-11.977,-2.6329,-0.26228,-0.61886,0.000293,0.6023,0.49491,-0.3765
5,8.453,-0.1983,4.9922,-0.24217,0.72924,0.19314,-0.65167,-0.084339,-0.000564,6.4589,4.444,6.1012,-0.11743,-0.20883,0.029654,-0.88942,-0.047207,-0.16464,5.9227,-4.7896,6.3809,-0.10821,0.37784,-0.042142,-0.77885,0.040501,-0.66623,-1.2027,8.1197,0.040826,-0.61012,0.47637,2.6466,0.20784,-0.6218,-0.10674,-4.4195,-13.801,-0.69729,-0.20724,0.007789,2.3418,0.37394,0.43135,0.16785
7,8.9096,0.34648,3.3509,0.13293,-0.58327,-0.15074,-0.52427,-0.10509,-0.79324,0.85267,7.5645,-3.0272,-0.60399,1.4791,1.348,0.55592,-0.76582,-0.02838,1.0358,-3.2389,8.2816,0.33881,-0.63606,-1.2162,0.40123,-0.071872,-0.87455,1.8888,8.0118,3.9404,0.080057,-0.25638,0.29645,-0.68894,-0.55754,-0.38055,0.47969,-8.7238,1.6381,0.25722,0.006779,-0.3605,-0.56437,0.78834,-0.050291
3,9.4569,-0.91963,-1.0601,0.34045,0.067361,-0.019682,-0.94074,0.056864,-0.44084,3.2786,8.2187,3.8885,0.012708,0.11987,0.97736,0.61839,-0.33939,0.13714,1.9067,-6.5972,6.2568,-0.12502,-0.56449,-0.12667,0.36663,0.59158,-0.51067,-8.8969,3.224,-1.1613,0.15404,-0.091055,-1.1021,0.54701,-0.67146,0.10405,-9.6675,-3.4704,-1.4051,0.030448,0.047542,-0.56272,0.79969,0.5173,0.059917
4,8.0968,1.4168,0.24832,1.0446,0.3437,0.38623,-0.84356,-0.30171,-0.25189,-13.181,11.81,6.0365,0.15321,-0.41191,1.6656,-0.28415,-0.56013,-0.62187,5.8535,-5.8544,7.7223,1.122,-1.271,-1.6967,0.053351,0.55117,-1.0212,-11.456,12.336,-1.4445,-0.089938,0.019199,1.2639,0.71247,-0.021506,0.000621,-6.4604,3.3951,0.49371,-0.30937,-0.5571,1.2462,0.36954,0.37375,0.24945
9,15.371,0.50172,3.9017,-0.60547,0.50195,-0.098763,-0.71436,0.32784,-0.28276,1.4439,19.073,-1.1654,-0.24029,-0.98327,1.0391,-0.13555,-0.76276,-0.22616,8.1617,-11.708,10.073,0.19957,1.2272,0.40482,-0.17005,0.67588,-0.44442,-24.573,17.033,-11.094,0.5686,2.6088,-0.44859,0.6128,-0.36325,0.41671,-14.944,2.9572,-8.1654,0.39492,-0.99918,-1.7213,0.75093,0.12719,-0.29292
1,14.785,0.40321,1.3705,0.66441,0.37892,-0.44732,-1.1158,0.079689,-0.32791,-0.72589,8.9985,6.3607,0.43769,-0.15308,-0.1856,-0.1478,-0.59667,-0.77377,-0.034086,-7.8811,7.4978,-0.028297,-0.14705,-0.62279,0.22361,1.0265,-0.75301,-14.476,3.7509,-2.9997,0.6975,-0.088173,0.35134,0.72106,-0.29083,0.38162,-16.365,-9.5123,5.1354,1.5905,0.69991,2.0061,0.27776,0.777,0.061974
5,9.5742,-0.11464,3.5088,0.006853,-0.060222,0.090628,-0.60508,-0.125,0.12367,5.9535,5.6238,5.2231,0.13172,0.029789,0.083421,-0.87872,-0.004018,-0.25732,6.3871,-5.8727,4.6544,0.081024,-0.16994,-0.009385,-0.85329,0.16566,-0.58712,-7.7383,10.388,-1.9793,-0.52493,-0.55062,2.113,0.47361,-0.44969,-0.16777,-0.16311,-8.1408,-3.5187,-0.54843,-0.23552,2.5676,0.18483,0.50448,0.28595
3,14.601,-2.1706,-1.3024,-0.88709,0.36206,-0.099492,-0.90591,-0.25811,-0.16084,4.9498,7.4664,7.1896,0.34136,0.04406,0.38009,0.49707,-0.77967,-0.33337,8.3459,-5.3228,2.6616,0.048011,0.17337,-0.53266,-0.42023,0.40318,-0.4601,-13.346,-0.048493,-3.4225,-0.97288,0.32417,0.39508,0.84466,-0.18614,-0.31663,-9.6213,-2.0629,-3.4592,-0.55076,-0.92666,1.0271,0.61879,0.65632,0.58359
4,11.174,-0.26122,0.63248,1.227,0.50162,0.029576,-0.84955,-0.24983,-0.25947,-7.5238,9.8076,5.3954,0.67036,-0.25801,2.0207,-0.30917,-0.5498,-0.69742,2.9811,-7.8559,6.2996,0.53801,-1.0114,-2.2604,0.15202,0.57946,-0.9733,-12.603,6.1206,-2.5499,-0.24017,-0.50045,-0.93503,0.70754,0.004013,-0.007555,-5.9046,-0.53705,0.73005,-0.31748,-0.11403,0.48563,0.35345,0.38438,0.22976
0,9.773,0.14396,2.527,-0.26889,-0.023409,0.144,-0.86176,0.16857,-0.52369,8.9723,1.0242,2.8844,0.032891,0.069407,-0.10313,0.048196,-0.15357,-0.77393,8.7793,-2.1092,3.6906,-0.26242,-0.28242,-0.026828,-1.3514,0.78464,0.27853,-21.062,30.798,-8.1624,-0.80301,0.61446,-0.41282,0.57969,-0.51285,0.45509,-10.412,-2.7355,-0.97749,-0.63326,-0.007875,0.90575,0.95426,0.21449,-0.02717
2,33.66,-6.8047,1.5128,-2.7881,2.0612,1.7731,-0.98627,0.18659,-0.4612,4.8216,9.4038,-1.1053,-0.12525,0.82441,-0.58824,-0.64377,-0.66175,-0.26665,4.6724,-8.8536,8.1822,-1.003,-2.6219,-0.32572,-0.3536,0.42523,-1.1094,-19.757,-5.9738,-7.3254,-1.3328,-0.087604,-3.0547,0.6851,-0.61382,-0.013062,-20.334,10.547,3.1368,0.38115,0.91528,-4.0576,0.74291,0.63639,0.2459
7,10.584,0.17175,0.99844,-0.12452,0.6264,-0.10069,-0.57682,-0.19724,-0.73155,3.8041,9.6159,-0.8165,0.1998,0.16758,-0.23177,0.45151,-0.82323,-0.028278,5.5624,-3.2567,8.5467,-0.055852,0.20582,0.35667,0.28584,0.055639,-0.90916,0.29043,8.8221,3.6982,0.016887,0.13646,-0.17325,-0.72107,-0.53571,-0.34827,-1.3808,-9.4421,1.5511,-0.19597,0.13968,0.050383,-0.58976,0.76197,-0.10158
2,-0.19261,-0.62746,-1.3068,-2.1194,-1.1645,0.6012,-0.84854,0.27791,-0.45295,3.9602,-7.9882,-1.3875,-0.14738,-0.64195,1.7922,0.30125,-0.50536,-0.52791,-8.4885,-2.9406,2.3722,-1.1714,0.23325,0.49827,-0.48177,0.9984,-0.10903,-2.735,9.668,-1.6135,-1.0142,2.2037,0.41453,0.73679,-0.56615,0.40832,1.994,-15.333,-0.60823,0.17105,-0.88756,0.1412,1.2273,0.27974,-0.12917
3,-2.0398,4.4064,1.4874,0.2464,-0.12696,0.12768,0.43329,-0.22844,-0.84063,3.6309,6.4351,-2.5781,0.12917,1.2167,0.47799,0.50437,-0.72447,0.44275,5.4928,-5.8413,5.3936,0.27905,-0.7874,-0.74202,-0.17016,0.57679,-0.53946,-11.564,8.7659,-0.031499,-1.3001,0.89123,-1.4739,0.76335,-0.32677,-0.42236,-8.9203,-16.695,-2.3575,1.0897,0.59866,-1.3311,0.75238,0.40664,0.62464
6,8.5327,-1.4094,1.2543,0.95764,0.32054,-0.77756,-0.98152,0.51317,0.16049,-1.5098,8.7085,3.7074,0.043359,-0.10371,-0.12863,-0.46792,-0.69593,-0.63049,1.2212,-2.4505,9.2034,0.57372,-0.61742,0.050765,-0.50018,0.56317,-0.67049,-14.05,10.56,2.348,-0.64013,-0.36143,-2.0183,0.58934,-0.2848,0.29107,-6.2215,-5.7001,0.0121,0.53133,0.23438,-2.1838,0.4808,0.56588,-0.36364
1,9.002,1.9455,-1.9717,0.94511,0.077391,-0.19623,-1.108,-0.002618,-0.44338,0.85115,8.0456,5.54,0.14337,-0.63254,0.39649,-0.12414,-0.62491,-0.78687,1.9957,-5.4094,6.3253,0.25125,-0.60151,-0.64556,0.07693,1.0688,-0.81016,-12.118,-3.5814,-0.21554,0.54489,0.29947,2.7378,0.61407,-0.43205,0.40697,-11.22,-0.49794,0.28913,-0.27535,-0.054957,2.5418,0.37722,0.7412,0.098949
3,8.2633,1.6852,0.049662,-0.075664,0.36327,0.2429,-0.86681,-0.098853,-0.42852,5.5452,4.7317,6.3329,0.44106,0.53226,-0.36213,0.36665,-0.49387,-0.12627,6.6913,-4.0501,4.9881,-0.15961,0.39574,1.4278,-0.26335,0.42145,-0.66745,-7.8204,0.19372,-0.76035,-0.19899,-0.034098,0.56041,0.88222,-0.22579,-0.24319,-8.4023,-3.1547,-1.4542,-0.60215,-0.23207,0.65524,0.68625,0.63732,0.58959
1,9.0931,0.03033,1.2882,-0.71652,-0.43528,0.63421,-0.76709,0.072426,-0.39053,7.1106,5.7627,3.7996,-0.051181,0.14794,-0.23573,0.88127,-0.11591,-0.088644,8.8967,-2.5849,6.2601,-0.57153,0.87883,1.761,-1.2854,0.56061,-1.0024,-5.5096,2.3038,-0.12399,-1.8747,0.64927,0.55722,0.3168,-0.82948,0.18772,-10.616,1.5601,-0.9447,-0.34648,-0.034598,1.1645,1.0437,0.29626,0.081894
9,13.469,0.93781,1.8902,-0.51512,0.53487,0.026329,-0.71073,-0.33515,0.13417,2.6608,10.987,-2.8265,1.6368,0.3272,-3.2042,-0.60001,-0.48452,0.18782,8.2845,-2.386,4.6546,-0.95706,0.17493,-3.3617,-0.72831,-0.18223,-0.4599,-15.27,-2.7057,-0.39387,-0.13239,-0.28608,1.9216,0.77655,0.12527,-0.17352,-12.559,9.1319,-7.6914,-1.7041,0.18125,1.4276,0.72364,-0.038148,0.40369
6,9.2103,-0.88785,1.9466,-0.63313,-0.11917,0.29667,-0.8427,0.3497,0.2156,-0.14545,4.4386,8.7607,-0.15863,-0.20158,-0.18008,-0.46324,-0.016199,-0.78152,-0.64838,-1.0622,9.6305,-0.17401,0.29578,0.11674,-0.31018,0.53325,-0.66111,-7.9907,6.2548,-3.788,-1.2453,0.32982,2.4676,0.41361,-0.34354,0.49481,-10.904,-10.892,-1.0951,-0.33797,-0.029053,2.4358,0.5913,0.24639,-0.37995
5,9.5232,-1.3299,1.7972,0.002193,0.003485,-0.030302,-0.60853,-0.21971,0.17009,0.84347,7.3244,6.7758,0.02111,-0.016457,-0.07783,-0.19115,-0.53996,-0.12042,0.98421,-3.4781,8.9832,0.004442,-0.015287,-0.053908,-0.4211,-0.057258,-0.61581,-4.6835,10.958,-0.33262,-0.38141,-0.31692,1.2263,0.33778,-0.47119,-0.24105,1.3578,-7.4064,0.51844,-0.77861,0.14808,1.4465,0.1076,0.56578,0.16663
4,8.9411,0.17771,1.6435,-0.17492,0.65537,0.21253,-0.78092,-0.024068,-0.53575,0.58339,7.7674,7.2496,0.20331,-0.28984,1.5289,-0.027423,-0.89413,-1.1107,-6.6373,-8.0109,9.6356,-0.86341,0.60382,-0.62058,0.12188,0.59525,-0.62783,-7.4563,3.6727,-0.002247,0.58929,-0.095736,-0.93785,0.47334,-0.13543,-0.12851,-9.1138,-4.3042,-0.13187,-1.2958,-0.39485,-0.63856,0.66493,0.10283,0.095216
1,8.9899,-7.5193,7.0485,0.73411,0.33227,-0.25364,-0.62953,0.48219,-0.6248,0.83854,10.049,2.0473,-0.10635,-0.24641,-0.62317,-0.17302,-0.5092,-0.50884,1.6504,-7.3039,6.9477,-0.1434,-0.1253,-0.042951,0.24447,0.72493,-0.79926,-12.265,2.5416,-0.54928,0.57084,-0.061268,-1.0335,0.88233,-0.31335,0.20018,-11.157,-7.0432,2.2902,-0.67625,0.14359,0.82282,0.70132,0.78577,-0.13137
6,9.5093,-0.04035,-0.50786,-0.1452,-0.002738,-0.006134,-0.76484,0.002829,0.39786,2.0628,1.0108,9.1946,-0.000336,-0.026335,0.096709,-0.47913,0.082302,-0.60788,0.59734,-1.269,9.5072,0.039053,-0.042959,0.092026,-0.44268,0.46714,-0.61144,1.1622,-0.32491,0.093925,1.286,0.61611,-1.0261,0.69208,-0.31313,0.15787,-6.6326,-10.733,-3.1699,1.2514,0.16118,-0.8623,0.63504,0.31866,-0.20547
1,8.0059,-0.24038,4.3891,0.12947,-0.31895,0.085975,-0.86525,-0.03437,-0.70749,7.0551,1.8746,2.3063,-0.32663,0.27669,-0.20815,-0.68246,-0.68249,-0.35197,8.3244,-4.449,3.1301,0.34174,-0.20648,-0.12334,-1.443,0.016088,1.2858,-6.6906,2.4353,-0.54226,-1.6506,-0.089705,1.1613,-0.11171,-0.60044,0.17473,-10.012,-2.2805,-2.2982,-1.0735,-0.29093,1.3039,0.67702,0.14926,0.14708
3,-2.7831,2.3175,2.9085,-0.40443,0.089742,0.30633,0.49609,-0.25073,-0.79524,5.1643,5.7269,0.055803,-0.6896,0.59366,0.1996,0.49752,-0.63597,0.39877,5.0105,-4.7112,4.0058,0.14501,-0.36164,-0.18669,-0.19101,0.61113,-0.50497,-6.872,4.4955,2.0996,-0.73742,0.71809,-1.1658,0.81143,-0.22041,-0.41202,-6.6175,0.5037,0.95811,0.66005,-0.14163,-1.8179,0.71463,0.49523,0.628
0,12.283,1.2355,1.484,0.12795,0.36348,-0.42228,-0.84371,0.11836,-0.57249,13.683,1.2645,4.8812,-0.059487,-0.52317,0.77063,-0.16531,0.0627,-1.0289,12.206,-1.7249,3.2969,0.014455,-0.81261,-1.2921,-1.367,1.2465,-0.21144,-15.174,8.436,3.1763,0.72966,-0.64737,1.9636,0.70901,-0.018984,0.42578,-12.226,3.1225,-0.4015,-0.87661,-0.18059,-0.76319,0.80162,0.55329,-0.32403
6,9.5996,-0.94855,-1.5954,0.2599,0.011324,-0.098058,-0.92278,0.47229,0.4279,-1.5432,5.893,7.4537,0.10285,0.096004,0.083445,-0.48646,-0.3075,-0.845,-0.2206,-1.4681,10.037,-0.015582,0.11357,0.22616,-0.44695,0.50143,-0.77851,0.41207,4.9899,-0.49925,0.63857,-0.6194,-0.78211,0.23502,-0.71618,0.35136,-6.1189,-9.8562,-3.0016,0.11594,0.16103,-0.48954,0.59559,0.56031,-0.32489
9,13.115,2.9556,2.614,-1.8872,-0.11554,-0.88754,-0.79888,-0.41375,0.18835,10.582,14.059,-9.0175,0.10648,-0.91341,-1.4186,-0.68707,-0.28653,0.51095,9.1175,-4.4401,0.33593,-2.9831,1.5491,-1.7378,-0.70609,-0.32852,-0.47989,-11.742,-2.137,0.73132,2.0573,-0.4865,0.5932,0.86934,0.25195,-0.32906,-9.2863,0.35736,-3.2947,1.8117,0.39334,0.56489,0.84065,-0.41718,0.12238
2,16.994,4.3611,-10.59,-4.5499,0.1583,-0.47156,-0.8616,0.084648,-0.47191,1.1113,29.82,-2.5641,0.12504,-1.1936,-2.0906,0.38935,-0.57451,-0.71224,7.8986,-2.7311,-1.8107,-1.0079,0.26079,-2.7557,-0.037457,1.0225,-0.37646,-25.271,2.5007,-7.7005,1.2281,0.93201,-0.031866,1.1022,-0.058563,0.26895,-18.395,11.505,-0.52177,-1.45,-0.27414,-0.65121,0.87947,0.96306,-0.15168
2,-4.4342,-2.0598,-4.1131,3.9883,0.17212,0.49937,-1.0362,0.19483,-0.59475,7.4136,-1.562,1.0632,0.022657,0.098956,1.8979,0.70194,-0.29599,-0.75029,-9.028,0.095246,2.9574,-0.80071,0.64929,1.5383,-0.11946,1.1923,-0.47713,-3.9188,13.401,-6.1946,-0.70556,1.1033,-0.71817,0.30707,-0.63853,0.34495,-0.16436,-3.5716,1.2398,-1.3078,0.41679,-2.5313,0.92681,0.28018,-0.083464
8,10.102,-0.38666,1.47,-0.18805,-0.30963,0.004226,-0.76702,-0.32388,0.2674,9.273,3.8644,2.1393,0.18901,0.32923,0.97765,-0.65059,-0.001779,0.43296,9.6638,-1.8153,1.4556,-0.34519,0.093198,0.034304,-0.59979,-0.39307,0.090408,-9.8833,-0.10344,-0.77618,0.13362,0.0356,0.084475,0.44243,0.26277,-0.47125,-9.5172,-1.5153,-1.4892,-0.011634,-0.029392,-0.026744,0.4537,-0.43103,0.40616
7,7.973,-0.54388,6.0137,0.15008,0.049503,0.023973,-0.36284,0.012879,-0.8872,-6.2658,2.7344,7.2548,0.20855,-0.15163,0.40059,0.89648,0.002594,-0.34621,-4.6853,0.82382,8.9701,-0.026402,-0.1891,-0.022741,0.69044,-0.39627,-0.52429,2.2393,9.5702,-0.14851,0.043612,0.018071,0.35227,-0.63935,-0.67904,-0.21308,3.1863,-9.1597,0.40936,-0.013455,-0.042249,-0.34219,-0.75208,0.60546,-0.004611
6,4.1264,-9.0741,2.0294,-0.30705,-0.28515,-0.11862,-0.70089,0.61742,0.31219,0.62909,2.869,9.1661,0.08302,0.026374,0.008404,-0.39422,-0.063819,-0.66984,-0.60699,-1.9423,9.6706,-0.053703,-0.18473,-0.00241,-0.37919,0.49039,-0.61959,-5.1183,3.3689,-3.2775,1.2433,0.98825,-1.8115,0.6897,-0.21495,0.21103,-6.9703,-9.4356,-2.2607,1.3006,0.49935,-1.1823,0.63541,0.35325,-0.20311
3,9.6145,-0.72766,-1.0818,0.49893,-0.73221,-0.34602,-0.93297,0.088138,-0.45748,-0.49848,7.8297,6.3116,0.53249,-0.62196,0.87687,0.70243,0.009369,0.2182,-1.8849,-6.2947,6.9945,-0.16199,-1.2654,-1.0689,0.66404,0.33482,-0.40079,-11.619,-0.92259,0.078179,0.8767,-0.075481,0.21534,0.6881,-0.37348,0.12215,-8.0936,-5.5852,1.7549,0.31558,-0.20009,1.17,0.37081,0.7959,0.20856
7,8.3652,0.38815,-2.7422,0.73868,-2.9883,-0.29538,-0.90738,0.079647,-0.33687,5.9178,2.8814,7.2792,-0.43392,-0.010594,0.2197,0.029218,-0.255,-0.91028,6.2469,-1.4128,7.5707,-0.37993,0.12613,-0.10622,-0.056495,-0.066254,-0.93259,-0.022617,9.5385,0.22566,-0.19494,0.027476,0.14747,-0.4848,-0.80503,-0.22251,0.10906,-9.2954,0.75537,-0.068157,-0.036129,-0.19011,-0.57173,0.78996,0.019076
6,10.041,-0.11145,1.5971,0.1951,0.24724,-0.14229,-0.80368,0.023188,0.30652,-4.9701,6.6225,0.36611,-0.41139,-0.46037,-0.42339,0.035368,-0.80275,0.04838,-4.3537,-9.6531,-1.941,0.45874,-0.035947,0.10292,-0.038344,0.77124,0.35608,-6.8759,2.59,-1.9157,2.089,1.0298,-2.2892,0.68698,-0.17966,0.22217,-7.5883,-9.6289,-3.068,0.51203,-0.037896,-1.6176,0.61933,0.36478,-0.20547
9,7.3133,-0.01543,-2.5116,2.6417,-0.13953,-0.53591,-0.77711,0.13358,-0.27488,7.1543,0.78972,-2.4631,2.5893,-1.0654,-1.8167,-0.71788,-0.32083,-0.20354,17.013,-8.9543,-8.661,2.5538,-5.7848,5.9108,0.11406,0.70379,-0.36441,-7.6884,10.85,2.3804,0.081825,1.2806,-0.6887,0.75717,-0.33386,0.11477,-7.7149,-5.4991,-0.38086,-2.4513,-0.042832,-0.146,0.76475,0.21584,-0.25312
1,5.0275,-1.1326,1.0736,0.76053,-0.35945,-0.096628,-0.893,0.12739,-0.49817,4.6237,1.9297,3.2035,0.77908,-0.26972,0.58318,0.029662,-0.4204,-0.74302,4.9587,-2.199,1.5958,-0.42702,0.56096,1.2297,-1.0903,1.1464,0.17882,-8.6479,0.39754,-1.5767,0.021816,-0.21446,-1.8847,0.71554,-0.26947,0.46017,-5.5583,2.5466,-0.41214,0.14572,0.32812,-2.0561,0.8252,0.86132,-0.3815
8,-2.1339,-0.30409,-0.62097,-0.67897,-0.15184,0.20098,-0.72688,-0.33178,-0.30383,-2.0339,-1.1502,3.2053,0.02399,-0.37296,-0.000512,-0.40042,-0.54409,0.43432,-2.8518,0.26137,0.39329,-0.18346,-0.55515,0.20831,-0.44402,-0.029661,-0.63456,-4.5973,4.3057,-0.76903,1.3567,-1.8524,0.16858,0.47932,-0.23334,-0.50772,3.6641,-5.05,-0.96155,-0.20733,-0.19775,-0.18715,0.46976,0.18307,0.59391
0,8.941,-0.34168,3.8466,-0.36492,-0.17724,-0.26364,-1.0232,0.065902,-0.61319,2.4364,7.3234,5.7413,0.091955,0.66022,-0.471,-0.35604,-0.60177,-0.80041,2.0986,-7.1716,6.409,-0.08058,0.43469,0.094296,0.12861,0.9548,-0.95927,-8.682,0.83604,-2.4542,0.9318,-0.10291,-0.91462,0.50865,-0.45713,0.35844,-6.9319,-0.49036,1.6144,-0.68585,-0.14898,0.37794,0.29033,0.72631,0.14399
8,2.2327,-0.43429,0.20227,0.36332,0.030918,-0.20545,-0.73767,-0.32282,-0.34067,-0.76362,0.26695,1.4211,0.17065,-0.28898,-0.10695,-0.41552,-0.62927,0.32589,1.0366,-0.51589,-0.42242,-0.25409,0.33682,0.10508,-0.35496,0.22257,-0.70854,-1.1292,4.9172,2.1313,0.36905,-0.058906,0.036527,0.49749,-0.44991,-0.4346,0.69153,-4.0405,-0.45213,0.61859,0.36077,0.2053,0.48947,0.22014,0.55919
4,-5.5584,4.6973,2.2202,-0.80707,-0.6339,0.44338,0.62811,-0.30103,-0.47464,4.18,9.6344,-2.3858,1.0753,-0.42833,-0.9232,-0.31637,-1.1264,0.22604,-3.8452,-10.789,2.2931,-0.14628,-0.80111,2.0223,-0.003773,0.71657,-0.49113,-8.7495,4.0267,-2.1135,-0.12811,0.70173,-1.4508,0.55459,-0.28651,-0.13628,-9.0381,-6.9952,-1.6225,-0.91083,0.54202,-1.7579,0.59949,0.30954,0.13117
1,6.5771,-0.42242,3.6927,0.11432,-0.059186,-0.21816,-0.73513,-0.14699,-0.76871,2.9273,6.8323,5.5498,0.39426,0.70578,-0.054588,-0.16455,-0.82264,-0.63881,2.492,-6.7231,5.1491,0.10765,-0.042286,-0.077452,0.11717,0.92486,-1.0508,-10.128,-0.71764,-1.0655,-0.054516,0.18615,-1.8479,0.43759,-0.60723,0.014045,-9.0619,2.8332,-0.11339,1.3177,0.35833,-2.5706,0.32099,0.6378,0.1183
6,9.6713,-1.409,-1.11,0.28634,0.043916,-0.31397,-0.98684,0.4223,0.37213,-1.4689,7.1659,7.6161,0.083455,-0.041444,-0.1652,-0.47189,-0.36968,-0.85058,-0.20102,-0.84932,9.5124,0.037832,0.048067,-0.12183,-0.49156,0.45895,-0.79655,-8.0706,10.007,-2.447,-0.64784,-0.20365,-1.7924,0.54238,-0.36465,0.27788,-3.8044,-7.007,-1.9374,0.28673,0.35508,-1.8566,0.37643,0.79673,-0.19595
1,10.185,2.0871,1.5336,-0.24373,-0.14541,0.14047,-0.77092,-0.005259,-0.41681,2.4198,9.2279,2.5453,0.10605,0.13974,-0.70882,-0.27193,-0.30671,-0.56459,3.0133,-6.6742,6.7361,-0.26462,0.55069,0.76059,-0.005499,0.90154,-0.79572,-10.983,9.6217,-1.0531,-0.61192,0.28563,-0.60069,0.38292,-0.75884,0.20498,-10.579,-2.2494,-2.0606,-0.73725,-0.19957,0.99536,1.0904,0.41814,0.014795
6,8.9187,-0.80942,3.7785,0.30557,-0.24889,0.40104,-0.91502,0.31566,-0.098001,1.7188,8.2626,4.1752,-0.039695,-0.16148,0.12616,-0.74361,-0.55725,-0.49879,-0.030319,-5.0558,8.6396,-0.045922,0.2225,-0.021337,-0.55865,0.72279,-0.56869,-0.81178,1.9954,0.59763,-0.59388,0.15358,0.45193,0.6222,-0.53822,0.084641,-7.3269,-8.53,-6.4779,-0.012944,-0.073722,0.30207,0.71994,0.4091,-0.090253
7,8.9947,-0.016515,3.7032,-0.16513,0.62072,-0.091902,-0.64918,-0.1598,-0.68966,2.2212,2.2917,7.8441,0.030847,0.28979,-0.086045,0.24052,-0.33691,-0.84423,1.4378,-0.10278,8.6802,-0.13087,0.22273,-0.004477,0.33212,-0.12327,-0.86856,2.3729,9.5701,-0.14552,0.003087,0.022852,-0.28203,-0.61352,-0.71042,-0.19427,3.2319,-9.3044,-0.23884,-0.041005,-0.10394,0.24979,-0.71439,0.64455,0.079956
5,9.3654,-0.34972,2.6875,-0.043155,0.23935,0.024675,-0.5975,-0.16054,0.1533,2.7241,0.71869,9.0903,0.024682,0.078454,0.014765,-0.27161,-0.17385,-0.25177,0.58534,-1.3227,9.6751,-0.024339,0.0569,0.055003,-0.57346,-0.084184,-0.56312,2.9036,4.5739,0.33248,0.67418,0.13218,-1.4402,0.20867,-0.60145,-0.26012,-2.6812,-10.707,-3.8507,0.8608,0.28463,-1.1108,0.37994,0.35609,0.2953
9,8.9714,-3.0765,-3.6809,0.40427,-0.30354,0.34078,-0.48857,0.43347,0.54886,4.4434,4.4925,-6.2055,-0.22236,-0.40832,1.1135,-0.22707,-0.61664,0.45005,10.017,-2.7626,-0.36893,-0.4486,-0.18555,-0.03177,-0.73641,0.056943,0.38222,-9.0855,1.063,0.20794,0.42272,0.13118,0.069177,0.75464,0.073346,0.32034,-9.7438,-0.37894,0.79097,0.22336,-0.34846,0.43138,0.71144,-0.057879,-0.35944
7,6.2138,-0.02774,8.1291,0.17432,0.6187,-0.013409,-0.43901,-0.00772,-0.86642,-10.692,10.677,2.975,-0.58306,-0.22087,0.39201,0.77827,-0.57052,-0.038864,-9.774,-0.26721,10.524,-0.34386,-0.65514,-0.37905,0.55545,-0.019605,-0.79137,0.40281,9.9336,5.1811,-0.002734,0.017545,0.43202,-0.40002,-0.77295,-0.41811,-1.5569,-10.087,0.8079,-0.5106,0.076003,-0.56636,-0.1834,0.9573,0.01451
2,2.3491,0.50564,-2.0856,0.28833,5.0429,0.6132,-0.56896,0.18735,-0.69968,4.7507,3.2787,2.4182,-0.093236,0.2104,0.15353,-0.17269,-0.20211,-0.64582,3.4418,-3.4442,4.9522,0.033795,-0.15834,0.21592,0.14767,0.7012,-0.89767,1.6592,19.418,-2.7929,3.2736,0.076566,-0.56152,0.38456,-0.64519,0.42131,-0.33501,-16.562,-0.4353,-2.0057,-0.15871,1.2079,1.1042,0.21139,-0.12509
9,8.2455,-0.95642,4.1696,0.10088,-0.021045,0.16929,-0.57047,0.11757,-0.83127,-0.60288,5.8096,7.3319,0.17865,0.17526,-0.08302,0.62149,-0.64444,-0.50974,-0.94544,-8.9198,4.3918,-0.38818,0.001492,-0.62143,0.42793,0.85687,-0.31745,-9.0089,-0.29891,-2.3775,0.046228,-0.003641,-0.71486,0.89697,-0.57549,0.22219,-10.174,-1.205,0.38313,-0.032536,-0.36258,-1.3356,0.76433,0.81956,-0.1077
2,3.8717,-0.60899,0.65039,0.43494,-0.35141,-0.44172,-0.84286,0.20999,-0.42731,-5.8433,3.4651,3.2055,0.5985,0.5936,0.55337,-0.005969,-0.34731,-0.46001,4.2202,2.1383,-1.5256,0.99246,-1.3797,0.019365,0.2451,0.8673,-0.55078,-9.1553,8.7658,-3.168,1.0666,-0.45711,-1.9364,0.97768,-0.11747,0.39142,1.3234,14.97,-4.6662,0.26072,-0.36861,-0.18583,0.76998,0.91912,-0.68178
6,9.7442,1.2753,-1.1764,-0.38514,-0.00669,0.47315,-0.99221,0.33814,0.3878,-1.0525,6.6002,7.6792,-0.10327,-0.23521,0.029068,-0.54369,-0.36285,-0.85918,0.11678,-0.29714,9.8221,-0.11092,-0.014044,-0.072573,-0.52976,0.42539,-0.8259,-6.9541,10.422,-3.0903,-0.33238,0.24577,2.0747,0.46407,-0.47639,0.33642,-6.2782,-8.1524,-1.0593,-0.83332,-1.061,2.0431,0.45892,0.72749,-0.2224
0,8.8603,-0.17865,3.1572,-0.48348,-0.39555,-0.15789,-1.0571,0.011319,-0.61324,2.9244,7.3512,5.7,0.16315,0.23209,-0.41435,-0.37369,-0.59409,-0.85202,2.5386,-6.4278,6.5073,-0.19127,0.34674,0.308,0.016455,0.92943,-1.0745,-8.6919,2.1185,-3.0401,0.48163,0.113,-0.962,0.52557,-0.45771,0.35662,-8.7867,-0.049694,0.53175,-1.0494,-0.27583,0.44552,0.27827,0.72586,0.22204
4,6.4133,-1.4207,-0.21864,-0.74238,0.25459,0.009642,-0.83819,0.12316,-0.43672,4.4749,5.2577,3.6228,-0.42541,0.03644,1.1346,-0.4522,-0.94242,-0.51488,-0.69999,-8.2877,6.1699,-0.10268,-0.53525,-0.47373,-0.21055,0.51232,-0.6263,-4.4289,0.68138,-3.9758,2.5222,-0.39685,-0.70907,0.50637,-0.34155,-0.077324,-5.9968,-4.669,-2.7548,1.7715,-0.014598,-0.33227,0.68842,0.18288,0.13274
8,2.4941,0.82445,-0.22045,-0.58186,0.068728,0.27986,-0.63821,0.43204,0.26639,0.42652,1.4021,1.8535,-1.2081,1.3168,-1.0386,-0.61139,0.13838,-0.32635,3.9431,-2.0201,2.2658,0.88281,0.7655,0.14108,-0.78939,0.23355,0.1312,-0.30312,2.6269,-0.028442,1.1816,0.39569,0.19777,0.69614,0.087095,0.62004,-4.3988,-8.6608,-0.27514,-0.86326,-0.090308,0.12999,0.66101,-0.22935,-0.29488
0,10.426,-0.67622,2.063,0.76738,0.087175,0.19741,-0.83805,0.1577,-0.56427,10.404,-0.064443,3.4489,0.43,-0.64443,1.3355,0.057503,-0.066413,-0.70618,12.115,-2.1625,1.8993,1.6668,0.54566,0.73763,-1.124,1.1427,0.092765,-10.331,-4.4294,-1.6991,0.67845,-0.052768,-1.4218,0.61421,-0.41405,0.42937,-13.222,0.52724,-1.7405,-0.32306,0.10631,-2.4195,0.92893,0.64801,-0.27123
1,10.091,0.94318,1.572,0.13161,0.018783,0.11287,-1.1593,0.064046,-0.35731,1.3694,8.1971,4.9379,-0.14446,0.35544,-0.52893,-0.26269,-0.62677,-0.76267,1.8177,-5.7885,7.6231,0.022912,0.42025,0.60326,0.022511,1.0094,-0.85143,-6.0637,0.36653,-0.76954,1.4429,0.12472,0.71355,-0.053717,-0.79471,0.32074,-10.531,-0.29331,-2.0082,-0.18737,-0.2752,1.755,0.85335,0.45668,-0.005841
0,10.159,-0.48049,1.8529,-0.33213,0.024141,0.14785,-0.87836,0.18967,-0.50867,9.329,0.78797,3.2053,-0.48435,-0.29352,0.31767,-0.007901,-0.074327,-0.65407,8.8556,-2.2952,3.6931,-0.14357,0.10238,0.46431,-1.2027,1.043,0.40488,-28.443,31.034,-5.4031,-1.5347,1.1092,1.9724,0.49832,-0.51355,0.42893,-10.253,-3.8207,0.80803,-0.13746,-0.20265,0.85655,0.9664,0.23621,-0.049179
1,12.056,1.7584,1.0946,-0.26779,-0.26245,0.42547,-1.1169,0.11295,-0.27709,0.88476,8.52,6.1634,-0.11744,0.44345,-0.14689,-0.20033,-0.59733,-0.78976,0.53484,-5.8558,7.8779,-0.09762,0.36714,0.85348,0.15096,0.97794,-0.79221,-7.989,8.5686,-4.8514,-0.073269,0.43824,0.41349,-0.02751,-0.7837,0.34474,-9.6354,-4.0761,-3.6959,-0.84026,-0.057348,1.2958,0.91026,0.4244,-0.010228
7,9.5232,-0.037025,-0.81852,0.11254,0.001413,-0.01889,-0.8315,0.004438,-0.55986,5.543,0.57056,9.7295,0.073855,-0.196,-0.076605,0.092069,0.052782,-0.93647,5.0732,-2.0993,9.8047,0.052114,-0.18641,-0.14471,0.13453,0.008603,-0.93323,1.3019,9.141,1.1874,-0.06429,0.036438,-0.31693,-0.68598,-0.62623,-0.28862,1.6683,-9.2175,0.14673,0.013213,-0.061771,0.30754,-0.75156,0.62188,0.00704
8,1.2028,0.28363,1.4219,0.26155,-0.54284,0.1771,-0.63286,0.46656,-0.28978,0.84442,2.261,-1.0551,1.2859,0.44209,0.74327,-0.18318,-0.72674,-0.28503,1.3988,2.8428,1.2637,1.8817,0.25388,-0.66758,0.32358,0.38638,0.63744,-0.65523,0.92123,-0.067909,0.64752,0.078798,0.52996,0.47664,-0.055411,0.51742,-0.91434,-0.13104,-0.34323,-0.45957,-0.14163,-0.51243,0.47096,0.090658,-0.46809
5,8.6464,2.6943,5.2892,0.14524,0.098442,0.000995,-0.62706,-0.20974,0.11832,3.171,7.7548,5.7063,-0.016278,0.035863,-0.080468,-0.79615,-0.50004,-0.29538,6.2809,-4.6913,5.5407,0.057053,-0.0696,-0.026884,-0.83341,0.1833,-0.5898,-6.7944,10.422,1.1247,-0.73993,-0.08943,1.3809,0.38827,-0.37557,-0.21806,0.59275,-6.2939,0.33985,-0.76705,-0.42475,1.889,0.20454,0.54095,0.13229
8,9.403,-2.0384,2.5122,0.009892,0.61774,-0.062636,-0.7263,-0.29783,-0.33682,11.562,4.1101,1.1104,0.13864,-1.003,0.29133,-0.37742,-0.60248,0.36279,11.25,-3.4997,4.8188,0.099481,-0.64929,0.59086,-0.38144,0.013742,-0.67723,-17.049,1.5403,-3.9802,0.48403,-1.2348,-0.44702,0.53476,-0.35886,-0.37709,-12.951,-4.6374,-2.5575,0.41552,-0.61645,0.59924,0.40916,0.21768,0.63531
2,18.857,8.839,6.1808,-3.4862,-8.938,1.3977,-0.77696,-0.21833,-0.68859,2.9525,6.2413,7.6595,1.1058,1.2122,-0.63156,0.060466,-0.79077,-0.85018,1.5109,-6.1216,9.4536,0.67842,1.4495,-0.089912,0.022498,0.72671,-1.1492,-17.238,-2.1115,-1.3299,-1.477,0.6296,3.4633,0.48066,-0.55465,0.039296,-9.599,33.258,-6.3227,-2.4147,0.89724,2.5943,0.29775,0.63222,0.20062
4,10.949,0.78008,4.1955,1.5982,-0.28778,0.76264,-0.7138,-0.33533,-0.45687,-8.0449,9.8497,6.9064,0.40773,0.039187,1.2734,0.029231,-0.60316,-0.50836,3.0436,-8.057,8.794,0.14459,-0.47096,-1.5877,0.35611,0.73238,-0.74387,-12.619,-0.36713,0.3513,-0.83902,0.078496,-0.71052,0.68654,-0.07742,-0.16753,-3.7975,1.4889,-1.3216,-0.3022,0.42762,-0.25084,0.33594,0.49437,-0.055344
6,8.9232,-0.21049,1.8206,-0.52718,0.25588,0.32902,-0.84943,0.33319,0.21295,-0.65388,5.0829,7.982,-0.18015,-0.23871,0.018603,-0.39148,-0.18228,-0.79668,-0.13134,-1.1002,9.8094,-0.016257,0.17952,0.029371,-0.34447,0.52187,-0.66158,-8.7894,7.7448,-3.791,-0.75407,0.36289,2.0234,0.4525,-0.27132,0.48653,-10.329,-8.0121,-0.39339,-0.33336,0.15102,2.6681,0.56724,0.33544,-0.36096
9,8.087,2.0461,0.52326,2.6444,-0.38956,0.8951,-0.71454,-0.36169,-0.36232,9.5499,5.6787,0.78209,2.8864,0.68104,-0.19559,-0.67714,-0.54106,-0.026187,13.877,-13.065,-8.9606,1.7104,-4.7115,3.823,0.53415,0.42484,-0.54405,-10.242,-4.711,-0.6202,-4.6314,1.7337,-2.311,0.89737,-0.27001,-0.056151,-11.251,10.187,-4.3395,-1.1613,-0.13753,-1.3084,0.63574,0.67274,0.18106
5,6.3573,0.95763,6.3332,0.015158,0.070478,-0.001817,-0.65751,-0.2022,-0.071454,4.9766,7.3476,-3.1082,0.038977,-0.08617,0.021535,-0.79606,-0.24752,-0.095597,6.438,-7.036,1.7025,-0.021388,0.009876,0.025963,-0.97654,0.26398,-0.60991,4.8795,3.1482,2.033,0.28479,0.68167,-1.0436,0.16315,-0.57146,-0.38804,-2.6552,-10.871,-3.8623,0.34071,0.11354,-0.88345,0.34819,0.30165,0.24762
7,6.8293,1.4962,-6.8134,-0.020451,-0.1872,-0.022883,-0.9999,-0.087503,0.059814,2.5769,5.2429,7.9872,0.49842,-0.64806,0.32128,0.36905,-0.42068,-0.69766,2.9936,-2.9546,7.8288,-0.64789,-0.6115,-0.17097,0.34868,-0.001836,-0.82291,3.6315,8.0415,-1.8949,-0.11252,0.054039,-0.52695,-0.82279,-0.44909,-0.12195,3.5048,-8.9684,-1.3681,0.27354,0.19371,0.53779,-0.82253,0.40114,0.12867
8,3.7429,0.46914,-2.426,0.3701,-0.29479,-0.36991,-0.591,0.34042,0.44411,2.2335,0.53838,2.2705,-1.2717,-0.60577,-0.39725,-0.64328,0.19567,-0.23641,1.5934,-1.2036,3.8807,1.1791,-0.12136,-0.59409,-0.7755,0.27882,0.16034,-5.4016,0.53651,-1.7226,0.78025,0.21941,1.7161,0.64989,0.008685,0.70696,-4.5603,-0.5551,-0.34145,-1.1048,-1.0648,-1.3987,0.64363,-0.1768,-0.33372
1,8.8892,1.0333,-0.9388,-0.026817,0.10262,-0.02377,-0.79804,-0.004355,-0.39503,2.8607,8.4496,2.0679,-0.004215,-0.36594,0.35624,-0.27396,-0.2937,-0.57175,2.6882,-5.8389,6.2497,0.17709,-0.13005,-0.59863,0.022046,0.90212,-0.81742,-13.661,-3.9316,-1.3476,0.063929,-0.34704,2.1708,0.72963,-0.41711,0.21186,-9.4675,-1.0005,-1.6067,-0.11836,-0.16477,1.2902,0.81574,0.82739,-0.13734
9,0.56313,-0.85467,-0.29514,-0.52879,0.65655,-0.47555,-0.51714,0.14949,-0.68199,0.64176,4.1029,6.7918,-1.889,-1.7138,-0.321,0.27833,-0.41324,-0.68375,3.8248,-7.1912,13.767,-6.0076,-2.5375,-5.1925,0.62098,0.20503,-0.56494,10.705,-15.429,-4.7925,2.2796,-1.3044,-0.48027,0.50697,-0.79923,0.26102,-0.084824,2.4714,-5.9614,1.7585,-1.7267,-0.012031,0.76275,0.42026,0.061438
3,12.52,2.1947,-2.482,0.64164,0.17408,-0.44808,-0.87687,-0.22581,-0.34678,3.5563,6.0172,8.2033,0.57404,0.35298,-0.75969,0.48256,-0.41323,-0.043963,5.3553,-6.8172,5.5566,0.62321,-0.090071,-0.35786,-0.21061,0.48707,-0.59947,-9.7043,-5.9455,-1.8342,-0.37231,-0.16568,-0.14404,0.88035,0.15439,-0.42055,-9.14,-5.2093,-0.75938,-0.046414,-0.036612,-0.24612,0.46857,0.96674,0.33508
6,7.6747,-5.1797,2.7559,0.16793,0.046802,-0.37534,-0.44522,0.83774,0.099988,1.3598,1.3033,9.5567,-0.19451,-0.14661,0.10186,-0.48068,0.045053,-0.60438,0.80801,-6.8581,7.2141,-0.37471,0.06665,0.35981,-0.97565,0.90187,-0.077816,-12.325,5.1194,-2.6871,-1.3951,-0.34266,2.3646,0.70129,-0.051319,0.18042,-8.6893,-8.3422,-3.4794,-1.2191,-0.26131,2.7059,0.56771,0.49165,-0.13312
5,8.334,2.6104,5.2556,0.099486,0.26919,-0.061289,-0.61018,-0.25726,0.099206,3.4943,8.0567,4.7536,-0.000256,0.23062,-0.033457,-0.79351,-0.50748,-0.27846,7.0672,-4.364,4.7279,0.369,-0.21802,0.2101,-0.90172,0.19031,-0.54023,-7.1952,10.837,0.96428,-0.54802,-0.18044,1.3091,0.39819,-0.36183,-0.20807,0.087537,-5.1237,0.61076,-0.78504,-0.30666,2.0654,0.20914,0.54788,0.11389
4,-8.8561,7.2008,5.3148,1.1983,0.47152,-0.13689,0.5217,-0.19645,-0.57992,-0.64261,8.9022,-5.6848,-0.24049,0.23916,-0.10599,-0.2595,-1.0775,0.17311,-0.31974,-8.4929,3.4803,-0.11472,0.33037,-0.17772,0.17238,0.716,-0.58661,-10.717,1.3366,0.69378,-0.29691,-0.013742,1.3014,0.52909,-0.23778,-0.24867,-13.328,-1.0118,-2.2541,-0.1191,-0.36859,1.283,0.60761,0.30959,0.16771
7,9.755,0.75689,2.7557,-0.078842,0.45457,-0.001303,-0.48824,-0.17867,-0.80153,3.2896,8.0244,-0.98832,0.49584,-0.012996,0.014667,0.42319,-0.84168,-0.00129,4.5762,-2.9252,7.567,-0.1734,0.054294,0.22704,0.27105,0.038196,-0.9221,0.21616,7.8927,3.9219,-0.20555,0.14209,-0.63962,-0.65475,-0.57877,-0.40854,-1.0703,-8.448,1.7397,-0.11564,0.023662,0.6461,-0.53385,0.8055,-0.09308
5,9.8326,0.42207,2.7968,0.40875,0.13815,-0.22645,-0.84592,-0.25493,0.021874,-1.3599,7.096,6.7015,-0.043044,0.058895,-0.18996,0.3235,-0.67176,-0.02121,-0.16585,-0.77662,10.005,0.070262,-0.015808,0.035354,-0.55994,-0.17238,-0.64223,2.1191,6.7683,-1.9204,1.0678,-1.0294,-2.6758,-0.10316,-0.71853,-0.19482,-1.1555,-13.716,-3.4674,0.26338,0.65664,-2.624,0.12417,0.41485,0.44856
5,8.3773,-0.87609,4.2257,0.17407,-0.010745,0.054587,-0.65297,-0.07358,0.055948,0.15841,5.5997,7.9265,-0.14715,0.079011,-0.10491,-0.1957,-0.40318,-0.28969,0.04528,-1.8134,9.2714,0.047646,0.030315,-0.021153,-0.51639,-0.098776,-0.59965,-3.3467,12.064,-1.5903,-0.95039,0.29067,1.3699,0.41458,-0.50683,0.026311,3.5318,-4.4267,1.971,-0.61506,0.25063,1.8358,0.057345,0.62547,0.052693
8,29.792,-0.72454,-0.10523,0.60102,-1.1906,0.066443,-0.89707,0.046853,-0.55707,37.993,-8.9377,5.7954,-7.031,0.060326,8.2449,-0.88611,-1.0616,0.33683,0.5339,-2.1146,-0.85468,0.16969,0.50044,0.64893,-0.34862,1.0134,0.21655,-0.46613,-4.2597,-8.916,2.0882,0.40004,0.28196,0.93045,-0.55204,-0.057494,-15.27,-6.2699,1.7615,0.98062,0.11657,-0.1738,0.92658,0.56014,0.44384
2,7.0127,1.7581,2.1842,1.5678,0.48869,0.12901,-0.71204,-0.1298,-0.51738,-5.4435,8.5902,-3.9686,1.1142,3.2373,-0.50967,0.14323,-0.65013,0.064994,5.4498,-5.3917,-0.069633,1.1535,-1.5954,0.92311,0.25914,0.85197,-0.49485,-12.982,0.29548,-1.0628,1.6588,-2.3792,-1.9276,0.77531,-0.26388,0.32884,-4.9524,12.204,4.6882,4.0949,-0.55383,-0.23715,0.86581,0.77593,-0.21842
8,13.357,-0.83086,2.6854,0.31885,1.4757,0.61743,-0.47461,0.030729,-0.6386,12.633,0.51899,6.9301,-1.2242,-0.59655,-0.2687,-0.49409,-0.49261,-0.26616,12.523,-7.0322,5.9858,0.84752,-0.74662,-0.27657,-0.43047,0.41725,-0.43703,-14.303,0.28201,-4.5863,1.2076,-0.41378,-1.2435,0.65158,-0.32135,-0.019629,-13.138,-1.6774,-5.2807,-0.74747,-0.1196,1.3295,0.64931,0.24674,0.28101
2,6.4371,0.60217,2.4181,-1.5298,-0.16048,0.33073,-0.79628,0.1527,-0.47318,-0.13961,8.8388,2.7068,-0.026801,-0.95515,1.6664,-0.13833,-0.19011,-0.6571,1.5986,-6.6591,5.8864,0.96883,-1.158,-0.60282,0.2599,0.74849,-0.84353,0.79428,-14.344,-1.2259,-1.7587,-1.293,-1.0169,0.24909,-0.69996,0.42662,-14.225,-10.037,4.6039,-0.81737,-0.093549,3.3752,1.0394,0.34792,-0.078919
9,8.7779,-3.4229,1.4384,0.20235,-0.2757,-0.048272,-0.7681,-0.028902,-0.63033,3.9883,9.5476,0.59851,-0.059631,-0.20795,0.19063,0.14354,-0.96824,-0.2346,6.1436,-8.0113,-2.9273,-0.37057,0.2958,-0.3112,-0.17862,0.95903,-0.13811,-9.7986,0.70317,1.6075,0.080767,0.049947,0.006135,0.72427,-0.6257,-0.30579,-9.5758,0.12742,-1.7949,0.12956,0.015016,0.006698,0.85051,0.464,0.43211
0,7.4393,1.1145,1.834,0.28953,-0.26954,0.2014,-1.0386,0.056579,-0.58122,3.3105,6.9311,5.4024,-0.11203,-0.003352,-0.24004,-0.39083,-0.60521,-0.8266,2.5065,-5.7101,6.5041,0.45947,0.32521,0.15061,0.001799,0.90426,-1.0332,-7.6037,-3.4309,-0.98477,-2.7648,0.13901,0.76257,0.028734,-0.72503,0.32412,-9.4423,-1.6703,-1.2994,-0.15332,0.004175,0.99769,0.72908,0.44816,0.039333
5,7.9905,0.025303,5.587,-0.064909,0.96503,0.079277,-0.65311,-0.084989,-0.00492,6.4456,4.9652,5.6056,-0.093393,-0.13915,-0.000197,-0.8939,-0.05077,-0.14186,5.7416,-4.5681,6.7022,-0.071374,0.073958,0.006701,-0.78459,0.029374,-0.66223,2.1282,4.3936,1.0722,-1.1549,0.2461,1.8729,0.14443,-0.65049,-0.11966,-3.412,-16.611,0.38796,-0.58249,-0.11594,1.1495,0.42801,0.37915,0.14541
3,-9.6826,9.5593,6.4924,-0.13855,0.037012,0.69513,0.60227,-0.23914,-0.75735,6.0261,8.9347,-2.3173,0.30015,0.24315,-0.40851,-0.25666,-1.0444,0.45363,5.6645,-7.1032,5.5819,-0.091129,-0.008149,-0.1139,-0.17277,0.56137,-0.48934,-16.09,3.8363,-0.89979,-0.26173,-0.19813,-0.57517,0.83734,-0.035054,-0.51339,-10.8,0.44621,-3.8418,0.098026,0.0659,0.31569,0.5473,0.91921,0.32155
1,6.6017,-1.7769,3.326,0.24104,0.63363,-0.21099,-0.74588,0.052257,-0.79032,3.5686,4.9009,4.845,0.27103,0.21326,0.58741,-0.086075,-0.78498,-0.80679,-5.2068,1.028,2.3597,1.0461,0.79149,0.90869,0.76487,-0.76563,-0.2712,-9.6644,2.1779,-0.79674,0.55351,0.20098,-1.9663,0.31915,-0.68362,0.090505,-9.9569,0.65589,-0.022329,1.1628,0.24349,-2.5614,0.47373,0.56999,0.13677
8,14.211,-2.2055,4.6419,0.27296,1.1115,0.3216,-0.4204,0.034172,-0.67727,15.573,1.391,3.593,-0.62891,-0.19961,0.34399,-0.49653,-0.44429,-0.29217,14.723,-2.632,3.0249,-0.37975,-0.24048,0.36706,-0.46479,0.36286,-0.43052,-16.2,0.69533,-5.2613,0.5937,-0.30428,-1.2714,0.61,-0.34038,0.00496,-16.03,-0.67337,-3.7225,-0.63534,-0.13965,1.413,0.59778,0.29122,0.28472
1,8.8398,2.0276,3.265,-0.70936,0.016484,-0.27508,-0.82221,-0.17189,-0.7301,11.08,3.0139,2.691,-1.3907,0.66038,-1.414,-0.8977,-0.94256,0.66853,10.05,-3.5033,2.3667,-0.57635,-0.63474,-1.9741,-1.1387,1.4754,0.28411,-16.002,-3.4718,-2.3483,0.12403,0.19382,2.3837,0.56072,-0.27347,0.14361,-11.113,-1.5262,-3.3835,-0.4903,0.20648,2.0682,0.20977,0.6386,0.04361
5,9.4251,-1.9475,1.5587,0.11783,0.083196,-0.23777,-0.62405,-0.18039,0.18221,1.0189,6.7693,6.6434,0.14921,-0.004717,-0.0868,-0.21126,-0.51495,-0.15362,0.97027,-2.6579,9.4637,-0.052003,-0.030011,-0.16615,-0.46673,-0.1247,-0.57491,-5.406,12.73,1.0711,0.4217,0.046088,-0.35032,0.33669,-0.475,-0.19441,4.4271,-5.1093,3.0592,-0.06005,-0.065881,-0.55387,0.015341,0.6285,0.084453
4,7.7915,0.6859,1.5469,-0.2976,0.079102,-0.011667,-0.79837,-0.19992,-0.49434,-0.666,8.581,4.9679,-0.55582,-0.17938,-1.1078,-0.36426,-0.52098,-0.44606,3.3585,-5.6249,7.1097,0.19176,0.72989,0.22839,-0.17109,0.48521,-1.0884,-9.5854,-3.3655,0.59172,0.18112,-0.37303,1.6121,0.62065,-0.16967,-0.11035,-8.008,-2.8383,-1.4655,-0.1303,0.025311,0.9095,0.42469,0.35356,0.23416
5,7.4523,2.3035,5.0878,0.012513,-0.45134,0.11128,-0.64905,-0.15829,0.097294,2.9691,7.4754,6.1625,0.052913,-0.33595,-0.14781,-0.81723,-0.47208,-0.29747,4.7393,-6.8735,5.1509,0.095665,-0.035538,-0.1157,-0.74232,0.29778,-0.63979,7.4803,-1.667,3.4132,0.20468,0.34447,-0.95005,0.24709,-0.53793,-0.37607,-2.0224,-11.116,0.47842,-1.0199,0.42198,-1.4056,0.3979,0.29427,0.11614
8,0,0,0,0,0,0,0,0,0,0,0,0,0,0,0,0,0,0,0,0,0,0,0,0,0,0,0,0,0,0,0,0,0,0,0,0,0,0,0,0,0,0,0,0,0
9,6.1619,-0.3324,3.8346,-0.62446,0.38566,-0.028251,-0.57657,-0.25897,-0.80583,-4.1398,5.4375,3.0387,-0.19899,0.087444,-0.093122,0.79964,-0.59552,0.15037,-0.43703,-6.1446,6.7148,-0.6286,0.58444,-0.56979,0.28943,0.58,-0.82265,-6.6473,-5.001,-1.8715,2.245,0.085887,0.11905,0.91599,-0.74276,0.10215,-7.5235,-7.9703,1.7772,-0.13276,-0.36484,-0.41696,0.94456,0.41905,0.53309
2,9.7018,0.49548,1.7981,-1.474,-0.19685,0.094703,-0.81581,0.15895,-0.48834,5.325,4.9356,-1.2686,-0.053419,-1.1017,-2.0163,0.19426,-0.52092,-0.42531,1.2339,-8.0488,0.81164,0.38707,0.71327,-0.36748,-0.49945,1.1373,-0.098246,-6.2362,-8.3464,0.39128,-0.69202,0.56746,3.0741,0.79875,-0.41225,0.41421,-19.559,-10.622,3.7438,0.54306,0.55714,3.4916,1.1453,0.57373,-0.16437
1,8.2496,-0.43749,2.6478,0.10272,-0.45863,-0.02719,-0.48949,0.29597,-0.78433,1.1654,10.245,1.0219,-0.11026,-0.11835,0.42807,-0.11234,-0.54805,-0.48759,2.2545,-5.2462,7.1918,0.37384,-0.3353,-0.34445,0.19794,0.6721,-0.85873,-13.179,-4.226,-1.6239,0.38206,0.61315,2.3199,0.69702,-0.58442,0.22195,-9.4222,-1.1202,-0.97979,-0.18781,0.3766,0.82225,0.97678,0.54571,-0.27216
8,1.0511,-1.2643,-0.48187,-0.34962,-0.082259,-0.13887,-0.69987,-0.31371,-0.3623,1.2415,3.2084,0.25661,-0.87953,0.058994,-0.039174,-0.38359,-0.57984,0.37653,2.6445,-2.774,1.5029,-0.55201,0.58632,0.024243,-0.38582,0.063655,-0.66519,-3.742,1.1156,0.51243,1.0434,1.1612,-0.18329,0.47398,-0.31337,-0.47153,-3.9243,-1.0444,-0.00912,-0.15685,0.4872,0.24209,0.45072,0.20461,0.60367
5,9.2906,-0.48817,2.9307,-0.053995,0.050835,0.062576,-0.59617,-0.18676,0.14623,3.0206,0.85465,9.0243,0.031545,0.032831,0.096998,-0.28777,-0.16369,-0.23522,1.099,-0.75703,9.5369,-0.014205,0.030644,0.086902,-0.61462,-0.10532,-0.53288,0.69276,7.1589,-0.30541,0.68885,0.090977,-1.6854,0.22577,-0.61669,-0.21519,-2.2547,-10.917,-4.3973,0.70257,0.024747,-1.2901,0.378,0.34597,0.29219
7,8.655,-0.57546,-3.3736,0.013617,-0.59245,-0.17536,-0.96851,-4.5e-05,-0.22585,5.5161,0.31152,7.6892,0.48556,-0.76332,0.14896,0.11152,0.19471,-0.91512,4.1414,-2.2113,8.5014,-0.17797,-0.91887,-0.55387,0.21014,-0.069637,-0.9109,1.3943,9.4517,1.2474,-0.16888,0.090999,0.092407,-0.67297,-0.65781,-0.24986,2.1861,-9.2728,-0.83848,0.25726,0.18402,-0.015586,-0.73863,0.63751,0.058124
4,11.318,-1.632,0.34156,0.001391,-0.53873,0.1618,-0.82347,-0.11299,-0.32118,1.6137,7.9889,6.2062,0.90143,0.49478,-2.1275,-0.19181,-0.71314,-1.0107,-4.2747,-8.3772,3.6831,0.72878,0.48593,2.1868,0.21541,0.53435,-0.7312,-12.858,0.071264,-3.644,0.8222,-0.10074,-1.4276,0.64142,-0.16795,0.02637,-16.827,0.62852,-1.8271,0.81189,1.4714,-2.4657,0.48299,0.28193,0.2557
6,9.8788,-1.5903,-1.2731,0.19463,0.09654,-0.23554,-0.8739,0.47921,0.47689,-1.9956,7.7008,6.5565,0.18822,0.22551,-0.086388,-0.38883,-0.4201,-0.79722,-2.2636,-3.405,9.097,0.063705,0.050929,-0.019251,-0.34717,0.6465,-0.63999,-1.7464,7.7841,-2.3452,0.50589,-0.39029,-1.6319,0.30287,-0.64198,0.38531,-6.8151,-9.0866,-2.708,0.22726,0.37888,-1.0931,0.57083,0.60095,-0.29774
1,8.707,-0.16126,-5.8743,0.15857,0.45724,-0.17525,-0.86778,0.03924,-0.066305,8.4747,2.5124,3.948,0.28866,-0.72559,0.14448,0.88709,-0.14822,-0.4275,9.2178,-0.7704,2.1739,0.17996,-0.27903,-1.3401,-1.7138,0.41347,-0.58118,-10,1.9889,-2.012,0.15283,-0.25108,1.5208,0.8808,-0.18451,0.22383,-10.747,-3.2335,-0.72361,-1.4381,-0.26122,1.3018,0.70238,0.87725,-0.18494
9,8.6829,-1.4461,0.4992,0.79747,0.36394,-0.29954,-0.7449,-0.40424,-0.033282,7.7888,-2.2913,7.6488,0.75082,0.84091,0.064226,-0.62999,-0.50361,0.050709,14.272,-3.784,25.946,0.5547,-4.8496,1.2746,-0.50637,0.004535,-0.62011,-8.7413,0.60248,-2.2043,-0.69571,-0.45052,0.50639,0.79491,-0.038913,-0.1755,-12.129,3.9976,0.056994,-2.8352,-0.62524,1.5637,0.60452,0.1947,0.46711
5,8.2625,3.2474,4.7835,0.21769,0.068772,-0.028069,-0.62502,-0.19253,0.14145,3.2251,7.5705,5.706,-0.012419,-0.056958,0.015176,-0.79414,-0.50606,-0.29279,1.9871,2.3029,8.6303,-0.10157,-0.12776,-0.031329,-0.58043,-0.14913,-0.45674,-6.573,11.126,1.5635,-0.72004,-0.23034,1.4206,0.39079,-0.37893,-0.22201,-0.63757,-7.1832,-0.041931,-0.72898,-0.61522,2.1035,0.24218,0.50627,0.14929
7,8.7514,-0.6094,4.9636,0.12372,-0.24218,0.000428,-0.57944,0.010023,-0.78794,1.452,5.7269,9.045,0.29424,-1.1173,1.6028,0.37596,-0.18296,-0.859,1.7541,-0.70979,9.329,-0.44907,-1.4508,-1.1494,0.27559,-0.20662,-0.88805,-3.6223,9.0608,-2.1713,0.004559,0.046984,-0.028763,-0.15729,-0.94817,0.027174,-2.5987,-8.9853,-4.1671,-0.000982,0.026257,-0.039485,-0.27905,0.81479,0.4506
8,0.81699,0.082884,-0.022679,0.056477,-0.028796,0.012575,-0.45749,0.032013,-0.66849,-0.22644,2.6534,-0.36851,0.63232,0.18631,0.20378,-0.53829,-0.44145,-0.31052,0.15051,-1.3184,-0.73527,-0.1156,0.019447,-0.37613,-0.5077,0.36237,-0.41947,-0.9743,1.8302,0.91574,0.54836,-0.036498,0.37342,0.67095,-0.3013,0.086313,0.088511,-1.5087,0.86491,-0.005425,-0.088783,-0.61535,0.66695,0.24201,0.28505
9,6.8923,-0.77812,-10.204,-1.4611,1.226,0.57399,-0.61821,-0.43699,0.57807,40.22,17,-17.153,-7.2818,-8.574,-5.569,-0.28941,-0.81348,-0.3266,18.837,5.7034,5.2303,-2.8652,2.0381,0.77345,-0.70405,0.14153,-0.53377,-9.4164,2.9302,-1.6024,0.77181,-0.45364,-0.54372,0.77802,-0.24189,-0.38469,-13.936,-4.1346,0.22125,1.5275,1.089,-2.286,0.67855,-0.23474,0.56334
9,9.3827,-2.4,-0.49776,0.11376,-0.20846,-0.47599,-0.74541,0.23,0.38758,-0.55681,-4.4599,-6.1026,0.23178,-4.8042,1.8296,-0.18526,-0.062193,-0.81434,7.9863,-2.8155,3.9861,0.37393,0.36374,2.2412,-0.76506,-0.30632,0.19095,-8.6323,5.6789,-3.955,0.33978,0.93489,-1.349,0.76446,0.069086,0.59489,-13.216,8.6146,-4.4926,0.61681,-0.69304,-2.4398,0.70358,-0.49717,-0.15177
7,9.344,0.50779,2.5909,0.11104,-0.093563,0.047485,-0.72969,-0.15977,-0.61575,3.2975,3.6907,8.5197,0.14899,-0.27962,1.1738,0.22379,-0.21309,-0.90357,3.9328,-2.7465,7.1913,-0.12207,-0.068802,-0.21838,0.057354,-0.053251,-0.94347,-0.17441,9.0293,1.2033,-0.17011,-0.21587,0.7192,-0.36965,-0.85292,-0.24907,0.42727,-9.1859,0.67266,0.057324,-0.019635,-0.87084,-0.44466,0.86223,0.037474
2,0.94281,0.30937,-0.48947,1.2127,3.9974,-0.48854,-0.54279,0.18198,-0.76036,2.1306,5.6255,4.2043,0.88233,1.5897,-1.4906,-0.17742,-0.15372,-0.65602,3.5981,-5.4687,6.2471,-0.44395,1.2727,1.5173,0.15558,0.74072,-0.9137,-1.3073,-2.0022,-2.9616,-0.38961,-0.32833,0.24739,0.39861,-0.67746,0.35914,-0.22278,-10.843,2.2372,1.7225,-0.3137,-1.9508,1.0556,0.23648,-0.11451
6,9.2417,0.74405,1.1987,-0.056765,-0.45934,-0.48462,-0.80354,0.1592,0.27727,-0.26965,3.7485,8.8661,0.32905,0.46635,0.060806,-0.34153,-0.16575,-0.68111,0.33183,-0.88992,9.6861,0.041567,-0.21098,-0.095702,-0.48961,0.43091,-0.60174,-8.6559,9.0188,-5.9641,0.063865,0.62443,0.6503,0.58568,0.080186,0.1196,-1.4588,-0.61525,-1.3619,0.72874,-0.27302,-0.2892,0.53166,0.52903,-0.26778
1,8.7771,-1.5621,3.4405,0.78157,0.094316,0.16247,-0.80238,-0.014809,-0.7627,10.461,1.83,3.3337,1.204,-0.87619,1.5044,-0.99789,-0.6988,-0.21013,12.022,-2.4864,0.89332,1.0713,0.49896,2.8159,-0.92722,1.2031,1.1781,-10.496,0.082259,-3.1516,0.49798,0.49256,-1.879,0.23385,-0.56378,0.056461,-16.303,4.3148,-2.7408,0.54454,0.51847,-2.8997,0.60977,0.32752,0.13462
6,9.7871,-0.46286,-1.1581,-0.33397,-0.11409,0.12972,-0.95819,0.423,0.41737,-3.1803,5.4323,6.5543,0.084844,0.17625,-0.21261,-0.38555,-0.37369,-0.85203,-0.69683,-0.69544,9.7355,-0.02815,0.003643,-0.01966,-0.43905,0.48893,-0.78959,-7.491,9.6492,-3.0565,-0.29138,0.56266,1.0255,0.50784,-0.37879,0.3095,-1.7755,-6.6754,-1.9784,-0.87328,-0.31408,1.6811,0.35715,0.80065,-0.22114
3,24.316,-0.38843,6.5643,-0.15076,-1.9829,0.27925,-0.77748,-0.015891,-0.71264,-2.9832,12.25,0.53599,-0.43478,0.20508,1.6071,0.99314,0.55299,0.77823,-0.000193,-8.9613,10.125,-0.59875,-0.42244,-0.39444,0.29044,0.4544,-0.55283,-8.9007,-1.6839,-1.5291,0.83567,1.3733,-1.8598,0.63605,-0.57208,-0.53132,-16.475,-0.96612,-3.2149,-0.19795,-0.34628,-0.035849,0.76417,0.29163,0.53604
5,7.9435,-0.67654,5.2235,-0.063229,0.15005,0.008898,-0.65591,-0.037314,-0.000371,6.3214,3.7848,4.1499,0.85018,0.014463,-0.089792,-0.80397,0.048337,-0.22155,5.3353,-4.6157,6.7571,-0.069972,0.093687,0.008379,-0.76436,0.1218,-0.68958,-1.978,10.586,-1.7043,-1.1448,0.40251,1.8448,0.32001,-0.56702,-0.044637,-0.93395,-9.578,1.012,0.14075,0.04797,2.3774,0.25647,0.53128,0.15242
8,15,0.12179,1.482,0.067412,-0.6013,0.010798,-0.7686,-0.40288,0.1503,13.933,3.8754,4.688,-1.1199,-0.89821,-0.19009,-0.60962,-0.05807,0.48427,13.866,0.86863,2.661,-0.82635,-1.3533,-0.53127,-0.59887,-0.41022,-0.062356,-13.246,-3.8894,4.2182,0.35157,-0.70993,-0.38848,0.53082,-0.000917,-0.48951,-14.946,7.2662,2.0317,0.71972,-0.3805,-0.04317,0.4471,-0.33827,0.51439
3,-8.2729,5.0399,3.7211,0.03766,-0.49356,0.21229,0.70081,-0.14349,-0.71323,8.9131,6.6048,-1.8201,0.030746,0.99994,0.76767,-0.16461,-1.0227,0.52064,7.0421,-6.9685,4.7833,0.051565,-0.6875,-0.793,-0.14311,0.5844,-0.46985,-8.7555,2.6283,1.2588,0.30987,0.70766,-1.3628,0.70604,-0.48881,-0.4273,-9.3395,-5.9646,-2.4883,0.43277,0.22878,-0.16209,0.68793,0.33774,0.67298
8,14.199,0.85216,-2.0956,0.18588,-0.12817,0.043003,-0.62137,-0.084835,0.092909,17.351,-2.6319,-3.2718,4.0592,0.28325,0.03831,-0.4325,0.11926,0.12867,15.106,-2.1951,4.5447,1.1536,-2.6814,2.0949,-0.3951,-0.23968,0.085431,-13.04,-2.2557,2.6194,-1.7292,-2.7269,-1.0865,0.38144,0.15472,0.020791,-14.145,-10.357,-2.5049,1.1342,-1.4177,1.5771,0.39422,-0.11063,0.10701
0,11.106,1.2016,-0.33059,-0.68274,0.33643,-0.38038,-0.79399,0.072463,-0.58721,13.092,3.8611,2.2277,-1.8663,-0.37037,-0.74652,-0.43237,-0.67671,-1.457,12.215,-2.6848,2.6207,-0.79947,0.19558,-2.7545,-0.95402,0.946,-0.35872,-10.994,-1.0265,-1.5627,0.40588,-0.49875,1.2638,1.069,-0.091073,0.16967,-8.4792,7.5124,-4.8959,-0.65378,-0.31696,0.36688,0.82502,0.86889,-0.47374
8,14.846,-3.7764,7.5928,-0.48453,-1.258,-0.36087,-0.73065,-0.32337,-0.28289,12.317,5.7393,-1.3299,0.028299,-0.3518,-0.12564,-0.37918,-0.58238,0.3807,13.522,-6.5256,4.0745,0.6756,0.88199,0.14637,-0.42578,-0.015865,-0.64046,-25.741,21.603,-3.2165,0.8006,3.3631,0.51945,0.48907,-0.30203,-0.45868,-13.324,-7.343,-12.373,2.1819,2.1441,-0.001564,0.40451,0.14145,0.65079
1,8.1561,0.13825,-5.5045,0.10851,1.3844,-0.30785,-0.83219,-0.030165,-0.21913,7.6629,4.6231,4.2289,0.42258,-0.52476,0.10769,0.93933,-0.059066,-0.26712,9.6349,0.10617,3.1668,0.52829,-0.26208,-1.4755,-1.7079,0.27663,-0.65152,-11.939,-0.54852,-0.95377,0.024873,0.011062,1.8113,0.87621,-0.22693,0.23927,-8.5895,-3.7037,-0.99178,-0.97145,-0.4319,1.4966,0.75251,0.84703,-0.13065
8,30.333,-2.3583,7.102,0.2321,-1.6508,0.059093,-0.46416,0.013789,-0.64038,24.103,3.7012,5.6652,0.84845,0.42705,0.095246,-0.50296,-0.4332,-0.32629,23.145,-5.6586,4.7227,2.277,-0.097872,0.38125,-0.44415,0.32105,-0.48234,-30.242,-5.0928,0.97506,0.012577,0.39383,0.32374,0.60969,-0.37188,0.002146,-28.154,7.3794,-2.1722,-0.021725,-0.04196,0.14762,0.60046,0.32363,0.28439
8,3.3196,0.055169,1.5427,0.57732,-0.054802,0.01969,-0.72836,-0.31805,-0.34972,-0.20209,-2.0942,3.2661,-1.0662,-0.48051,-0.32351,-0.39947,-0.64507,0.30153,-0.22697,-1.3152,-0.35882,-1.278,0.42473,-0.024408,-0.36912,0.20199,-0.69563,-1.2985,-0.55622,1.3166,0.55805,-0.013795,-0.23939,0.51281,-0.38801,-0.44891,0.61356,-1.3398,0.27405,-0.38544,-0.148,-0.042576,0.50028,0.16557,0.5747
8,19.509,1.1664,-0.66099,0.49789,-0.98989,-0.079987,-0.61786,0.49894,-0.17,6.3957,18.289,8.3467,0.26669,-0.94826,1.3928,-0.47517,-0.30126,-0.52913,7.7099,-21.854,-11.301,1.2697,0.47813,-0.91717,-0.073066,0.40623,0.63567,-20.092,-3.0049,0.9511,-0.44869,-0.5219,2.1764,0.41689,-0.13215,0.55252,-21.319,-4.4421,2.6253,0.89367,-1.2969,-1.4492,0.44003,0.087796,-0.48741
6,8.0283,-0.43058,2.1652,0.78062,0.58337,-0.57723,-1.0312,0.44936,0.099609,-1.781,8.6438,4.161,0.10433,0.000947,-0.24764,-0.46048,-0.64801,-0.63643,0.88866,-1.2012,8.7942,0.008939,-0.26126,-0.29181,-0.47775,0.54974,-0.70744,-13.536,16.241,-2.9158,-0.094895,0.017342,-1.9428,0.6276,-0.21958,0.27478,-7.4825,-2.6269,-2.4887,0.49425,-0.36741,-2.5194,0.44236,0.61609,-0.37245
6,10.821,-4.8307,4.3457,0.24202,0.23387,-0.41352,-0.9493,0.54064,0.27298,-1.3218,8.1602,5.2701,0.1919,0.20566,-0.004402,-0.51407,-0.54778,-0.66469,-0.40611,-4.0164,9.5368,0.086028,-0.30187,-0.17767,-0.40546,0.68628,-0.64075,-9.8757,5.2988,-0.71163,0.29783,-0.292,-2.7191,0.53934,-0.43384,0.31463,-10.349,-9.7316,-1.7588,0.99403,0.27248,-1.815,0.58003,0.45844,-0.32894
9,8.8312,3.6241,-1.3616,-1.0888,0.058815,0.31317,-0.56718,0.35277,-0.10244,4.184,8.1826,4.3405,-1.6633,-0.84305,-5.3203,-0.27767,-0.007621,-0.53402,0.90642,-10.467,-1.3388,0.11051,1.1472,0.68561,0.47869,0.44288,0.37243,-9.2389,0.49397,3.3192,0.7525,0.37683,0.52187,0.76953,0.30958,0.63004,-9.6818,-2.0747,-0.68921,-0.34575,-0.22819,0.96188,0.8506,-0.39584,-0.92743
0,9.608,1.7278,0.1475,-0.80422,-0.039205,-0.4307,-0.78763,0.099568,-0.57222,10.328,4.1601,1.3958,-0.60964,-0.11322,-1.0461,0.070085,-0.26814,-2.1037,10.268,-2.4608,3.6699,-0.91389,-0.53812,-3.3034,-0.89992,0.87284,-0.41189,-12.195,-5.2039,-1.3303,1.6855,0.32087,1.5316,1.0184,-0.14278,0.21848,-8.6888,2.1373,-4.3071,-0.69977,0.59536,1.2131,0.89661,0.88387,-0.35838
8,25.706,-7.1637,6.8948,0.49554,-0.27814,-0.097118,-0.71808,-0.33686,-0.26488,22.247,7.5188,-1.9353,1.5493,1.6508,0.031964,-0.38984,-0.57783,0.35459,19.044,-8.3032,6.819,0.84488,-0.062062,-0.24353,-0.35431,0.003231,-0.66417,-10.703,-37.577,2.1535,0.81091,-1.8688,-0.90624,0.4992,-0.27343,-0.43904,-15.436,43.448,-0.53354,-0.68559,-0.36,1.5046,0.33296,0.19681,0.67065
9,8.5076,-0.79785,0.71506,0.11544,-0.21202,-0.4924,-0.74098,-0.36556,-0.20445,7.724,2.4599,4.2537,-0.82532,-0.30097,-0.94654,-0.82217,-0.010577,0.12015,10.068,-7.1812,3.7538,-0.14775,0.36204,-0.14738,-0.62261,0.01699,-0.54988,-14.181,8.6559,6.8689,-1.2488,-0.63719,1.8462,0.74337,-0.21062,-0.17026,-11.073,7.0726,8.3664,-2.7199,0.16637,-0.92871,0.53048,0.38049,0.48921
5,10.042,0.34754,2.4845,-0.004547,0.072658,0.24751,-0.83042,-0.28143,0.032751,-1.6865,7.2369,7.1522,0.055285,-0.14251,0.053551,0.35262,-0.67372,-0.03194,-0.33022,-0.1445,10.016,-0.075133,0.048597,-0.10244,-0.57553,-0.18096,-0.63521,-2.4389,11.621,-0.96651,-0.76828,0.49421,2.6859,0.002173,-0.68342,-0.20261,-3.2195,-11.795,-3.2132,-0.27644,-1.2752,2.9532,0.093093,0.44733,0.45561
9,9.4254,-4.0005,3.797,-0.25177,-0.094491,-0.48361,-0.76373,-0.10741,-0.6051,-7.9017,0.63393,5.5907,-0.33946,0.57624,-1.042,0.9421,-0.091675,-0.29102,-3.9302,-3.4709,5.6767,1.8093,0.13856,-0.48472,0.41285,-0.004023,-0.86049,-9.6886,-0.13977,-1.1804,0.11849,-0.57147,0.43386,0.77718,-0.50356,-0.29328,-10.744,-0.89219,0.82714,1.3258,0.1601,0.96227,0.91457,0.42545,0.27152
3,9.0498,1.0282,0.95984,0.42504,0.55985,0.84317,-0.74486,-0.006937,-0.60021,9.1568,1.4511,1.7714,-1.0389,-1.0857,-0.37977,-0.58366,-0.80956,-0.47675,8.3479,-2.279,4.3361,0.20099,0.71174,0.86069,-0.34779,0.22445,-0.60253,-10.371,3.0863,2.2894,-0.97308,-0.30039,1.9545,0.81664,-0.39311,-0.40711,-10.184,-4.7701,-1.7178,1.1372,0.06056,0.93532,0.77646,0.29274,0.49751
6,10.092,-0.55353,-0.92306,0.075691,-0.000193,-0.24188,-0.96933,0.43423,0.38966,-1.5076,6.1288,7.5328,0.13291,0.01452,-0.11153,-0.49502,-0.32345,-0.86252,-0.32764,-1.1567,10.352,0.033964,-0.070328,-0.11421,-0.468,0.48645,-0.79419,-7.8414,8.8734,-3.5372,0.57349,-0.49775,-2.3516,0.42322,-0.49556,0.37132,-5.5394,-9.9162,-2.5528,0.32713,0.31434,-2.3011,0.45437,0.73615,-0.23184
5,7.9253,1.7649,6.0788,-0.10011,-0.057628,0.034413,-0.62437,-0.23224,0.072878,3.7716,7.7009,4.9788,0.054581,-0.017168,0.12041,-0.81235,-0.48454,-0.26532,5.7277,-5.7176,5.8228,0.057936,-0.087653,0.000185,-0.81413,0.2463,-0.61926,6.9172,-0.36411,0.39057,0.24076,-0.006162,0.58963,0.21751,-0.55521,-0.38543,-4.6015,-13.442,0.94697,-0.44727,0.15608,-0.42622,0.38998,0.25005,0.14134
2,-0.86304,-0.52596,-1.1927,-0.073211,-0.99502,0.26401,-0.87425,0.31742,-0.32894,4.5271,-7.0117,-2.2328,-0.80029,-0.30313,1.5985,0.19327,-0.60183,-0.43269,-6.095,-1.7792,1.9995,0.38287,0.2734,1.1562,-0.36274,1.1432,-0.15408,-1.0117,13.699,-2.851,0.50125,1.8084,0.68711,0.60026,-0.6307,0.44367,0.16759,-12.171,3.2766,0.54952,-0.33769,-0.30936,1.26,0.21119,-0.19201
6,9.0306,-0.49335,2.1846,-0.45042,-0.070064,0.50415,-0.90629,0.34711,0.20953,2.6878,1.089,9.1935,-0.078998,-0.23291,0.22274,-0.87852,-0.004861,-0.69976,0.89936,-1.3597,9.7336,-0.11573,0.43778,0.11666,-0.54889,0.56884,-0.74439,-1.6655,4.1471,-0.067395,-0.85079,-0.00088,1.1924,0.56053,-0.53662,0.21557,-7.7723,-10.324,-5.1718,-0.62255,-0.073431,0.53639,0.71855,0.35035,-0.12409
7,9.4731,-0.94732,2.7495,-0.063552,-0.64899,-0.15755,-0.64986,0.1219,-0.76559,-1.1988,-1.6562,9.1263,0.27909,-0.91417,0.47659,0.59277,0.37608,-0.67028,-2.6901,-0.25884,8.7651,-0.22271,-0.89283,-0.55562,0.6526,-0.30573,-0.64535,1.5842,9.1301,0.48021,0.010434,0.033934,0.34657,-0.67396,-0.68169,-0.19158,2.3496,-9.1644,-0.79948,0.038057,0.11737,-0.26331,-0.73413,0.64425,0.081836
4,14.55,-2.7671,0.46004,1.6421,-0.93575,-0.07883,-0.96685,-0.004134,-0.22936,-5.9955,6.6949,2.3092,-0.69801,0.68061,0.026403,0.32845,-0.96775,-0.63713,-2.3658,-7.7108,6.1437,0.42744,-1.1161,-2.2287,0.4698,0.37442,-0.90732,-16.922,0.67025,-3.5571,-1.76,-0.41174,-2.4863,0.57935,-0.2518,-0.047158,-13.52,-6.3939,0.61067,0.52967,1.1632,-0.96078,0.27091,0.3951,0.17197
6,9.1099,-2.4565,1.2819,0.74724,0.29939,-0.676,-0.93173,0.54369,0.2969,-1.347,7.9991,4.9922,-0.039192,0.3121,-0.30162,-0.56294,-0.54309,-0.64343,0.28955,-3.2353,9.3602,0.068246,-0.25087,-0.02011,-0.44309,0.65758,-0.65224,-5.3281,4.3913,0.048434,0.64372,-0.002204,-2.4094,0.49517,-0.51774,0.30836,-8.8642,-8.8123,-1.7611,0.25085,0.24541,-1.3166,0.60412,0.39686,-0.34386
5,8.3179,-0.92069,3.6381,-0.13641,0.53375,0.20614,-0.61956,-0.11097,0.097618,6.1977,4.9898,4.8584,0.10914,-0.049874,0.042098,-0.89304,0.021919,-0.22526,5.8421,-5.7074,5.3777,-0.048698,0.19236,0.12178,-0.82086,0.15211,-0.64027,2.0306,4.5833,1.3906,-1.3291,-0.37869,1.8811,0.35515,-0.53025,-0.27823,-2.1022,-12.402,-0.97179,-0.71012,-0.44813,1.8532,0.33493,0.41886,0.25281
6,9.2766,-1.0384,1.4514,0.18547,-0.087114,-0.41096,-0.89945,0.31795,0.27377,2.9527,0.41982,9.519,0.022497,0.23318,-0.18489,-0.89512,-0.023888,-0.68829,1.0036,-1.3605,9.52,0.017444,-0.27211,-0.062159,-0.57781,0.56746,-0.73313,-8.8405,8.9823,-4.7219,-0.29883,-0.3189,-1.1747,0.63386,-0.10181,0.3045,-3.956,-5.5032,0.32313,0.47575,0.18125,-1.3499,0.58117,0.5924,-0.19975
3,13.822,-3.0998,4.612,0.4308,-1.462,0.56681,-0.73369,-0.093117,-0.61718,1.4151,5.5678,8.166,-0.25614,0.49723,-0.86963,0.47521,-0.001858,-0.22726,1.6157,-8.1265,8.4259,0.72856,1.1492,0.53114,0.20515,0.34207,-0.6477,-18.631,-0.76654,1.4104,-0.64523,-0.62763,-0.28853,0.79909,0.1012,-0.46961,-10.118,-4.8456,1.1416,-0.15176,0.3065,-1.1056,0.80722,0.80493,-0.044398
4,9.2211,0.10214,-0.009105,-0.46538,-0.1903,0.30273,-0.85612,0.05596,-0.39738,4.5961,8.3196,3.4262,-0.072901,0.11597,1.2266,-0.46957,-0.88925,-0.62779,1.8819,-8.5475,6.6135,-0.081905,-0.78331,-0.32159,-0.30725,0.4816,-0.59541,-8.7243,2.1278,3.1422,1.5644,0.12135,-0.87564,0.5,-0.30954,-0.067852,-8.2424,-1.4598,-1.4197,0.42182,-0.29024,-0.21562,0.68367,0.15161,0.17737
2,-2.4636,-0.82932,-5.578,-4.5862,0.4602,-0.43376,-1.184,0.043598,-0.47001,-12.277,4.7894,5.4497,-1.4535,0.31651,0.47713,0.68053,-0.83349,-0.21295,7.1788,-4.6828,5.3521,1.5177,0.43693,-3.3632,0.69948,0.52055,-0.97802,-1.2129,1.105,2.6064,1.8628,0.16861,2.4234,0.55282,-0.3239,0.39209,-6.3726,-15.031,-1.0043,0.85714,-0.31826,-0.3061,0.43245,0.65711,0.1494
9,6.8277,-0.42743,-1.4495,-0.39357,1.0329,0.58122,-0.74128,-0.43818,0.071848,11.186,6.9216,-5.6976,1.0847,-4.3074,-2.184,-0.71754,-0.40701,0.1677,6.4008,-15.672,-1.3621,-0.029014,1.0121,5.0721,-0.57502,0.27888,-0.56988,-10.051,0.66768,-0.91842,0.10661,-0.93993,-0.78622,0.74033,-0.18964,-0.38606,-6.5495,-6.1614,4.7651,0.45801,0.97914,-0.93416,0.76942,0.31651,0.17093
7,6.6306,0.089691,7.2456,-0.15754,0.15524,0.009811,-0.21367,-0.055885,-0.93663,-7.1133,4.4625,4.809,0.043989,-0.38065,0.20322,0.93541,-0.15389,-0.15693,-6.5293,-3.2726,7.0831,0.31797,-0.20646,-0.23608,0.86843,-0.012704,-0.43059,1.6607,9.5765,0.17631,-0.05089,0.19319,0.34516,-0.59027,-0.72701,-0.20697,3.1568,-9.0758,1.6822,-0.18642,-0.047671,-0.40233,-0.72487,0.63651,-0.08596
6,9.5851,-2.1788,1.7755,-0.19571,-0.35733,0.007441,-0.82002,0.38793,0.2419,-0.13682,4.6731,8.4839,-0.056961,-0.12641,-0.056459,-0.4251,-0.0993,-0.81274,-0.81078,-1.3202,9.8176,-0.14033,0.15377,-0.30223,-0.33378,0.51218,-0.67658,-1.7359,3.2794,0.009568,0.70483,-0.21629,-1.0222,0.38423,-0.47787,0.43996,-8.3385,-8.4163,-2.6334,0.31543,0.23544,-1.1969,0.59692,0.24727,-0.3885
3,12.631,0.79091,5.1315,-0.4514,0.077371,-0.21041,-0.72972,-0.020515,-0.63307,-2.3234,5.7111,8.6835,-0.23622,1.0796,-0.45101,1.2518,0.46642,-0.26821,-1.1857,-5.6775,8.9863,-0.012657,0.7733,0.69855,0.41796,0.1343,-0.5533,-6.5072,0.39247,-0.74435,-0.97547,0.26407,0.98059,0.55518,-0.74371,-0.11051,-22.137,-3.7755,1.2018,0.3334,-0.41242,1.2295,0.70612,0.405,0.44913
8,4.4853,-0.89577,-0.58506,-0.36179,-0.54746,0.26441,-0.74589,-0.24739,0.37123,2.8788,3.7061,1.5324,0.070719,0.84793,0.6161,-0.71185,0.22852,0.31028,3.4836,-1.9236,3.0113,1.7144,-0.94871,-0.23575,-0.5625,-0.41191,0.10477,-7.1191,3.9012,-0.63706,0.24158,0.68775,1.0349,0.48609,0.18929,-0.39301,-5.5161,-1.8175,-1.016,1.0251,-0.22594,-1.9672,0.46193,-0.3819,0.41383
0,12.63,0.95222,4.2191,-0.21188,0.26602,-0.062767,-0.8355,-0.1966,-0.68712,3.7588,7.6857,7.1197,0.15529,0.11996,0.52787,-0.36664,-0.83649,-0.72731,4.8963,-6.3331,7.1649,-0.069162,-0.4328,0.25942,-0.26134,0.89276,-1.1581,-16.965,5.2619,7.3897,-1.5551,-0.075054,-1.0188,0.043449,-0.78316,-0.21785,-12.486,-5.7107,0.32692,-1.2043,-0.52842,-0.15507,0.68894,0.2559,0.13978
4,8.3153,0.49868,1.9293,0.19149,0.30575,-0.1853,-0.71779,-0.26545,-0.51982,-6.7608,9.1237,2.4509,0.30695,0.13845,0.59362,0.007778,-0.61899,-0.22571,1.4342,-5.9992,7.4728,-0.017324,0.099698,-0.2843,0.29457,0.53726,-0.91346,-8.2091,2.1029,-1.4499,-0.23565,-0.13974,0.51606,0.68644,-0.15806,0.041398,-6.8143,-3.9028,-3.1859,-0.94502,0.099586,1.5574,0.33938,0.50024,0.039455
8,0.49986,-1.0233,0.16538,-0.080742,-0.75372,-0.022988,-0.74862,-0.2957,-0.28492,-0.28733,1.7668,-0.23261,0.31591,0.3902,0.073909,-0.4031,-0.56602,0.40699,0.1161,-2.2703,0.49377,0.01217,-0.057279,-0.30122,-0.44003,0.037071,-0.6455,1.4806,5.4994,-0.22894,-0.59329,0.20377,0.19489,0.45194,-0.22861,-0.54774,0.69713,-1.1388,-1.9321,-0.43089,0.31338,-0.20922,0.46367,0.16195,0.60899
8,-5.2691,-0.36159,0.52499,0.62102,1.0227,-0.11174,-0.43542,-0.015419,-0.67585,-2.7916,-2.578,1.1052,-1.365,0.24029,-0.28678,-0.55991,-0.4239,-0.28428,-2.5408,0.55928,2.1436,-0.27988,0.23233,1.0013,-0.48401,0.3986,-0.41304,0.9057,10.545,-1.3505,0.27858,0.088806,-0.2995,0.66843,-0.30889,0.042502,0.30828,-8.0792,-1.9628,-0.52503,-0.003533,0.80389,0.66505,0.19347,0.31244
8,5.5353,0.54065,-0.68668,0.46441,3.0614,-0.27699,-0.80993,0.37677,-0.2373,4.2113,-1.3727,-2.2279,-3.5922,-0.81507,0.25993,-0.61061,-0.26216,-0.21161,3.7214,4.7864,1.781,2.127,-0.16606,0.16184,-0.73462,0.28425,0.24685,-5.0585,0.30226,-3.2834,1.2296,-1.7854,-0.70762,0.63211,-0.14276,0.53567,-0.16572,-3.7181,-8.6073,2.7183,-2.1365,1.2725,0.59352,0.14565,-0.33672
5,8.2127,-0.36853,5.4369,0.28902,0.27043,-0.07229,-0.64653,-0.083633,-0.004672,8.39,2.3524,3.9573,0.17217,0.076869,-0.17944,-0.90385,0.19344,0.035361,7.3494,-3.7326,5.8852,0.078154,0.009316,0.019647,-0.8403,-0.10722,-0.60898,-2.4715,9.02,-1.0814,1.0289,-0.66274,-2.4773,0.28688,-0.59234,-0.048052,-0.18034,-10.689,1.1085,0.50463,-0.2116,-2.3287,0.26333,0.54191,0.11687
1,7.5298,-0.65946,3.9624,0.17888,-0.77629,-0.033092,-0.83402,-0.15687,-0.68029,0.26634,6.1838,8.4404,-0.23108,0.39011,-0.51844,0.23199,-0.66179,-0.70846,-0.44442,-5.8223,7.1661,0.18971,0.44525,0.69298,0.28803,0.5068,-1.1254,-10.519,3.2983,-1.5819,0.29674,0.084428,-1.7266,0.53868,-0.43298,0.056263,-6.1983,3.7317,-1.4447,-0.18417,0.61276,-1.5048,0.20629,0.69792,0.10912
2,1.6991,-1.1151,-1.6546,1.3307,-0.287,0.42542,-0.86944,0.36175,-0.35745,5.3813,-0.58907,1.6196,0.23603,-0.71374,3.5175,-0.039438,-0.50629,-0.60281,-3.8714,-13.848,-0.49034,0.41598,-0.28822,1.863,-0.63328,1.1083,-0.028183,-16.411,0.55302,-5.2244,0.43628,0.82434,-1.0074,0.70594,-0.63184,0.40263,-6.9252,0.68847,-3.1512,0.53357,-0.29172,-1.5953,1.2275,0.30326,-0.18719
0,8.4831,-1.5375,2.1105,0.32486,-0.36419,-0.035504,-0.86198,0.096671,-0.561,8.177,1.7196,3.6061,-0.006775,-0.42973,0.96052,-0.31602,-0.2897,-0.75039,7.6418,-2.2261,1.2373,0.26921,0.646,1.1802,-1.1853,1.2908,-0.41026,-9.6615,1.4862,-1.6714,0.34788,0.008008,-1.2999,0.68213,-0.16553,0.4482,-4.5372,6.5481,-1.7893,0.39674,0.35064,0.1454,0.74589,0.66439,-0.41016
4,8.2863,-0.090258,1.956,0.7695,-0.095527,0.14744,-0.80411,-0.19267,-0.47698,-1.9099,9.29,5.2913,0.1632,-0.44518,0.57765,-0.39412,-0.5678,-0.36047,2.1888,-5.822,7.7504,-0.003428,-0.005472,-1.1382,-0.17804,0.49673,-1.0908,-8.2565,-1.1941,-0.96692,-0.71196,-0.27604,-0.16575,0.67078,-0.054463,-0.072571,-6.1831,-3.5391,-2.5841,-0.95585,-0.31172,0.7647,0.40617,0.39282,0.18178
0,11.046,-2.482,1.8569,-0.80283,0.65691,-0.11407,-0.82232,-0.091498,-0.74235,3.3783,6.0416,6.4912,-0.59121,-1.0854,0.55336,-0.38944,-0.82264,-0.69571,3.6262,-7.8155,6.185,-0.13541,-0.23087,0.18693,-0.11914,0.93202,-1.1571,-3.9949,-17.407,-1.0033,-0.35357,0.70393,-0.61677,0.041405,-0.7852,-0.23256,-11.295,-7.6524,1.2255,-0.091593,-1.0206,-1.0436,0.67342,0.30002,0.11721
3,9.5364,-1.2614,1.9335,0.61896,-0.011226,0.29051,-0.74616,-0.043928,-0.60335,3.5824,4.6409,6.1787,-0.16377,1.3546,-0.94134,0.73856,-0.30954,-0.28464,2.6822,-4.4748,7.8243,0.40773,1.2774,1.0934,0.16527,0.25353,-0.65034,-8.7623,1.9543,-3.3274,0.84813,-0.00219,-0.47504,0.87197,-0.25728,-0.34589,-10.606,-1.6814,0.04998,0.022993,-0.3684,-2.5067,0.64794,0.77528,0.2179
5,9.4008,-0.45232,2.25,0.000767,0.018354,-0.031151,-0.60174,-0.2441,0.14984,-0.076729,8.4748,5.1503,0.086006,-0.048298,-0.02015,-0.15257,-0.5661,-0.026127,1.122,-2.5843,10.006,0.26982,-0.041477,-0.068641,-0.43834,-0.10009,-0.5957,-4.0714,10.412,-1.7305,0.046406,-0.14431,1.2863,0.28784,-0.54496,-0.23833,-0.057815,-8.7935,0.33176,-0.21478,0.14319,1.6776,0.14643,0.54576,0.16216
0,10.193,0.44071,2.7769,-0.52005,-0.067556,0.028302,-0.64689,0.022631,-0.6123,13.234,4.2924,-1.4371,-1.2747,0.64063,-1.2073,-0.28585,-0.023688,-1.2026,12.767,-3.2293,4.4317,0.47277,-2.0636,-3.7275,-0.8858,1.0133,-0.5601,-10.597,-1.4849,-2.6302,1.346,0.17045,2.1796,0.51934,-0.52948,0.3147,-10.199,2.643,-3.5558,0.11581,-0.28481,1.0684,0.96232,0.73804,-0.22432
6,10.384,1.6237,2.5751,-0.84677,-0.14886,0.52582,-1.0167,0.47217,0.11653,-1.5851,9.0032,4.1696,-0.13167,-0.32297,0.078082,-0.51836,-0.67996,-0.59601,0.83702,-2.2768,9.4883,-0.17749,0.21563,-0.088055,-0.53825,0.5513,-0.66026,-10.335,8.7769,-0.39904,-0.14282,0.20006,1.9936,0.60282,-0.34713,0.2763,-8.6245,-6.6423,-0.98748,0.1637,-0.79487,2.1554,0.53411,0.51034,-0.31912
6,7.9483,-4.5993,1.7153,0.085143,0.18547,-0.063117,-0.44777,0.8423,0.062554,9.4364,1.3967,0.72367,-0.41852,-0.22209,0.12775,-0.76681,0.31305,0.15022,9.5229,-4.1664,0.38033,-0.65835,0.42378,0.3825,-0.71488,0.26072,0.38178,-1.5628,0.30309,0.85037,0.14715,-0.14796,0.96874,0.69942,-0.32261,0.13549,-6.2875,-13.326,-4.7642,-0.34588,-0.37421,-0.066456,0.64072,0.31171,-0.19497
4,16.406,2.5484,2.5726,-1.7707,-1.2213,-0.23556,-0.78822,-0.16549,-0.34722,-0.58963,9.128,3.3167,-0.33353,0.13778,0.40995,0.038038,-0.72485,-0.8185,0.30281,-7.134,7.2939,-0.568,0.87528,0.57474,0.19323,0.43855,-0.82218,-12.258,-0.87071,-2.759,-1.1333,0.57898,1.8863,0.54449,-0.33698,-0.063022,-15.093,-1.0484,-3.31,0.004819,-0.8102,1.2133,0.57682,0.20757,0.26949
5,7.2597,0.29024,7.1147,-0.004234,-0.3545,0.095541,-0.65064,-0.2093,-0.11021,4.6558,7.2493,-4.6591,-0.037413,0.037117,0.13684,-0.76834,-0.30514,-0.11159,6.0278,-7.961,1.3851,-0.053058,0.10555,-0.007531,-0.88262,0.36623,-0.66947,6.6459,1.6435,1.0312,-0.27776,-0.12261,0.48971,0.13074,-0.57249,-0.40482,-0.9653,-11.812,-8.0985,-0.16306,-0.039489,0.069158,0.34072,0.25254,0.30509
7,9.7283,-0.84201,0.48188,0.060826,0.48633,-0.11547,-0.77158,0.011786,-0.59111,2.6375,3.0576,8.7121,-0.15694,0.05884,-0.061493,0.2655,-0.34286,-0.83285,1.642,-0.57331,8.9255,0.35789,0.050556,0.21479,0.36488,-0.19029,-0.84208,1.963,9.0236,0.092644,0.1013,-0.10501,-0.37541,-0.65919,-0.65816,-0.23171,3.1129,-8.7915,1.8301,-0.18513,0.019061,0.3235,-0.78421,0.5559,-0.092883
3,8.6178,-1.5709,0.60321,0.2288,0.15974,0.038479,-0.74087,0.17426,-0.53075,6.7206,5.2962,4.3938,-0.056035,0.24047,-0.32986,0.1811,-0.41203,-0.13918,4.5161,-6.0735,6.2691,0.17016,0.034629,0.50282,0.10174,0.46132,-0.68318,-7.7736,4.1426,-0.9264,0.013788,-0.057944,-0.71226,0.59867,-0.64343,0.22723,-8.5607,-2.4768,-1.1855,0.12957,0.3161,-1.2272,0.70851,0.55809,0.21899
9,8.0327,-1.85,-2.158,-1.9106,1.1456,0.46168,-0.86282,0.50481,-0.17452,12.906,3.1343,2.0616,-2.625,-1.1125,-2.8216,-0.20708,-0.86382,-0.43987,-1.6466,-7.2514,-1.352,2.043,0.69318,1.8805,0.38628,0.69857,-0.58455,-8.0099,0.38766,-4.0431,1.0896,-0.59809,-0.5642,0.62948,-0.52066,0.65808,-8.8325,-2.2072,3.6608,0.6608,0.10008,0.19704,0.77561,0.65519,-0.31896
5,8.7321,-1.3848,4.1438,-0.28499,0.2029,0.25495,-0.61818,-0.10729,0.082786,6.2322,5.8848,5.3672,0.032109,0.063053,0.22604,-0.8851,0.005843,-0.26658,5.8925,-6.0962,4.9003,0.016633,0.28484,0.14145,-0.82749,0.18542,-0.61515,1.8288,2.1898,1.7187,-0.41848,-0.3032,1.536,0.32996,-0.53243,-0.30792,-0.95807,-16.454,-5.2116,-1.2043,-0.30578,1.1548,0.36568,0.37824,0.25924
6,8.5104,1.6649,4.8467,-0.010827,-0.25621,0.22227,-0.93221,0.19612,-0.1503,0.29706,8.5925,4.4561,-0.067077,-0.17818,0.1099,-0.64537,-0.62935,-0.51193,1.4191,-4.6622,7.8204,-0.009671,0.030846,-0.005369,-0.63598,0.69294,-0.55976,-9.8169,8.3056,0.69044,0.038853,-0.47631,1.1058,0.69145,-0.19908,0.21094,-2.9932,-3.8478,-0.42363,-0.92103,-0.28267,1.3262,0.54812,0.6673,-0.10078
0,11.461,-1.5903,4.7807,-0.1677,0.21346,-0.099476,-0.80317,0.21055,-0.60472,3.8503,9.8538,1.3675,0.11151,0.37253,0.29818,-0.49778,-0.31605,-0.55084,4.9867,-5.3473,7.2573,-0.15143,-0.18718,0.16986,-0.12326,0.71727,-0.91135,-11.017,-3.4685,-3.0177,-0.31262,0.016077,-1.2954,0.52684,-0.71526,-0.12304,-10.058,-5.152,-4.5088,-0.46935,-1.1465,-0.064377,1.166,0.13133,-0.082712
9,11.952,-1.7504,5.065,-0.16431,-2.6697,-0.27932,-0.55689,0.054494,-0.78178,4.1917,8.2618,11.258,2.227,-0.43149,2.3036,0.61252,-0.032859,-0.75064,-0.33281,-15.317,-3.7021,-0.55119,-2.0778,-3.2722,0.67531,0.63686,-0.16959,-10.188,4.855,-0.013698,-0.13409,-0.020183,0.72615,0.51177,-0.68065,-0.4156,-12.804,-14.468,-4.2063,2.277,0.71914,0.45469,0.92423,0.30114,0.2519
6,9.8003,-3.0063,-1.8093,0.39836,0.11044,-0.33126,-0.92323,0.49361,0.41885,-0.95711,6.1204,7.8556,0.17884,0.15046,0.086452,-0.48734,-0.29369,-0.88045,-0.34083,-1.5287,10.113,0.23489,-0.12841,-0.086766,-0.45415,0.49528,-0.79728,-5.7963,8.4166,-3.1138,0.48028,-0.92256,-2.3462,0.42946,-0.50178,0.39705,-7.3488,-12.96,-2.7829,0.04356,0.33365,-2.1999,0.53581,0.64971,-0.26188
9,21.66,-12.121,1.7858,-0.99801,-4.6409,0.62099,-0.89564,0.33654,0.25963,4.9089,6.7116,0.89363,-0.5597,0.36871,2.5819,-0.50316,-0.72407,0.22088,25.678,-10.475,1.0919,3.338,-12.543,-3.2604,-0.78354,0.25438,-0.3776,-8.8913,-11.072,-1.6037,0.86857,0.088073,-1.5919,0.88489,0.18218,0.16737,-25.356,4.0817,-1.1001,-2.1309,2.0063,-3.6389,0.81712,-0.37281,-0.19778
8,4.6815,0.16033,5.1158,-0.91457,0.053916,-0.18203,-0.45479,-0.016801,-0.65721,6.7615,1.5503,2.3787,-0.025385,0.45928,0.034448,-0.45833,-0.37758,-0.46576,5.5819,-3.7342,4.0064,1.5967,-0.21636,0.23768,-0.45254,0.36652,-0.46076,-5.5329,-9.7489,3.5904,0.54034,-0.12824,0.90629,0.61178,-0.3935,0.012528,-10.935,7.6972,0.6042,0.48388,0.020386,-0.31335,0.63523,0.29767,0.25953
5,7.099,0.70173,6.7534,-0.1939,0.13487,0.1719,-0.65515,-0.20639,-0.076585,4.9211,6.9626,-4.3521,-0.097818,0.075071,0.045632,-0.7584,-0.30359,-0.13337,5.8191,-7.8758,1.7819,-0.1343,0.074506,0.16533,-0.88121,0.37624,-0.66849,0.27308,7.3966,1.2699,-0.24887,-0.36087,1.7867,0.19782,-0.55499,-0.3705,-2.7891,-11.448,-6.1995,-0.064038,-1.036,1.4469,0.29523,0.32564,0.31912
7,9.3378,-0.40148,2.8098,0.39077,-0.72821,0.076841,-0.59637,-0.042632,-0.74554,-6.2282,3.0207,7.6986,0.26502,-0.64865,0.17079,0.82223,-0.13123,-0.45666,-3.2256,-0.9982,9.5229,0.29022,-0.61809,-0.021259,0.57278,-0.31002,-0.68262,2.6428,9.4007,-0.47786,0.032564,0.024657,-0.073941,-0.6693,-0.6478,-0.21418,3.1858,-9.2654,0.53012,-0.048465,-0.04668,0.10381,-0.77002,0.57781,0.01789
8,14.87,1.803,-0.073942,-0.36989,-0.7337,-0.39698,-0.8495,0.39848,0.42603,12.539,0.7532,-0.29694,-1.0555,-0.47065,0.56505,-0.91983,0.35448,0.02337,12.591,-1.6525,-1.1682,-0.077885,0.14332,0.10982,-0.81651,-0.052567,0.56126,-13.063,3.1002,-3.9686,-0.73171,0.38362,-0.033941,0.75434,0.35339,0.5221,-9.85,-4.2866,-0.24978,0.80216,0.041823,-0.24645,0.824,-0.15174,-0.4992
3,5.7632,1.2411,-2.4055,-0.19753,0.16351,0.2232,-0.94502,-0.14148,-0.20354,5.1696,5.6444,3.9554,-0.075143,-0.42269,-1.1797,0.4731,-0.53314,0.056825,6.055,-4.6191,5.4494,0.33775,0.44547,0.5848,-0.19831,0.49364,-0.60927,-10.718,1.8522,-2.2154,-0.84398,-0.61917,2.1249,0.88312,-0.27388,-0.15394,-7.5552,-5.1263,-0.57677,-0.67784,0.01949,1.3011,0.65015,0.64813,0.54948
9,11.434,-2.6318,1.5152,1.5723,-0.19542,0.9818,-0.69676,0.13896,0.45693,9.629,9.2887,6.731,6.2527,2.5697,-2.4556,-0.57134,-0.3456,-0.44722,8.5728,-5.9778,2.957,0.21052,-1.5011,-3.5266,-0.81079,-0.080672,0.07906,-15.513,4.9633,3.0118,1.0656,1.4298,0.22727,0.62311,-0.093326,0.70334,-11.863,-4.4298,0.85085,-2.371,0.41597,0.31466,0.51399,-0.5839,-0.090576
1,10.507,0.9241,2.8367,0.11159,-0.1651,-0.046718,-0.70651,0.16059,-0.48776,-0.49737,8.141,5.6651,-0.011193,0.32027,-0.7525,0.034986,-0.15216,-0.63121,-0.41152,-8.1779,7.1376,-0.009091,0.35962,0.54921,0.49617,0.83575,-0.54936,-5.2432,10.376,-6.6274,0.82159,0.76606,0.24273,0.14712,-0.81931,0.37884,-10.647,-5.2921,-1.465,-0.046627,0.3435,1.4232,1.0906,0.35045,-0.082303
7,10.236,0.81787,-1.4455,0.29669,-0.44601,0.04666,-0.74865,-0.31528,-0.51303,5.1122,7.8838,6.3813,-0.2,-0.049014,0.013487,0.37211,-0.62176,-0.60894,6.522,-1.1865,9.0866,0.063262,0.097005,-0.25773,0.21113,-0.080637,-0.92805,1.3723,8.5922,3.5,-0.01658,0.002274,0.099277,-0.6681,-0.62708,-0.32748,-0.33318,-9.5103,1.1687,0.11075,0.032099,-0.074538,-0.53349,0.81797,-0.041727
2,29.561,-6.4452,4.3815,1.5416,-4.4221,0.33431,-0.90939,0.17727,-0.45783,16.725,19.6,-0.43054,0.77168,2.1464,1.8003,0.079329,-0.70777,-0.35912,-7.4819,-27.236,0.51004,-3.0511,-2.7643,2.5406,0.15492,1.2501,-0.1387,-18.105,-25.289,3.1389,1.1961,1.0955,-0.10554,0.56401,-0.44487,0.47698,-49.973,3.2123,-0.96981,-2.4893,-0.70146,-2.7278,0.98736,0.30978,-0.11036
9,6.0874,3.7815,5.5716,-0.091062,0.49265,-0.63754,-0.65053,-0.1283,-0.77303,17.985,23.137,-0.99158,-2.3614,-0.13293,0.21901,-0.48987,-0.3689,-0.87327,0.23168,-5.6355,5.491,0.40324,0.93393,0.70507,0.20398,0.76741,-0.67105,-7.0422,-4.7583,-1.4025,6.5185,1.1942,-0.10154,0.95772,-0.6533,-0.16925,-8.2165,-10.395,3.407,0.68639,-0.75874,0.27536,1.0796,0.28249,0.32468
3,11.537,-1.2169,3.6035,0.041518,0.065271,0.010731,-0.73939,-0.07143,-0.60532,1.3162,7.0177,7.1518,-0.33758,0.71026,-0.81046,0.97363,0.079126,-0.22366,-1.9362,-5.5126,8.5613,0.3641,0.88443,0.42877,0.38646,0.1689,-0.51691,-19.778,2.8865,-3.5123,0.7733,-0.010385,0.2596,0.89016,-0.17706,-0.3319,-7.8473,-4.8535,-0.17345,0.63734,-0.34991,-1.4554,0.46748,0.91987,0.10557
1,9.9491,-3.1806,3.6329,-0.25856,0.31748,0.022159,-0.67827,0.3821,-0.65398,1.483,8.8742,2.2805,-0.23202,0.19125,0.076269,-0.20282,-0.57289,-0.47267,1.123,-6.5159,5.817,-0.24634,0.34698,-0.073934,0.25061,0.68467,-0.84013,-9.6852,-0.20978,-0.73335,0.98634,0.35376,-0.94613,0.68659,-0.61516,0.035161,-9.0659,1.4602,-1.9784,2.8467,1.7278,-2.543,0.7045,0.71049,0.14556
7,9.9319,1.3011,1.4928,0.16985,-0.6208,-0.10949,-0.60481,-0.20927,-0.70797,3.6987,9.9392,0.53007,-0.28491,0.20445,0.31282,0.46199,-0.817,-0.072295,5.2595,-1.7687,6.7408,-0.73394,-0.062946,-0.63992,0.29319,-0.035297,-0.91487,1.6708,8.1969,4.1537,-0.016357,0.025349,0.16797,-0.6973,-0.55507,-0.37146,0.2532,-9.5676,1.6783,0.067727,0.015512,-0.16716,-0.57564,0.78266,-0.035244
8,10.921,0.92496,2.6552,0.4788,2.1811,0.52197,-0.63007,0.40763,-0.32625,2.655,9.3995,4.5992,-2.4977,1.035,-0.8252,-0.35267,-0.32302,-0.61743,7.2672,-4.9558,-1.3422,-1.2134,-0.016593,0.10119,-0.56344,0.2695,0.43429,-12.946,10.07,-5.5519,-2.1768,-0.088435,-1.759,0.50499,-0.068955,0.48008,-9.731,-9.7284,-3.5842,0.050836,-0.17089,0.96856,0.50877,0.17526,-0.39027
1,9.6971,0.42296,3.9814,0.29252,-0.93952,-0.075857,-0.66037,0.14602,-0.54758,-0.57798,8.8125,5.3067,-0.15674,0.57476,-0.77287,0.02089,-0.14782,-0.63301,-0.31669,-6.4272,7.4743,0.13492,0.30972,0.70841,0.4515,0.84311,-0.57444,-5.2238,1.0071,-1.7566,0.49625,0.73043,0.83145,0.13961,-0.82575,0.37412,-10.841,-1.6999,-1.9757,-0.022278,-0.12934,1.6224,1.0634,0.42561,-0.1219
9,7.2784,4.3367,-6.3966,-1.2024,0.21488,0.78495,-0.82814,-0.58275,0.2426,21.026,11.955,-15.813,8.0882,2.2514,-2.1759,-0.53719,-0.81855,0.45149,9.9237,-2.4304,-0.97713,0.54537,0.14116,-0.15348,-0.90553,0.16953,-0.51049,-12.028,-2.331,-2.6522,-0.25398,0.13344,1.119,0.956,-0.38702,-0.26545,-10.774,-0.11031,-2.7654,-0.71923,-0.11279,1.4329,0.77253,0.45452,0.65942
7,4.3166,-0.80689,8.2999,0.005396,-0.3008,0.54526,-0.20785,0.037614,-0.94801,-6.5378,3.7661,3.3603,0.55672,-1.0051,-1.4894,0.80824,-0.48047,-0.20667,-7.8412,-1.2099,7.1271,0.13225,1.0496,1.3001,0.60818,-0.13857,-0.74046,-1.0501,8.6537,5.052,-0.48024,-0.69685,0.97514,-0.32353,-0.78196,-0.4562,-3.8553,-11.569,2.2192,-0.22767,-0.18891,-0.9699,-0.070621,0.96593,0.083033
0,7.7004,1.276,2.512,-0.28127,-0.084923,0.093976,-0.66922,0.076281,-0.56824,8.078,2.6124,-1.8788,-0.26289,-0.015076,-1.3335,0.37215,0.2105,-0.66457,7.5421,-4.9627,3.5083,0.14431,-0.91115,-0.52825,-1.2362,0.42153,-0.058124,-4.4949,-4.7465,-1.2647,-0.79366,0.73622,0.14306,0.46268,-0.65438,0.34765,-8.8262,-1.0808,-0.92075,0.18165,-0.066769,1.3913,1.1412,0.58296,-0.11511
4,12.662,-2.1606,2.6725,-1.0356,0.15872,0.066,-0.95623,0.15669,-0.33126,-1.7365,7.9431,5.7313,0.060681,-0.20853,2.3034,0.062202,-0.93659,-0.85174,-8.3135,-6.3973,3.0506,-0.69971,0.19479,-1.3721,0.51913,0.41823,-0.51788,-10.127,4.5912,-2.1193,-2.0231,0.72228,-0.24003,0.31585,-0.45859,-0.098016,-13.951,-2.3821,-2.9882,-0.56455,-0.38211,0.92012,0.59732,0.21426,0.16186
1,8.4698,-1.0027,3.317,1.0988,1.413,0.14179,-0.69715,0.1707,-0.68995,1.7755,6.7432,0.039155,1.3767,0.86097,-0.32382,-0.24266,-0.5534,-0.45733,4.3827,-5.7835,6.5265,0.043281,-0.22524,-0.24782,-0.026582,0.72128,-0.88507,-11.996,-2.5977,-0.85488,-1.3003,0.11783,2.4973,0.61811,-0.67765,0.10192,-8.2689,0.19584,-0.60143,-0.41521,0.1965,1.0451,1.0448,0.45795,-0.18535
7,9.7748,0.31777,2.7006,0.15747,1.0301,0.015181,-0.71811,-0.013748,-0.66312,-0.70806,6.6768,9.7761,-0.89711,1.4862,-2.2388,0.38503,-0.31638,-0.81163,-0.034463,-2.4791,10.738,0.14608,2.107,1.2724,0.31539,-0.010318,-0.89962,-2.8253,7.5615,-1.1117,-0.97318,-0.011528,0.21723,-0.18513,-0.94058,0.078751,-2.801,-8.5286,-5.9278,-0.065429,0.24533,-0.054142,-0.25106,0.76487,0.5452
3,9.4197,-0.14329,-0.75976,0.16224,-0.19833,-0.15012,-0.8714,-0.068233,-0.42554,3.7186,4.8505,7.7259,-0.4204,-1.0126,1.5873,0.45927,-0.466,-0.10651,2.1195,-7.5891,6.6192,-1.1742,-1.4842,-1.1207,0.001248,0.53539,-0.56565,-10.402,1.612,-1.8787,1.158,1.0905,-1.6644,0.89861,-0.29142,-0.15383,-9.476,-3.7546,-0.49358,1.0977,0.035704,-1.5806,0.66554,0.54405,0.60163
0,9.271,-0.48776,5.0011,-0.36683,0.14919,-0.21243,-0.76784,-0.094712,-0.94119,9.6571,3.4292,3.8254,-0.52165,0.028127,-0.27348,-0.7388,-0.61174,-0.30115,8.4451,-1.9909,2.4642,-0.32161,-0.20186,-0.37832,-0.61119,1.1813,-1.1254,-9.9777,0.18758,-1.7285,0.74713,-0.065193,-0.69702,0.63697,-0.31687,0.33596,-16.927,-33.416,-6.105,1.8299,1.1114,0.54512,0.29201,0.66994,0.40175
7,8.2524,0.96649,4.84,-0.58482,0.40431,0.01149,-0.47133,-0.17337,-0.82219,-1.6251,1.2173,10.045,-0.11862,0.33291,-0.41251,0.54577,0.17276,-0.78032,0.83223,-1.6685,11.029,0.29696,0.36418,0.5046,0.37505,-0.20357,-0.85575,0.34436,8.8101,1.579,0.1631,0.067877,-0.72867,-0.42896,-0.82292,-0.24936,1.0445,-8.6254,1.1407,0.2925,-0.1886,0.83518,-0.48447,0.84343,0.00131
1,15.376,-1.0637,3.8434,0.30501,0.44558,-0.47082,-1.1859,0.097802,-0.2951,0.62278,8.5308,6.2048,0.4881,-0.25892,-0.29977,-0.15547,-0.58845,-0.81789,1.3535,-7.197,7.1017,-0.058871,-0.25333,-0.63847,0.13374,1.0387,-0.85798,-12.949,2.4211,-3.2218,0.53297,0.19776,0.10447,0.69413,-0.31835,0.36699,-9.1361,-1.2905,0.098344,2.566,0.7004,1.3181,0.21929,0.77365,0.16072
6,5.526,-6.3577,1.4933,-0.096735,-0.014413,-0.32833,-0.40012,0.8618,0.13527,1.5134,1.7734,9.1223,-0.01516,-0.13451,-0.12266,-0.47556,0.028364,-0.60942,1.656,-10.639,6.3465,1.0571,-0.19088,0.25308,-1.0328,0.87684,-0.042015,-10.858,9.1134,-2.1742,-0.54792,-0.26634,0.38943,0.62896,0.13849,0.15579,-0.012702,-0.91478,1.5436,0.2262,0.11001,-0.30489,0.42216,0.66854,-0.16222
4,5.994,-0.83691,4.8089,-1.2492,0.42944,-0.000598,-0.67933,0.3477,-0.67569,0.84336,12.402,1.9926,0.18131,0.97773,2.5891,-0.099783,-0.99735,0.019711,-8.1098,-9.9723,2.0861,-3.5934,-0.95135,-3.3299,0.27905,0.67054,-0.34078,-8.5662,4.5012,1.584,-1.3427,-0.012841,-0.61985,0.46818,-0.11329,-0.16989,-7.3142,-5.6615,-2.9494,-0.96656,-0.25298,0.41953,0.65753,0.11346,0.048067
1,7.665,-1.5409,2.0665,0.31903,1.0303,0.3571,-0.77763,-0.14743,-0.7747,-1.2255,8.0217,4.6903,0.16046,-0.33304,1.0952,0.50313,-0.94396,-0.58947,-0.67129,-7.3553,6.0828,-0.6806,-1.5289,-0.17426,0.40447,0.65717,-1.233,-12.003,-1.2413,-3.3341,0.66207,0.39309,-1.9704,0.022187,-0.85983,-0.076821,-11.687,2.9003,-0.87646,-1.1636,-0.21844,-2.287,0.64365,0.40845,0.11244
4,7.6944,-1.1645,1.258,-0.010423,0.055305,0.19211,-0.76728,0.12579,-0.52021,3.1671,6.277,6.4923,0.015176,0.30139,0.55133,-0.48211,-0.72022,-0.81611,-1.4278,-7.8732,6.7997,0.051412,-0.42163,0.55462,-0.23012,0.46147,-0.69034,-8.0456,4.044,-1.3661,0.78789,0.033201,-0.85953,0.49081,-0.28287,-0.12657,-7.5835,0.20378,-0.72982,0.52748,-0.12404,-1.0814,0.61033,0.096394,0.2244
3,7.7279,1.7798,-0.23822,-0.17329,0.69996,0.18568,-0.91817,-0.088448,-0.30997,4.5411,6.4725,5.2283,0.42155,0.4056,-1.3405,0.52653,-0.48842,0.028111,2.9926,-5.217,6.0709,-0.25316,1.1102,1.1895,-0.097246,0.4733,-0.6385,-12.131,2.25,-1.8241,-0.61994,-0.70766,2.1059,0.85393,-0.33938,-0.20903,-7.9445,-4.5797,-2.1613,-0.85215,-0.049128,0.86335,0.61235,0.61426,0.62525
7,8.0135,-0.36761,5.7658,0.39991,-0.32784,0.15848,-0.44789,-0.11645,-0.84369,-2.6633,9.8915,-2.0544,-1.8546,1.2893,1.361,0.66003,-0.68287,-0.069361,-1,-3.0715,8.2786,0.83595,-0.66758,-1.5342,0.51283,-0.099975,-0.81263,1.1214,9.3025,3.8131,0.26744,0.050408,0.5864,-0.62953,-0.62635,-0.37736,0.093681,-8.8818,0.95603,0.10323,0.067149,-0.6081,-0.477,0.84951,-0.001695
3,5.7535,-0.28766,-0.55845,-0.70651,-0.34474,0.1018,-0.83877,-0.051852,-0.48391,3.9932,4.3031,5.8345,0.21822,-0.71101,-0.23611,0.60359,-0.30571,-0.3846,4.0787,-3.2626,7.7684,0.38765,-0.49807,-0.42879,0.061096,0.29668,-0.65184,-7.5094,3.5293,-3.9192,-1.7235,0.78817,2.2395,0.85951,-0.37516,-0.26823,-6.1538,-4.6834,0.19929,-0.029282,0.19144,1.8586,0.72016,0.65995,0.30845
5,9.603,-1.8195,1.721,-0.012174,0.023281,-0.036865,-0.60905,-0.20775,0.17975,1.0753,6.9035,7.0237,-0.00106,0.041187,0.040329,-0.20564,-0.53034,-0.12759,0.7515,-4.3384,9,0.02697,-0.063504,-0.003781,-0.40719,-0.018035,-0.62912,-4.8982,11.426,-1.3276,-0.43258,0.50529,-1.625,0.30087,-0.50491,-0.22172,0.63027,-8.3414,1.6556,0.24147,-0.21438,-1.494,0.1198,0.57806,0.11217
1,10.643,-4.9,6.2662,0.23145,0.51355,-0.26593,-0.67936,0.36335,-0.6489,0.54787,11.299,1.2839,0.13297,-0.20148,-0.22258,-0.19313,-0.55787,-0.46115,1.7291,-6.7976,7.6251,0.2372,0.15944,-0.13372,0.24255,0.74689,-0.7852,-13.341,2.0975,-1.3504,0.58634,0.027138,-0.98879,0.84541,-0.41015,0.16784,-11.507,-4.9394,-7.3529,-1.3636,-0.47754,0.68647,0.71822,0.74709,-0.052358
6,9.2497,2.2146,1.1658,-0.57121,0.14524,-0.079339,-1.0506,0.39107,0.13321,-2.4589,9.0876,4.4048,0.10002,-0.19728,-0.19012,-0.42247,-0.6456,-0.63823,1.7803,-2.1072,9.1923,-0.18518,0.13895,-0.29456,-0.59518,0.52813,-0.64436,-9.0994,10.128,-1.2124,0.37497,-0.31034,0.58065,0.63915,-0.19862,0.24769,-1.6681,-0.95166,0.2872,0.10308,0.26058,-0.41463,0.41334,0.64711,-0.36741
0,8.5251,-0.19024,3.1234,-0.40861,-0.33985,-0.23001,-1.0485,0.004293,-0.61853,3.2657,7.6369,5.3767,-0.011447,0.009171,-0.67515,-0.32048,-0.64393,-0.83153,3.1026,-6.5644,6.07,-0.022658,0.24229,0.38937,-0.011597,0.97336,-1.0369,-7.849,5.8346,-2.7506,1.1332,-0.53062,-1.3049,0.50349,-0.4816,0.34599,-7.5536,-3.1578,1.7872,-0.47938,-0.33219,0.46225,0.26856,0.72021,0.23286
2,12.109,-1.847,6.9817,0.66649,-4.727,-0.67104,-0.56657,0.14458,-0.73689,1.7482,9.899,6.8793,0.025055,0.8322,-1.0864,-0.007214,-0.21367,-0.66637,0.96835,-9.5157,7.3159,0.060378,1.0557,0.72499,0.35528,0.70388,-0.87614,-5.011,-33.189,-1.967,1.2356,0.29995,0.99384,0.34747,-0.76147,0.28376,-32.877,0.61844,0.73329,1.9085,-2.1212,-3.3086,0.94982,0.44444,-0.10607
6,8.1414,1.2739,1.7006,-0.60355,0.053862,0.22113,-1.0019,0.47712,0.096821,-1.5471,7.8806,3.5158,-0.017948,-0.21784,-0.34612,-0.45358,-0.73697,-0.60875,0.80457,-2.3689,9.276,0.19505,-0.037095,0.10793,-0.45225,0.53982,-0.72312,-10.239,13.575,2.6758,-0.053328,0.048554,0.028503,0.61291,-0.23808,0.25052,-2.0333,3.7263,-0.70157,0.26969,0.40403,-1.0483,0.43126,0.63192,-0.36242
5,9.2696,0.84382,2.169,0.16764,-0.20613,-0.13511,-0.8317,-0.26755,0.039713,-3.2969,7.8171,5.0792,0.19128,0.1818,-0.035017,0.3046,-0.649,0.051708,-0.57026,-0.89139,10.138,-0.015692,-0.13443,-0.026938,-0.54165,-0.13125,-0.66321,-1.378,13.575,-4.0694,0.14119,0.36792,0.035182,0.085854,-0.66747,-0.16601,7.4262,3.4118,2.7437,0.32643,0.082907,0.1796,-0.2026,0.49764,0.42859
4,6.3227,-2.6052,0.41544,-0.048587,0.19906,0.26507,-0.72802,0.25405,-0.48678,1.1602,6.9803,6.2102,0.1057,0.58058,-0.025405,-0.176,-0.91191,-0.69579,-7.4452,-5.3743,6.4866,-0.029175,-0.20466,0.74419,0.37823,0.48212,-0.4788,-7.8625,4.7995,-1.6719,0.18524,-0.60984,-1.903,0.47199,-0.37228,0.15847,-7.4588,1.5612,1.5497,-0.97575,-0.39237,-1.9805,0.60326,0.22584,0.056646
1,9.9246,2.2999,-1.8596,-0.41872,0.13587,-0.109,-0.76087,-0.007258,-0.4635,11.208,4.5907,0.40156,-1.6188,-0.30616,-0.89157,-0.82862,-0.53563,-0.83784,11.763,-2.4078,4.1323,0.78993,-1.3201,-2.2225,-1.7955,1.2659,-0.12804,-12.664,2.8375,-3.0573,-1.3368,-0.44489,1.6095,0.85975,-0.22077,0.18409,-13.564,-4.3187,2.0238,-0.55907,-0.135,1.4349,0.75331,0.852,-0.15031
6,8.8699,1.2254,3.8486,1.1284,-0.062772,-0.31603,-0.9197,0.26809,-0.10204,2.7338,7.6016,5.6109,0.1752,0.10298,-0.17336,-0.79739,-0.40773,-0.55448,1.4712,-3.8927,8.8361,0.02602,-0.18664,-0.037608,-0.68319,0.6321,-0.58786,-10.484,10.865,-1.3945,-0.47683,0.087831,-0.93986,0.70227,-0.1595,0.20068,-4.1815,-2.8625,-2.6621,0.82058,0.41605,-1.5458,0.56539,0.65974,-0.1028
0,8.3506,-1.61,11.674,-0.70963,-0.75968,0.60202,-0.74968,0.17126,-0.65731,4.1843,8.7393,-0.13991,-0.16844,0.12756,0.15419,-0.4565,-0.56939,-0.44178,5.5491,-4.61,6.1128,0.017989,0.32746,-0.11915,-0.20119,0.70452,-0.90635,-8.0858,-5.1265,-0.20728,-2.0686,0.30802,1.8859,0.49805,-0.7359,0.03344,-8.4553,0.49648,-1.1585,-1.2151,0.36873,0.89762,1.0924,0.34623,-0.14016
4,8.6395,-0.73834,1.1343,-2.5014,0.077899,-0.3304,-0.70413,-0.305,-0.48069,-7.0472,9.1221,3.8871,-0.85948,-0.96045,-1.7628,0.065363,-0.70904,-0.46616,4.2442,-5.1438,8.7988,-0.40204,1.6099,2.231,0.3366,0.65235,-0.81792,-13.413,-6.3955,0.28336,-0.96032,-0.50588,2.516,0.53284,-0.16978,-0.17202,-11.146,-5.5231,-2.0816,-0.90859,0.21673,2.0504,0.47631,0.44921,0.15837
1,9.4436,1.6221,-5.2722,-0.20016,-0.078298,0.028972,-0.82565,-0.088863,-0.3011,9.0317,1.9253,2.3565,-0.060768,-0.68581,0.1335,0.707,-0.31023,-0.31845,10.081,1.9493,0.66438,0.52629,-0.064481,-0.74966,-1.8218,0.01,-0.39176,-11.531,-0.86695,-1.5268,0.053323,-0.073219,1.7837,0.77863,-0.29279,0.29165,-9.2066,-3.2329,-0.19243,-0.69397,-0.46893,1.3098,0.73971,0.80296,-0.17966
6,8.4383,2.1078,3.7235,-0.60578,0.89788,0.41549,-1.02,0.46264,0.089014,-1.8063,9.0082,3.8822,-0.094567,-0.29414,0.11262,-0.50335,-0.69114,-0.60573,1.2451,-2.4046,9.411,-0.69427,0.19278,-0.28639,-0.5501,0.57325,-0.6234,-9.9634,8.5098,1.5396,-0.54785,-0.032951,1.8271,0.59869,-0.31401,0.30122,-6.348,-5.259,0.085857,-0.02319,-0.2938,2.0733,0.51311,0.49912,-0.36652
7,10.123,0.80246,1.5968,0.002816,0.52021,0.063132,-0.45322,-0.19656,-0.81442,2.7868,9.6377,-2.8627,-0.27936,0.18942,0.1463,0.48701,-0.80755,0.002338,4.0403,-3.1432,9.5689,-0.36667,0.02699,-0.37223,0.2773,0.006433,-0.92143,0.20126,8.4706,4.5834,-0.17147,-0.029223,-0.33462,-0.70983,-0.53073,-0.38097,-1.7704,-8.729,2.2712,-0.40669,0.13957,0.50704,-0.57698,0.77735,-0.074493
0,9.3519,-0.19501,4.0654,0.13548,0.17294,0.11196,-1.0123,0.026906,-0.62576,3.6276,7.8191,4.4288,-0.095791,-0.31238,0.042002,-0.38737,-0.6623,-0.82734,3.0016,-6.8466,6.9512,0.098869,0.097544,-0.09673,0.014776,0.92665,-0.99138,-11.03,0.017019,0.33715,-0.28264,0.69967,2.5029,0.3054,-0.55375,0.49484,-9.6448,-4.0945,-2.4842,-0.42387,-0.24382,1.395,0.62324,0.50498,0.071052
3,25.236,-1.6198,2.7646,0.51968,-1.1611,-0.053174,-0.76797,0.20023,-0.72819,4.6334,8.878,-2.0584,0.36016,1.2846,1.6633,0.53763,-1.0113,0.22445,3.9873,-5.6396,10.915,-0.30776,-1.1477,0.022687,0.23177,0.33092,-0.65528,-10.531,-0.92655,-0.31924,1.1383,1.3044,-1.3021,0.60976,-0.56554,-0.52453,-16.73,0.44464,-3.4992,0.43964,-0.57159,-0.14367,0.79299,0.29582,0.45737
4,11.091,1.2417,4.9857,-1.0132,-0.16874,-0.64601,-0.68983,-0.11272,-0.52951,1.3154,13.793,6.3462,-0.084298,-0.74779,2.3644,-0.000285,-0.80089,-0.71195,-3.0541,-6.0917,5.761,-0.43932,0.93533,1.2171,0.54615,0.52154,-0.60238,-10.212,2.9837,0.47252,0.33268,0.07946,1.6926,0.47819,-0.25774,-0.11904,-13.549,4.2054,-1.7075,0.036999,-0.070135,2.1065,0.60137,0.33054,0.1438
6,9.6149,2.6855,5.2559,0.50406,0.32449,-0.25868,-0.90567,0.39373,-0.16999,-3.0498,6.0305,6.3037,0.061672,-0.029271,-0.069236,-0.30388,-0.31845,-0.87328,-0.32401,-5.1491,9.5848,-0.018317,-0.029515,-0.26024,-0.25383,0.78061,-0.4952,-11.468,11.904,-2.1755,0.67999,-0.099605,-0.52156,0.60502,-0.28755,0.28826,0.7311,3.2645,1.7231,-0.16223,0.23268,-1.4733,0.32426,0.69176,-0.48452
6,10.011,-1.1372,0.27209,0.2637,0.1473,-0.026494,-0.73823,0.32758,0.33627,0.63084,4.4906,8.5594,0.005846,-0.013703,0.333,-0.41308,-0.15026,-0.66625,0.48224,-2.844,9.4512,0.029775,-0.16756,-0.019774,-0.35262,0.6155,-0.51494,-6.0067,8.3454,-3.723,0.53291,-0.58856,-1.6018,0.52773,-0.34368,0.3781,-7.1431,-7.0718,-5.535,0.78575,0.58599,-1.2414,0.62276,0.43268,-0.061294
5,9.3688,0.27399,2.6721,0.18709,0.037318,-0.26565,-0.58087,-0.19596,0.16382,3.2426,0.53767,9.6488,0.22227,-0.12976,-0.2953,-0.27028,-0.16511,-0.24071,1.6334,-0.78224,9.9338,0.16263,-0.12957,-0.0473,-0.63607,-0.16477,-0.49882,-3.6348,11.312,-1.6097,-0.45575,0.21441,0.13589,0.4465,-0.51748,-0.062488,4.9005,-5.0076,-1.1075,0.010843,0.009143,-0.35015,0.087525,0.55749,0.25573
4,10.547,-2.051,2.7335,1.0734,-0.072778,-0.067135,-0.80392,-0.006961,-0.46887,0.026021,7.7302,4.2777,-0.36319,-0.069073,0.70648,-0.36611,-0.75944,-0.4155,-1.0111,-8.4793,5.6111,0.17527,-0.34685,-0.88203,0.33208,0.59954,-0.72813,-12.298,2.1414,-2.0344,1.3082,-0.83201,-1.3882,0.65484,-0.28038,0.022998,-10.812,-0.19383,-0.9774,1.5999,0.55167,-1.0713,0.45765,0.35571,0.16051
3,3.8928,2.0582,-1.0266,0.61682,-0.28967,-0.21158,-0.89655,-0.10787,-0.35047,5.8593,4.4796,4.1822,0.73304,-0.15965,1.1347,0.41112,-0.54797,-0.078584,6.6486,-4.6535,3.9772,0.3952,-0.83985,-0.31048,-0.13454,0.52729,-0.60372,-7.4652,1.8746,-0.89701,-0.62644,-0.047712,-1.8905,0.90924,-0.20001,-0.13266,-7.2552,-0.77035,-0.78713,1.6207,-0.15139,-2.1269,0.57351,0.78308,0.48771
0,9.6293,0.65802,4.8521,-0.11826,-0.1207,-0.047755,-0.71621,0.16562,-0.64932,3.0474,9.0822,0.026311,-0.01646,-0.17823,-0.52194,-0.48956,-0.54634,-0.42345,4.8097,-3.823,7.5415,0.33332,0.078384,0.5191,-0.12702,0.71075,-0.91251,-10.887,3.5241,4.6048,0.43509,0.36266,-0.68577,0.49761,-0.72281,-0.22533,-8.8843,-3.2499,-2.5428,-0.92913,-0.086396,1.0029,1.2362,0.26045,-0.086802
4,-6.8334,4.4886,5.1115,1.5909,0.52546,-0.42653,0.55283,-0.30249,-0.53918,3.0369,7.0674,-2.944,-1.4337,0.64455,0.88458,-0.22625,-1.1433,0.16013,-5.2043,-11.547,3.1658,0.062597,-0.18804,-1.0749,-0.000984,0.72879,-0.41518,-6.9396,2.309,1.4586,1.0618,0.72975,-0.84371,0.50185,-0.32717,-0.17357,-8.7956,-5.6816,-1.4446,0.48687,-0.24267,0.031377,0.64458,0.27386,0.17151
9,11.755,-1.6606,3.172,0.73325,-0.27829,-0.1911,-0.7417,0.19185,-0.54878,2.1866,13.713,-5.9478,1.7033,3.0035,1.0462,-0.1437,-0.93448,-0.06056,10.408,-6.8451,4.2426,0.44035,0.54371,2.4663,0.018346,0.67647,-0.63965,-14.297,3.1478,-0.096195,0.000568,-0.15319,-1.9731,0.8128,-0.47989,0.15717,-10.031,7.7459,-2.758,1.2731,-0.44756,-0.49166,0.80576,0.55724,-0.1885
9,7.2596,-2.7902,1.7312,-0.72945,1.2617,-0.18863,-0.75407,0.36701,0.5884,10.032,2.9226,0.64877,-1.1483,-0.25146,1.7886,-0.85528,0.17199,-0.27622,0.50951,-7.2877,4.9489,1.6661,0.34145,3.8421,-0.89127,0.40908,-0.10866,-6.7945,1.6094,-0.71082,2.5599,0.44801,-0.20693,0.83634,0.23128,0.3612,-8.9793,-0.98626,-1.9544,0.13782,-0.44219,0.97578,0.66125,-0.60488,-0.14908
4,7.8695,0.64501,1.9938,-0.70014,-0.041584,-0.221,-0.75722,-0.49583,-0.48175,-5.3059,13.496,7.117,1.0012,-0.60021,-0.79124,-0.29336,-0.67356,-0.46132,3.6698,-5.7214,8.4992,0.36137,-0.26072,-0.30164,0.12953,0.46996,-1.0083,-7.2282,3.3539,2.0266,-0.43524,-0.24473,1.3564,0.65874,-0.042848,-0.15643,-9.1633,2.0522,-3.0754,-0.74596,-0.006394,2.0576,0.44028,0.37616,-0.036262
3,6.6134,1.1572,7.1251,-1.4998,-0.88331,-0.13524,-0.63301,-0.020793,-0.83192,-1.161,11.228,-0.022093,-0.098704,0.27706,-2.2965,0.72838,0.82757,0.56044,1.3273,-6.05,7.8501,-0.13127,1.9708,1.8585,0.20387,0.44304,-0.62101,-14.051,5.0768,-0.65941,-0.3133,-1.1675,2.3048,0.86155,-0.36371,-0.4451,-10.755,3.5055,-4.5107,0.75444,0.28663,-0.09089,0.84999,0.31111,0.41051
0,6.9781,-2.5491,1.8278,0.93565,-0.28224,0.043288,-0.76127,0.25139,-0.61334,7.3845,2.3542,1.0328,2.299,0.66911,-0.54391,-0.20498,-0.46119,-0.89702,8.8053,-1.4974,0.87829,1.1325,0.35719,1.8733,-1.2313,0.85306,-0.01404,-9.2216,-0.076426,-2.0212,0.63038,0.32617,-1.1843,0.93335,-0.3966,0.32664,-8.0594,1.9396,-1.9729,1.6993,0.37895,-2.1744,0.9253,1.0317,-0.25094
8,10.651,-0.5261,-4.102,-0.67705,-1.9328,-0.11866,-0.64169,-0.004251,-0.041451,8.9151,2.2599,0.99809,-1.0641,-0.51357,0.41009,-0.50255,0.029797,0.080747,7.3292,1.8406,0.87023,1.3172,-1.1615,-1.604,-0.47238,-0.10292,0.17875,-3.701,-6.5994,-6.1766,1.0097,-0.25517,1.4035,0.46721,0.14515,0.020514,-11.654,14.412,-9.574,-3.5846,2.2751,-1.4641,0.47633,-0.090864,0.079099
3,8.8408,-0.002814,-3.7656,-0.23526,-0.024573,0.042976,-0.90935,-0.28954,-0.072994,5.5031,6.9628,3.6467,0.073766,-0.57427,0.29148,0.57351,-0.69198,-0.18836,8.6192,-4.5878,0.91677,-0.028424,0.28485,-0.62949,-0.46203,0.45085,-0.37151,-10.893,0.65253,-1.6263,-0.1965,0.15151,0.37887,0.88501,-0.28271,-0.44244,-8.4305,-3.8851,-0.73355,-0.82581,-0.56154,0.99177,0.67214,0.61303,0.53275
3,-9.5814,7.328,6.6871,0.41041,-0.017055,0.13795,0.50276,-0.18584,-0.8434,2.8187,10.584,-3.0398,0.022929,-0.11361,0.024747,1.055,-0.22309,0.42503,2.7332,-9.719,4.3422,-0.41724,0.38604,0.24319,0.06867,0.59466,-0.43115,-8.418,1.9122,-0.39722,-0.35005,-0.28791,0.29844,0.6329,-0.51438,-0.48528,-14.18,-5.0977,-2.1283,0.7405,-0.11309,0.54997,0.68464,0.30355,0.64589
8,0.51087,0.5562,-0.045754,-1.2188,0.86222,0.32066,-0.74886,-0.39001,0.23315,-0.088088,-2.4676,-1.6244,-0.63451,-0.31349,-0.46684,-0.73252,0.029733,0.32592,0.72934,1.909,2.0276,1.1795,-0.18182,0.31416,-0.56419,-0.44535,-0.087641,-0.27358,0.5176,0.46511,-0.81566,0.09892,0.35949,0.48314,0.07069,-0.48766,-0.45291,-3.361,1.8981,1.4584,-0.042804,-0.020895,0.48625,-0.31994,0.47237
6,8.6087,0.24333,4.9218,-0.021131,-0.14862,0.26594,-0.90516,0.2996,-0.14451,2.1352,8.2271,4.6821,-0.13633,-0.21804,0.098001,-0.75027,-0.4967,-0.53501,0.81713,-4.7525,8.4495,-0.016046,0.15586,-0.044221,-0.61886,0.68374,-0.57349,0.74299,0.9245,1.6545,-0.24994,0.51868,0.17339,0.62785,-0.54779,0.064845,-7.8647,-8.7426,-4.0484,0.29275,-0.10696,-0.057665,0.72755,0.39905,-0.1014
1,7.3289,1.3504,-1.3147,-0.17854,-1.1177,-0.13586,-0.7536,0.18289,-0.64156,2.2103,9.3825,0.60896,0.12742,-0.065012,0.19033,-0.36616,-0.55338,-0.41867,4.8804,-6.1914,5.8624,0.42124,-0.37335,-0.27847,-0.04132,0.707,-0.86472,-12.352,-3.6993,-0.33416,0.89097,0.38365,1.8626,0.7937,-0.49886,0.13357,-8.6359,-2.4009,-1.8621,0.2175,0.10736,1.018,0.98462,0.49828,-0.19316
8,4.9978,-1.2403,1.769,-0.188,-0.17958,-0.35903,-0.71117,-0.36539,-0.32605,8.2206,11.873,1.2422,-1.9512,-0.16923,3.2575,-0.52338,-0.45716,0.43106,3.1425,-2.1466,2.2586,-0.11601,-0.51977,0.19041,-0.34745,0.089341,-0.72602,-6.0071,-0.070654,-0.31029,0.21766,-1.3833,0.68788,0.50035,-0.4123,-0.4295,-5.7972,-0.68142,-1.3626,-0.40652,-0.60139,0.23216,0.4698,0.26695,0.56062
3,7.4892,-0.081844,0.20781,1.46,-1.4153,0.027617,-0.76091,-0.033316,-0.58346,2.6914,6.6385,5.9469,-0.05097,1.0605,-1.0801,0.80879,-0.19155,-0.16466,2.1764,-5.1922,7.0151,-0.21286,1.3764,1.0856,0.16951,0.26671,-0.66156,-9.0095,2.8621,-0.46627,0.61838,-0.19833,-0.61519,0.87134,-0.32353,-0.3587,-7.4506,-0.69951,0.92332,-1.1754,-0.45776,-1.8825,0.58922,0.75925,0.30504
3,10.454,0.69992,-0.2986,-0.24255,-0.11041,-0.10141,-0.92723,0.00508,-0.46388,-1.7308,9.077,4.219,-0.34854,0.47884,-1.1264,0.70183,0.060423,0.446,0.11616,-9.6526,5.1023,0.11605,0.47987,0.73076,0.52777,0.55736,-0.33522,-8.5775,6.5258,-2.4801,-0.17009,0.49567,1.5052,0.33908,-0.83098,0.10656,-9.7964,-0.85757,-1.9084,0.009914,0.013608,0.1162,0.91474,0.40551,0.008032
3,8.5209,1.6041,-0.95404,-0.75392,-0.25653,0.2907,-0.86545,-0.19664,-0.33789,7.0952,6.5355,-1.56,0.07686,-0.043217,-0.25593,0.30156,-0.92197,-0.008935,9.2864,-2.459,0.43692,-0.1121,-0.008434,1.05,-0.54578,0.39245,-0.3396,-8.3922,5.5563,-2.0475,-0.12669,0.14063,1.3765,0.71838,-0.59874,-0.15553,-9.577,0.11991,-1.2233,-0.022251,-0.14555,0.40316,0.74256,0.25542,0.60708
0,11.914,-0.77582,3.8508,-0.065052,-0.72884,0.004965,-0.86459,-0.24149,-0.65315,4.279,5.7837,8.0462,-0.10049,-0.18828,-0.72345,-0.41405,-0.77586,-0.74605,5.7339,-6.8822,6.8305,-0.15556,0.76904,-0.06477,-0.3653,0.79995,-1.1108,-11.387,1.0137,-0.89184,1.1559,0.21643,-0.7608,0.5589,-0.38333,0.1309,-7.9383,-6.0023,0.2076,-1.7841,0.17728,-0.35325,0.1948,0.73735,0.14185
8,10.011,-1.0052,0.77801,-0.044465,-0.10317,-0.2883,-0.76301,-0.35075,0.21649,8.7734,3.6036,2.458,0.052747,-0.16645,0.080439,-0.68748,0.052645,0.38043,9.9087,-1.9502,0.26373,-0.39268,0.007731,-0.23257,-0.57719,-0.41369,0.012829,-9.5739,1.0392,-0.83183,0.18525,0.040055,0.15599,0.44211,0.11024,-0.50104,-9.084,-2.3822,-1.7621,0.15218,-0.005839,0.22698,0.43931,-0.32248,0.5085
3,5.9696,1.9419,-0.22021,-0.60973,-0.03449,0.15977,-0.85413,-0.21356,-0.40306,5.2621,5.4037,4.6996,-0.33014,-0.94688,0.31719,0.32347,-0.5327,-0.14452,6.5896,-5.0802,5.9195,0.001413,0.053635,-0.84794,-0.29872,0.46942,-0.63082,-7.2201,-0.89062,-1.2718,-0.66868,-0.57928,1.4027,0.90285,-0.088525,-0.26555,-5.7335,-4.6031,-2.1361,0.002675,0.34951,1.4417,0.56177,0.88138,0.44756
5,8.9801,-0.42884,2.4556,-0.12615,-0.021444,0.21302,-0.84261,-0.26241,0.025047,-1.4359,6.8757,7.1351,-0.069578,-0.069732,0.06741,0.32757,-0.68185,-0.008031,-1.2765,-0.66273,9.2605,0.31985,0.086108,0.005534,-0.56562,-0.17548,-0.64952,5.9443,1.0026,2.6654,0.51622,-0.45047,-0.9272,-0.19692,-0.7083,-0.30252,-1.1605,-11.623,-4.1925,-0.052585,0.67254,-0.86844,0.24525,0.31209,0.44183
5,9.5836,-0.12613,2.7539,-0.19556,-0.14378,0.1309,-0.58852,-0.17334,0.1743,2.555,0.47652,9.6308,-0.022325,-0.14701,0.080489,-0.28117,-0.16963,-0.24199,1.4127,-1.2889,9.3787,-0.1477,0.073646,0.097464,-0.61816,-0.12437,-0.52119,5.8837,3.1423,1.0695,-0.20259,-0.019367,0.51467,0.1468,-0.61484,-0.29887,-2.4992,-14.99,-4.7651,0.04319,0.1274,0.35847,0.44868,0.2329,0.27413
2,1.6695,-0.32776,-0.35768,0.13861,-0.29262,-0.49364,-0.87638,0.16548,-0.43971,-6.3166,2.5936,0.49625,0.91297,0.55139,-0.024149,0.096007,-0.54998,-0.52933,3.9025,3.0203,-2.2744,0.059745,-0.59174,-1.5362,0.15387,1.0085,-0.45984,-4.4207,19.842,-3.9096,0.097137,-0.52262,-0.69754,1.0145,-0.003455,0.25186,2.5118,-0.91284,-1.9816,-1.2315,1.1106,1.011,0.7328,0.96774,-0.37136
4,-4.571,5.7839,2.7342,-1.2403,-0.1933,0.84601,0.52943,-0.23549,-0.61423,2.8571,9.0629,-2.4889,0.28386,-0.57439,-1.0298,-0.33132,-1.1051,0.27107,-2.5461,-9.9963,3.096,0.28219,-1.0938,1.8433,0.059009,0.73311,-0.48386,-10.686,1.4339,0.90407,-0.048052,0.17873,-1.7557,0.56904,-0.24487,-0.13833,-11.479,-2.0107,-1.0527,-0.34863,0.68052,-2.2187,0.56064,0.34745,0.13836
4,12.153,1.5145,4.4409,-0.76213,-0.1652,-0.1118,-0.74846,-0.088866,-0.50987,0.002994,8.9616,4.3029,-0.019915,0.407,0.4113,-0.19448,-0.81964,-0.54427,1.2484,-7.1437,4.7812,0.073999,-0.45038,0.37342,0.16602,0.61235,-0.68426,-12.345,2.9449,-0.67047,-1.509,0.5136,0.99669,0.49395,-0.28844,-0.088389,-13.215,1.3509,-1.7817,-0.43684,-0.34045,0.77753,0.61308,0.26821,0.22825
7,9.8993,-0.83038,-1.9084,0.40769,1.1971,-0.2131,-0.97711,0.10703,-0.34541,-0.48614,3.6213,9.3138,-0.52452,-0.020984,-0.57462,0.44658,-0.30565,-0.72294,0.43666,0.68978,9.0578,1.6345,0.1227,0.68416,0.39017,-0.096341,-0.79405,2.9353,9.3963,-3.0785,-0.002261,-0.38111,-1.4077,-0.57861,-0.72389,-0.052731,3.9031,-10.179,-3.0125,0.32484,-0.48029,0.85698,-0.60862,0.65616,0.24945
0,6.8231,0.31206,3.3106,-0.10559,-0.68368,-0.15802,-0.77918,-0.21709,-0.74216,5.3444,5.0148,5.7083,-0.059835,-0.094663,-0.078165,-0.50588,-0.75681,-0.73231,5.981,-4.88,4.9921,0.009307,0.002662,0.11254,-0.51971,0.77219,-1.0952,-9.9181,0.20416,-1.0721,0.49083,0.02799,-1.4085,0.41163,-0.60295,0.013721,-6.3551,4.5662,-1.1161,2.262,0.2286,-1.1835,0.35119,0.62432,0.25684
4,-8.5255,5.7785,4.5703,0.98336,0.032383,-0.37982,0.51038,-0.22805,-0.58046,0.34967,8.8859,-4.8455,-0.16209,0.61496,0.33111,-0.30503,-1.1877,0.15172,-1.6071,-9.1079,3.1703,-0.32776,0.48337,-0.74419,0.17223,0.70004,-0.5521,-11.152,4.7218,0.065218,-1.2925,-0.28132,1.2098,0.51465,-0.27435,-0.24355,-13.797,-0.27857,-1.3905,0.032037,-0.42949,1.437,0.63052,0.27877,0.16522
7,10.078,-0.6249,-1.0353,0.14699,0.79704,-0.25567,-0.79803,-0.11579,-0.51863,7.1306,1.8345,7.5934,0.2778,0.94202,0.093912,0.11635,-0.078511,-0.93165,7.2219,-3.0977,7.5881,0.42795,0.98418,0.043196,0.061149,-0.004793,-0.92865,-1.6532,9.8671,1.8897,-0.21833,-0.005741,-0.08851,-0.49128,-0.77068,-0.30501,-0.058478,-9.6408,0.52014,0.10518,-0.17023,0.085545,-0.59025,0.77113,0.026392
4,12.023,2.0597,2.3232,-0.60128,-0.63459,0.067937,-0.8223,-0.12453,-0.29203,1.3843,6.4762,5.774,-0.33449,-0.53245,1.627,-0.019279,-0.75403,-1.0116,-3.0992,-7.9894,5.3753,-0.67664,-0.19126,-0.76397,0.15752,0.53527,-0.73399,-8.5249,0.52314,-1.0152,-1.3121,0.11147,0.97514,0.51923,-0.35674,-0.1001,-13.198,1.9778,-2.9636,-0.90445,-0.57015,1.3264,0.6107,0.15846,0.24552
8,47.228,-2.6428,4.0263,-1.16,-4.1403,0.51291,-0.81873,0.37589,-0.21935,33.91,7.4872,-3.1722,3.6933,1.4305,0.75319,-0.62964,-0.097477,-0.2666,32.301,4.5782,1.0958,-2.3825,-0.51923,-0.87462,-0.80048,0.246,0.086188,-30.205,-6.4933,-4.7992,-0.8025,-1.7779,0.55786,0.5954,-0.27101,0.6118,-27.161,9.2489,-6.0833,-1.5377,-0.23663,-1.1786,0.65943,0.097157,-0.28074
0,5.8709,0.76243,3.0473,1.7786,0.98642,0.20415,-0.69517,0.12405,-0.68892,4.3208,7.9358,-0.029944,0.20678,0.72507,-0.69705,-0.50451,-0.50045,-0.45991,5.9557,-3.407,6.2382,-0.28582,0.80466,0.12989,-0.25029,0.65689,-0.94144,-6.7159,-4.7928,-0.24675,-1.9612,-0.33773,1.3753,0.47944,-0.7365,-0.11688,-9.6224,2.1289,-1.3187,0.10714,0.20219,1.0349,1.1518,0.34378,-0.12155
1,6.7425,0.39047,3.0274,-0.40465,0.11218,0.012253,-0.83431,-0.046704,-0.70267,7.5507,1.9415,1.6623,0.13434,1.1901,-1.3169,-0.76131,-0.73274,-0.37956,7.5748,-4.1001,2.7882,-1.3736,-0.1634,-0.5775,-1.5265,0.041408,0.7831,-7.9001,-4.6397,-1.6202,-1.8508,0.07513,2.824,0.35818,-0.44749,0.13099,-10.407,0.65974,-1.2993,-0.45547,0.13033,2.1267,0.52768,0.45607,0.093841
5,9.2661,0.36583,2.2084,-0.04316,-0.044469,0.17035,-0.56563,-0.21618,0.18713,2.3897,0.94827,9.5477,-0.090712,-0.14592,0.058914,-0.27225,-0.17083,-0.24561,1.2879,-0.76578,9.6002,0.048995,0.054246,-0.004755,-0.6346,-0.13189,-0.50899,4.8376,6.0626,-0.68405,0.42026,0.061363,-0.042231,0.12916,-0.63583,-0.26922,-2.3484,-11.461,-4.1043,0.49195,0.2218,-0.26688,0.43097,0.27927,0.27442
8,-8.4876,-2.8093,-2.0576,1.5885,-0.12955,-0.081136,-0.84445,0.27864,-0.22044,0.90752,-0.051626,-1.1675,-1.0995,0.26154,0.33933,-0.65579,0.093281,-0.22659,2.7996,-1.8952,-1.5507,-1.732,-1.8918,-1.4941,-0.69939,0.31824,0.068101,1.258,-7.9076,-5.1694,-1.6574,-0.45191,0.83535,0.56095,0.00506,0.4538,1.2946,-6.6363,-1.1419,3.4163,0.68374,-0.71909,0.56331,-0.025286,-0.39186
9,6.912,0.093168,1.6724,-1.385,0.48333,-0.51738,-0.69893,0.50121,-0.074228,11.202,-0.61729,5.4364,-1.2219,-1.9814,2.3494,-0.44025,0.3879,-0.56029,12.544,-0.69864,4.0861,0.58604,3.0011,5.0198,-0.38927,0.7375,0.055248,-6.6441,0.44286,-4.774,1.4107,-0.2559,-0.87004,0.5003,-0.34547,0.72636,-6.6302,4.2584,-5.2513,2.7186,2.5819,-1.172,0.56751,0.33118,-0.41218
7,10.24,-0.53248,-0.082559,-0.048966,0.19995,-0.014078,-0.69494,-0.16756,-0.63642,3.8245,8.741,-0.45024,0.14431,0.10969,0.12086,0.41707,-0.83967,-0.069277,5.3192,-1.4794,9.5689,-0.31512,-0.22145,0.014671,0.28344,-0.009278,-0.91742,1.7072,8.8704,3.8176,-0.11962,-0.077232,0.066427,-0.72637,-0.53053,-0.34697,-0.1088,-9.8327,2.0318,0.2151,0.061156,-0.084593,-0.59665,0.76377,-0.054051
1,9.3775,-0.91247,3.1244,0.60969,0.33495,-0.01538,-0.83191,-0.028405,-0.73879,10.293,2.9653,2.8745,1.3675,-0.67387,1.626,-0.95406,-0.79858,0.040612,11.21,-3.7676,1.9585,0.70932,0.16473,1.7069,-0.69473,1.2599,1.4153,-11.494,0.91696,-2.0786,1.1233,0.49646,-1.7045,0.12075,-0.61032,0.028348,-11.93,-2.8041,-3.0777,1.5838,0.033321,-2.7663,0.67794,0.18477,0.1268
0,8.7031,-0.75021,2.9736,-0.45246,-0.13141,0.23596,-0.73263,0.22889,-0.60894,8.0291,3.639,0.015501,-1.1317,0.28195,-1.5705,-0.10899,0.25763,-0.73561,8.0893,-3.1776,3.2335,-0.55105,0.15434,-0.31794,-1.0217,0.52704,-0.061568,-4.4511,-7.0941,-0.79057,-0.37838,0.12237,0.86395,0.5912,-0.60104,0.45164,-9.6628,0.13979,-1.7472,-0.18689,0.075295,0.97193,1.2367,0.48559,-0.14622
1,12.586,0.40822,2.3257,0.17642,0.84041,0.012732,-0.67612,0.16664,-0.55219,-2.4849,9.4381,5.62,-0.087771,-0.47964,0.022562,0.12057,-0.15641,-0.62416,-1.6113,-7.5113,7.2213,-0.10686,-0.17541,-0.44414,0.55822,0.79268,-0.60608,-10.917,8.0191,-5.1088,0.87373,0.25509,0.47518,0.86913,-0.078221,0.39508,-17.473,-5.8673,5.0808,2.7684,-0.54762,1.0449,0.59166,0.82917,-0.21964
4,12.997,-1.4306,0.96428,0.72348,-0.17563,0.27589,-0.95346,0.037974,-0.36988,-2.807,9.2707,2.0416,0.26831,0.99822,-2.7426,0.244,-1.2312,-0.69295,-4.7673,-10.554,2.3621,1.7181,-0.46313,1.578,0.46625,0.48124,-0.66592,-14.154,0.021433,-3.456,0.065852,0.20779,-1.1859,0.51076,-0.31002,-0.068058,-15.7,-4.8509,-1.9247,0.60601,1.5979,-3.0773,0.37439,0.32485,0.15295
4,8.1116,0.87942,1.7683,0.51745,-0.056365,-0.21241,-0.7993,-0.26242,-0.44867,0.19641,9.4888,3.0665,-0.18958,-0.76635,0.4371,-0.52036,-0.56319,-0.27692,2.6824,-6.4446,4.9801,0.49505,0.093253,-1.0995,0.005466,0.7975,-0.77441,-9.3634,-0.5001,-0.81656,-0.31543,0.048153,0.71133,0.68477,-0.25527,-0.017738,-7.55,-3.6014,-2.1287,-0.83212,-0.37256,0.6957,0.41062,0.46046,0.14472
0,7.4118,-2.087,1.9996,1.0859,-0.16426,-0.27532,-0.75638,0.25052,-0.62542,7.3568,3.441,2.3042,2.2231,0.55352,0.39113,-0.24843,-0.36465,-0.90097,9.0778,-1.4158,0.88384,1.8486,0.40199,1.2596,-1.6067,0.94581,-0.042922,-9.0984,-1.2777,-2.0165,-0.26118,0.21067,-1.2743,0.81699,-0.49038,0.30682,-8.5672,1.992,0.4569,0.52279,0.15952,-2.1781,0.93357,0.91247,-0.25229
3,10.954,0.90407,-0.38436,0.47198,0.0602,-0.1065,-0.93855,-0.034547,-0.44777,0.066834,8.9234,4.8993,-0.012697,0.22398,-0.93769,0.63699,-0.11083,0.2561,-0.16068,-5.9242,8.3966,0.1814,0.77135,0.40573,0.44384,0.44228,-0.55078,-10.434,4.1427,-0.8273,-0.45243,0.61487,1.1004,0.49945,-0.70969,0.099619,-8.8376,-1.429,-1.7548,0.026955,0.19779,-0.020549,0.82294,0.52453,0.050136
3,8.4881,-4.071,0.7454,-0.015832,-0.083033,0.08828,-0.84819,0.18599,-0.47449,7.2919,0.59363,6.4381,0.10438,0.29793,-0.10127,0.068744,-0.43513,-0.33462,6.1593,-5.3362,4.5528,0.41665,-0.06331,0.20666,-0.25157,0.48383,-0.62069,-8.8947,0.050871,-1.7158,-0.21859,-0.18294,-1.0435,0.90754,-0.056444,-0.30533,-8.2011,-0.98036,-2.2654,0.12051,0.32004,-0.94238,0.74753,0.34955,0.66255
1,6.8769,-0.82803,1.8081,0.70759,-0.077869,-0.28103,-0.72885,0.062885,-0.52485,6.4531,3.4006,0.85374,1.1341,0.21543,-0.073705,-0.35565,-0.59547,-0.71638,6.8851,-2.7124,1.7137,0.7039,0.75591,1.8747,-0.63384,1.2749,-0.64843,-8.7772,2.3439,-1.3769,-0.069098,0.23803,-1.0203,0.74948,-0.37635,0.28401,-6.4328,3.2419,-0.85972,0.015678,0.4455,-1.2764,0.69314,1.0247,-0.1415
4,11.877,-4.3989,0.093019,4.0758,-3.3639,0.59411,-0.69489,0.15945,-0.67325,-11.246,18.363,-8.781,1.5105,-0.59032,-3.0873,-0.22104,-1.3361,-0.10473,0.001773,-14.166,7.5237,0.71911,0.67225,1.1508,0.3675,0.32582,-0.81557,-13.677,-1.4679,0.13735,-1.7113,1.1533,-1.1326,0.55023,-0.24524,-0.18235,-18.269,-0.80421,0.71695,-0.45336,0.65511,-3.3553,0.39493,0.41536,0.1339
7,8.7481,-0.73879,3.9761,-0.15523,-0.76973,-0.055896,-0.5923,0.053402,-0.8294,-1.34,-1.2305,8.3619,0.33563,-0.86073,0.31369,0.54236,0.40909,-0.70142,-3.3258,1.5209,7.8392,-0.40092,-0.95406,-0.48529,0.61729,-0.43578,-0.61812,0.71524,9.0815,1.0994,-0.2149,-0.062535,0.48316,-0.579,-0.76018,-0.21232,1.4295,-9.3294,-0.73188,-0.22554,0.098781,-0.5139,-0.65897,0.7241,0.084743
8,0,0,0,0,0,0,0,0,0,0,0,0,0,0,0,0,0,0,0,0,0,0,0,0,0,0,0,0,0,0,0,0,0,0,0,0,0,0,0,0,0,0,0,0,0
1,7.7655,1.8581,-0.65626,-0.55952,0.58816,0.11415,-0.75038,-0.12214,-0.37239,7.6788,4.4822,3.699,0.12855,-0.12568,-0.039771,0.83861,-0.24673,-0.11077,7.4414,2.8559,0.9358,-0.040092,0.53398,0.15191,-1.4095,-0.007368,-0.65883,-11.381,-1.5008,-2.5685,-0.27376,-0.15698,2.4605,0.72586,-0.48924,0.26623,-9.1477,-2.2111,-0.3403,-0.69527,-0.20033,1.3787,0.9175,0.68679,-0.058201
0,13.409,-0.34754,2.1609,-0.35726,0.28476,-0.67175,-0.74762,0.02522,-0.62511,12.203,3.4485,0.17632,-3.2626,-1.156,0.73249,-0.42237,-1,-1.5253,11.2,-2.8157,1.2303,-0.43081,-0.3775,-1.7452,-0.65503,1.0031,-0.30766,-13.638,5.8741,-0.68193,1.5501,-0.45526,1.0535,1.0727,-0.040043,0.31158,-15.602,-8.1791,5.6287,4.216,0.95748,-0.003134,0.86496,0.90677,-0.41265
3,-10.061,10.08,6.8352,-0.15958,-0.79232,-0.099263,0.4264,-0.22941,-0.88483,3.6789,9.7304,-5.2394,0.063312,0.58246,0.099435,0.91352,-0.43781,0.54322,3.4704,-9.6881,6.6386,-0.12408,0.012595,-0.25074,-0.037699,0.57374,-0.49672,-10.907,0.9724,2.2867,1.3448,0.7593,-0.61468,0.62777,-0.51924,-0.52327,-16.077,-1.5449,0.14443,-0.038241,-0.37174,0.32311,0.71353,0.32805,0.64497
8,24.449,-0.1824,1.5611,0.61277,1.1123,-0.1988,-0.76501,-0.38527,0.20685,23.958,2.3934,2.2241,-0.39151,-0.37341,-1.6125,-0.69513,-0.051662,0.39107,21.126,0.033957,-2.1589,-2.9887,1.5756,1.7556,-0.57611,-0.37284,-0.09622,-26.958,8.928,-4.7192,-1.2803,-0.76724,-1.4628,0.49821,0.0253,-0.37121,-24.943,-7.0702,-5.9662,0.9748,-0.24576,1.4525,0.41422,-0.23046,0.53419
7,8.7419,0.78193,5.3894,0.51969,0.65595,-0.072075,-0.70297,-0.035736,-0.77124,-3.4293,-0.98094,9.4043,0.18288,0.22266,-0.9507,0.57944,0.21153,-0.69454,-2.7575,0.030629,9.7341,0.37359,0.59053,0.7798,0.33905,-0.4352,-0.72291,0.042509,9.9481,-0.35209,0.25285,0.065153,0.40426,-0.51995,-0.75524,-0.11729,0.80344,-10.083,-1.4274,0.069335,0.086658,-0.55044,-0.52712,0.74118,0.20235
3,12.636,-0.25241,1.1103,0.42762,0.069751,0.46549,-0.81204,0.034248,-0.53178,-1.6184,5.2614,8.399,0.51742,-1.3256,1.2906,1.1087,0.27731,-0.26674,-0.052917,-3.2138,10.139,0.36567,-1.5543,-0.20787,0.38205,0.1263,-0.62507,-8.9806,4.9643,-0.49889,0.91081,0.012248,-1.6777,0.61174,-0.69569,-0.054788,-11.433,1.043,-0.33767,-0.96671,-0.079558,-0.25892,0.74707,0.37469,0.44995
2,5.2453,-0.33789,1.6964,-1.2212,0.70475,0.12206,-0.66866,0.11178,-0.59428,8.2732,3.5198,-5.1852,-0.42504,-1.9359,0.027081,0.21254,-0.70632,-0.074083,-5.8206,-4.136,2.1254,-0.3919,1.4886,-2.0218,-0.03547,0.92563,-0.43282,-1.69,-12.446,2.0294,-0.92146,0.14467,-0.50994,0.39457,-0.69633,0.31782,-6.6645,-10.799,-5.6328,-1.4877,-1.2103,1.6533,1.1487,0.43463,-0.12028
4,-0.33034,-2.8145,-3.0251,4.2722,-0.059033,0.42743,-0.82742,0.33552,-0.51746,3.9434,11.225,5.7815,3.8541,0.10303,-3.7318,-0.30703,-1.3483,-0.20547,-8.4503,-3.3488,5.2683,1.8202,1.0479,4.656,0.20819,0.37037,-0.73388,-8.9616,10.4,-1.4917,-2.3861,1.1385,-0.35151,0.51359,-0.22821,-0.20222,-8.2901,-6.0695,2.4072,-0.4781,1.1711,-1.6321,0.50809,0.31873,0.13754
0,11.17,-0.76884,3.1205,0.55737,0.32631,0.12658,-0.73982,0.15601,-0.65691,3.4465,10.001,-0.24828,-0.016386,-0.20293,0.69525,-0.45527,-0.61763,-0.42147,5.3101,-5.1606,7.5854,0.10193,-0.52295,-0.80277,-0.18693,0.72931,-0.87116,-10.678,5.5072,1.012,1.3691,-0.88039,0.689,0.8946,-0.30891,0.10652,-8.6679,4.0207,-2.5869,1.3799,0.16426,0.71796,1.0117,0.48273,-0.1052
1,7.5667,-1.3263,1.5131,0.27141,-0.77684,-0.21222,-0.92031,0.08668,-0.47201,5.979,1.8872,3.2958,0.58819,-0.10977,-0.002791,-0.046249,-0.32112,-0.89274,6.643,-2.4437,0.35561,0.32694,0.34805,0.89854,-0.69004,1.2902,-0.031477,-9.0653,-3.7409,-2.8853,-0.025921,-0.2332,-2.0019,0.74034,-0.13566,0.43901,-5.2351,1.1528,-2.7039,-1.014,0.61941,-1.3748,0.72963,0.89171,-0.32886
8,31.612,-2.3416,11.234,0.040377,0.2659,-0.0159,-0.45383,-0.008289,-0.64695,37.143,4.5757,1.3361,1.7365,-0.45541,1.01,-0.51853,-0.3906,-0.32586,34.35,-5.3489,0.56754,-0.24707,0.088833,-0.25914,-0.48755,0.29516,-0.45046,-30.915,-10.837,-1.8831,0.2329,0.12761,0.12747,0.58458,-0.39108,0.000992,-29.941,11.971,-3.2915,-0.035862,0.062885,0.022055,0.59163,0.30691,0.29062
6,8.793,1.3422,3.3743,-0.26945,0.047429,0.37922,-0.82129,0.24896,-0.014994,2.4334,5.1006,7.3017,-0.16267,-0.056817,0.1546,-0.51982,-0.12436,-0.60009,3.7534,-0.19375,8.8381,-0.15803,0.34401,0.32138,-0.60305,0.44424,-0.48847,-0.57461,4.9672,-1.2246,0.31426,0.15663,-0.011804,0.4669,-0.53261,0.33095,-7.1036,-5.5868,-6.9155,0.45048,-0.047711,0.22118,0.62346,0.38433,0.001102
6,9.4359,-1.4456,2.25,0.1889,0.034778,-0.2862,-0.90741,0.33609,0.21807,2.7174,1.2426,9.4574,0.070005,0.080532,-0.093925,-0.85944,0.0182,-0.719,0.95796,-1.5317,9.6181,-0.018268,-0.17285,-0.1821,-0.51528,0.60613,-0.73516,-10.437,9.3137,-4.8706,0.67337,-0.34212,-1.6075,0.62324,-0.12788,0.31134,-5.7511,-7.4444,-2.796,0.52048,0.21238,-1.6217,0.61057,0.55714,-0.15928
7,8.861,-0.60803,-3.6005,0.20827,-0.14493,-0.21784,-1.024,-0.022557,-0.080307,-6.4132,3.5919,7.0467,0.16118,0.79742,-0.45947,0.80793,0.019909,-0.43799,-5.9266,0.047565,8.8554,0.17459,0.31441,0.02924,0.6222,-0.23524,-0.60482,-1.0812,9.365,-1.4704,-0.11851,0.16051,0.20151,-0.45971,-0.79366,-0.017123,-0.91101,-9.193,-1.34,0.15629,0.067577,-0.17328,-0.46564,0.76043,0.26069
4,8.3848,2.3201,0.18426,-0.98352,-0.049972,-0.21271,-0.82074,-0.23491,-0.30543,-6.268,6.9638,4.997,0.33992,0.26118,-1.9293,-0.11378,-0.62814,-0.7902,2.0994,-7.499,6.3836,-0.043481,0.8595,1.5985,0.13136,0.59545,-0.9273,-13.178,-2.4221,-1.9843,-0.82365,0.09661,2.4478,0.63122,-0.25172,-0.04476,-11.419,-1.6341,-1.5731,-0.15409,-0.43878,1.6033,0.53949,0.27763,0.26255
7,9.056,-1.566,4.5257,-0.016769,0.096794,-0.086793,-0.62599,0.17006,-0.80544,-3.4006,-2.4654,7.5926,-0.3262,0.054337,0.21233,0.63719,0.61223,-0.45515,-6.4212,3.1978,5.2229,0.37694,-0.078781,-0.091131,0.76115,-0.53801,-0.38595,-1.694,10.332,0.54059,-0.12513,-0.057488,0.50688,-0.40951,-0.86341,-0.20264,-0.46871,-9.8162,-0.96688,0.11694,0.054122,-0.52129,-0.50673,0.835,0.12317
3,20.226,-1.7151,3.1606,-0.072896,0.46746,-0.1692,-0.71951,-0.18561,-0.59552,3.5307,6.4187,9.8233,0.80052,-0.95876,-0.067097,0.030811,-0.88947,-0.71956,6.0204,-6.8228,5.7147,0.17866,-0.04418,-1.0143,-0.13059,0.43565,-0.53581,-13.829,1.3062,-2.0401,0.021183,-0.34809,-0.27878,0.79632,0.008604,-0.46009,-10.814,-1.8607,0.43689,-0.82672,0.08674,1.4362,0.72601,0.81641,0.013605
2,10.331,-1.9206,-9.3798,-0.89473,-3.7156,-0.21095,-0.90963,0.27308,-0.49238,3.2761,6.6814,-1.3317,-0.33002,0.14719,-1.7787,-0.68834,-0.55102,-0.29685,2.3371,-6.7632,4.1524,0.30792,-1.4292,1.8134,-0.16219,0.82142,-0.8834,2.3665,-46.964,-12.226,0.28744,0.69342,-0.44489,0.4986,-0.74434,-0.10781,-24.281,-1.7418,-2.527,-0.55032,1.7723,-3.5718,1.0659,0.36707,-0.007824
3,7.5749,-0.2796,1.4294,0.22695,0.19263,0.10399,-0.7167,-0.010728,-0.62946,2.8037,5.1989,6.2529,-0.2095,-0.70847,1.0542,0.73811,-0.26097,-0.30635,3.0103,-4.8182,7.8436,-0.20307,-0.78842,-0.082554,0.036304,0.228,-0.72391,-8.1037,2.778,-4.1705,-0.11988,-0.39887,-1.4555,0.84008,-0.36378,-0.21417,-8.0749,-6.4729,-0.33855,0.16746,0.17791,-1.1548,0.79469,0.43137,0.37743
1,8.1022,1.3116,3.4243,-0.6154,0.11986,-0.31072,-0.81675,-0.12902,-0.71865,10.679,2.0157,2.2748,-0.33516,1.5405,-1.8139,-0.8138,-0.74677,-0.036899,9.5132,-3.4034,2.8519,-1.2873,-0.19919,-1.4653,-1.9296,0.82995,1.053,-14.295,-4.9989,-2.5212,-0.32685,0.02306,2.2097,0.53157,-0.29609,0.14073,-10.096,-0.47267,-2.6121,-0.34045,0.14375,2.0604,0.3579,0.56956,0.11121
1,12.131,0.69119,3.2073,-0.28384,0.065123,-0.000658,-0.696,0.18748,-0.51472,-1.4835,8.6953,5.4603,-0.085415,0.80196,-0.36036,0.11753,-0.15983,-0.6238,-0.87409,-6.4014,7.7345,0.00923,0.2678,0.74152,0.56938,0.78558,-0.61961,-6.462,3.8348,-3.2244,-2.5831,-0.28144,-1.2231,0.1522,-0.82523,0.38209,-11.837,-2.884,-1.3523,-0.26007,0.39341,1.1588,1.1001,0.26403,-0.082863
6,9.2333,0.2633,4.8541,-0.32019,-0.19205,0.14424,-0.88505,0.46032,-0.12082,-1.439,5.9908,7.8779,-0.089477,-0.11464,0.19914,-0.42493,-0.21252,-1.0077,0.98095,-6.172,7.7357,-0.13545,0.070125,0.076575,-0.52384,0.75353,-0.41274,-10.483,8.5522,-0.65689,-0.27123,-0.28305,1.827,0.57386,-0.37851,0.32747,-6.7329,-6.9456,0.11963,-0.70619,-0.35951,2.31,0.43555,0.65661,-0.39041
2,23.339,-2.5091,-1.107,2.4414,-0.008342,0.69541,-0.76863,0.077095,-0.50055,8.4494,23.844,-16.071,1.9404,3.9353,1.0656,-0.056895,-0.69121,-0.15761,11.249,-30.605,-0.20334,2.77,-2.773,1.2892,-0.006943,1.1559,-0.32715,-16.327,-15.206,-2.8535,-0.095869,-0.020918,-2.9944,0.43244,-0.64453,0.33338,-23.951,-0.34159,0.8686,-2.1207,1.5479,-3.1926,1.0634,0.53929,-0.068405
4,10.777,2.0866,3.8156,-3.4557,-1.7386,-0.073445,-0.70041,-0.3901,-0.40048,-3.8035,7.8527,3.6671,-1.5728,-1.0895,-1.1308,-0.0343,-0.62614,-0.48614,2.9832,-6.4223,7.54,-0.19113,0.99685,2.3576,0.13208,0.44268,-0.95861,-11.941,-4.2224,-2.6617,1.0514,0.25995,1.6248,0.5059,-0.10674,-0.14146,-12.623,0.79378,-0.48346,1.0954,0.13595,1.5894,0.52614,0.39991,0.15887
7,10.172,0.98564,0.3717,-0.43682,0.76181,-0.16086,-0.60011,-0.1992,-0.71902,4.8851,8.4501,-0.25806,0.78303,-0.065596,-0.11969,0.4165,-0.84424,-0.057717,6.3809,-2.0945,7.281,-0.48235,0.073053,0.17785,0.24314,0.046117,-0.92466,0.83876,8.0327,3.903,-0.099364,0.10872,-0.48762,-0.67065,-0.57395,-0.39105,-0.79975,-9.0733,1.7275,-0.082116,0.056686,0.47417,-0.54288,0.80227,-0.08089
7,5.949,-0.88816,6.9478,0.14345,-0.17642,0.006248,-0.17593,0.021761,-0.94537,-9.2648,1.6357,5.8542,1.0802,-0.20579,1.4626,0.94613,0.13573,-0.1522,-7.4043,0.7653,7.9429,-0.30681,-0.21288,-0.73923,0.77026,-0.34106,-0.45336,-0.20759,9.9474,1.0391,0.16149,0.045939,0.43973,-0.42512,-0.8076,-0.28236,1.6121,-9.7713,1.6408,-0.082674,-0.13472,-0.36353,-0.58979,0.76092,-0.10053
6,10.585,1.7809,2.2755,0.00545,-0.48261,0.19701,-0.81464,0.13054,0.25705,-1.0419,5.537,8.0098,-0.13829,-0.17928,0.018038,-0.28065,-0.25568,-0.67841,1.8559,-1.7368,9.5803,-0.073754,0.18631,0.11907,-0.53742,0.43225,-0.55446,-10.215,5.358,-3.6505,-0.35656,0.73182,1.366,0.5778,-0.00187,0.23704,-5.5645,-6.2879,0.45996,-0.44648,-0.002639,2.2746,0.60168,0.42969,-0.23427
4,6.201,0.8282,1.7416,-0.42486,0.025705,-0.14121,-0.72854,-0.18541,-0.5257,-7.0592,6.4921,3.1612,-0.2039,-0.09912,-1.7513,0.08316,-0.65895,-0.34608,-1.0522,-5.4326,7.3742,0.23048,1.2954,0.66809,0.42939,0.51845,-0.86972,-8.8405,-1.4474,-0.48516,0.95854,0.42741,1.9924,0.62461,-0.23466,0.031386,-8.5603,-2.5093,-0.875,0.12391,0.10632,1.5156,0.44257,0.45581,0.10033
9,7.3791,0.58658,1.8427,-0.23782,0.23569,0.58362,-0.71101,-0.25901,-0.059398,-3.2905,1.9188,-6.4204,-2.9568,-3.1114,-2.2052,-0.010021,-0.69009,0.1748,7.6295,0.34712,6.8978,1.3216,-3.2801,-1.3189,-0.67987,-0.2907,-0.47048,-5.1091,-5.1022,-4.2983,-0.71877,0.57641,0.38253,0.76907,-0.024485,-0.15468,-11.278,1.0278,0.50042,-0.52098,0.17093,1.6181,0.63125,-0.063044,0.38762
1,6.2753,-0.22605,6.0971,0.20861,-0.29884,-0.078382,-0.62035,0.18896,-0.72895,1.0256,9.1117,1.5112,0.63103,-0.52782,-0.25607,-0.1762,-0.46175,-0.50739,2.2088,-7.2007,9.5404,0.51595,-0.18024,0.67848,0.16537,0.71536,-0.8431,-6.8076,-5.5807,1.549,-1.6492,-0.62962,1.5898,0.34713,-0.82476,-0.10405,-10.751,3.3543,0.40809,-1.124,-0.1057,1.0821,1.0681,0.41569,-0.038565
4,10.605,-0.42822,4.0085,1.2718,-0.21167,0.22556,-0.76524,-0.15165,-0.48161,-3.1629,8.6739,4.8944,1.0219,-0.28003,1.0246,-0.20932,-0.6334,-0.49482,0.76401,-6.8541,6.3456,-0.38775,-0.22022,-1.3224,-0.04134,0.45212,-1.0609,-11.822,0.22159,-2.0981,0.18079,-0.082337,-1.0217,0.65952,-0.12039,-0.038172,-9.8681,-4.6296,0.145,0.76293,0.033593,-0.45563,0.40731,0.40674,0.14711
5,8.413,-1.4095,3.5443,-0.151,-0.34142,0.047658,-0.61756,-0.095494,0.099609,6.7458,5.3734,4.8525,0.007781,-0.11613,0.025959,-0.88598,0.036028,-0.23963,5.6361,-6.0058,5.2641,0.042894,0.077833,0.004977,-0.80997,0.19382,-0.6369,2.5293,4.3846,-0.54312,1.4943,0.66634,-1.8425,0.35302,-0.55212,-0.21989,-1.3247,-13.016,-2.8925,2.0077,0.020097,-1.2894,0.3182,0.42113,0.26038
0,7.6349,0.074649,2.3184,-0.31065,-0.12939,-0.36981,-1.0049,0.065647,-0.6597,3.463,7.2083,5.4171,0.050372,0.48841,-0.15278,-0.42493,-0.59242,-0.80206,2.6962,-6.5244,6.8668,0.16329,0.046481,0.058678,0.080434,0.94858,-1.0311,-9.3572,-1.0496,-0.7696,0.55926,0.21294,-0.76692,0.40889,-0.55151,0.35263,-8.6389,1.8407,-0.90751,3.3145,0.31496,-0.92785,0.28734,0.70959,0.21749
7,8.6755,-0.97189,4.7181,0.033532,-0.47909,0.050289,-0.68784,0.030664,-0.7885,-6.8021,0.63672,7.1844,-1.0858,0.075546,0.13941,0.7013,0.16558,-0.58016,-5.5374,3.7001,8.987,1.023,0.041461,-0.14125,0.46189,-0.58997,-0.50971,1.3409,8.2531,-0.71101,0.40367,0.1233,0.91193,-0.59659,-0.70094,-0.11634,1.4311,-9.1565,-0.16499,0.10837,0.35285,-0.7912,-0.60301,0.68793,0.15538
8,13.907,-2.6367,4.2768,-0.11326,1.1692,0.037472,-0.92477,0.39472,0.2075,30.252,7.4577,-2.8843,2.4901,-1.04,3.1136,-0.95875,0.19309,-0.11212,31.407,-6.0739,-1.2435,1.0161,-0.43411,-2.3051,-0.88916,0.24865,0.36866,-15.81,1.5869,12.844,5.5192,-5.4088,0.24436,0.77044,0.23228,0.56546,-11.881,14.328,4.9806,0.94855,2.6636,0.4086,0.83346,-0.074325,-0.50126
1,6.9725,-4.0628,6.5675,-0.96221,-0.938,-0.2212,-0.576,0.35209,-0.74315,1.1103,10.458,1.4612,-1.1611,-0.31316,-0.43071,-0.087202,-0.46753,-0.49438,0.5263,-5.6318,8.3037,-0.19125,0.32691,0.2421,0.23025,0.70607,-0.86131,-10.413,-1.8575,-0.29931,1.0937,0.36403,-0.76751,0.79571,-0.50565,0.14801,-7.1353,6.0183,-0.76233,1.5818,-0.51711,0.51002,0.5726,0.80756,-0.10435
9,7.5211,-2.6057,4.5174,-0.65147,1.0442,-0.1688,-0.91911,0.21137,-0.18163,-0.44136,9.1571,-1.0964,2.4302,0.24078,1.8461,-0.27204,-0.91285,-0.26166,5.0578,-12.056,4.3582,-1.7078,0.16944,-2.0148,-0.46636,0.71791,-0.42923,-7.3879,1.1949,-4.5792,0.073465,-0.35181,-1.0345,0.87367,-0.26383,0.39714,-7.6078,-3.3699,-0.11534,-0.92176,-0.022483,-1.6421,0.84553,0.6003,-0.1682
4,8.5127,-2.5803,-1.318,0.312,0.13066,0.30199,-0.84748,0.17616,-0.40649,5.1043,5.7811,3.8121,-0.65104,0.13737,0.10928,-0.44999,-0.76547,-0.59853,0.81062,-7.943,6.5572,0.219,0.52789,1.6454,-0.16766,0.50249,-0.63682,-7.7049,4.4051,-3.4175,0.34647,0.02721,-0.89407,0.51249,-0.37073,-0.00013,-9.3702,-1.0665,0.5698,-0.90861,0.038806,-1.1942,0.62273,0.25473,0.12298
6,9.5165,1.3423,0.19177,-0.4515,0.16195,0.40317,-0.77751,0.24543,0.29832,-0.27675,4.8016,8.6047,-0.16372,-0.32487,0.032942,-0.35601,-0.2031,-0.68312,1.6448,-0.96226,9.2977,-0.26061,0.31032,-0.073396,-0.45018,0.50544,-0.5655,-7.2772,8.5814,-3.8317,0.083546,0.451,2.1185,0.5713,-0.30046,0.34119,-7.6648,-6.8259,-5.6718,-1.178,-0.82147,1.472,0.60049,0.46831,-9.8e-05
2,0.39462,-2.7211,-1.8026,-2.8946,-1.1325,-0.30057,-1.1365,-0.007595,-0.45046,-7.4557,-1.5653,0.75923,-0.19786,-1.7077,-4.0513,0.27603,-0.82056,-0.31143,11.662,-9.2237,2.3148,0.7627,-0.85004,-3.342,0.8529,0.045533,-0.87776,-2.8362,4.0684,-1.1355,1.7996,1.1305,2.5243,0.6594,-0.24226,0.39932,-7.1526,-20.048,7.6216,3.6466,0.77802,-0.12857,0.45269,0.62258,0.14965
2,-2.5126,1.1552,-1.3202,-0.11143,-0.33577,-0.15466,-0.85603,-0.025005,-0.51093,-5.4225,2.8382,0.4334,-0.24258,-0.53404,-1.2698,0.11707,-0.77181,-0.25222,5.1346,4.5369,-0.71973,0.10228,-0.044395,-3.0651,0.30878,0.97291,-0.37707,-5.4374,4.0811,3.1733,-1.4898,-0.25372,2.0591,0.76554,-0.079523,0.44024,-7.2347,-10.107,2.119,0.79138,-1.4893,-1.8518,0.92827,0.65763,-0.26034
3,8.2149,-0.53785,-1.3808,0.002842,0.007593,0.34117,-0.9472,0.07307,-0.4074,1.4213,8.0149,4.4546,0.35418,-0.44768,1.4727,0.67853,-0.22728,0.15254,1.2721,-6.0163,6.3397,-0.21777,-0.62624,-0.38315,0.45427,0.54486,-0.51024,-6.9133,6.9947,-0.6153,-0.78983,-0.40082,-1.5218,0.37712,-0.7982,0.12434,-8.1727,-1.0873,-1.2763,-0.32191,-0.064233,-0.15726,0.83474,0.52852,0.037039
0,9.2416,-0.49466,4.6613,-0.2092,0.093591,-0.078184,-0.80062,-0.0585,-0.92041,9.4084,2.8228,3.7906,-0.35029,-0.028554,-0.26315,-0.81531,-0.66968,-0.22671,8.361,-1.6261,2.7603,-0.25908,0.034161,-0.81581,-0.63696,1.062,-1.1875,-10.477,0.49451,-2.5183,0.71093,-0.046013,-0.91271,0.62019,-0.35338,0.36561,-9.0076,-7.1356,-9.1365,-1.9143,0.93834,1.4504,0.25861,0.66026,0.43892
6,9.1151,-0.44359,1.9962,-0.67109,0.2059,0.44095,-0.80781,0.19147,0.24141,-1.2e-05,5.4571,8.4317,-0.28737,-0.24976,-0.10082,-0.33558,-0.19187,-0.67397,0.74726,-1.8231,9.5358,0.02809,0.21626,0.20195,-0.46328,0.47131,-0.58581,-8.2617,6.8046,-5.1884,-0.83119,0.53479,2.2507,0.5808,-0.21484,0.3218,-13.176,-8.6625,3.9558,-0.38412,-0.28728,2.9753,0.64866,0.11124,-0.28383
3,8.4208,-0.4065,-0.71223,0.42942,0.16195,0.15938,-0.81501,0.077951,-0.42703,6.767,5.5089,3.9859,-0.13279,0.36926,-0.064304,0.097765,-0.37958,-0.1414,5.6798,-6.0433,5.1607,-0.041767,0.023289,0.50899,-0.14055,0.48707,-0.65478,-7.1365,3.2422,-1.7157,-0.18203,-0.010599,-0.9488,0.65308,-0.60414,0.19889,-8.7356,-3.4712,-1.0713,-0.14788,0.28382,-1.4359,0.74543,0.53095,0.18515
8,1.3558,-0.23877,1.5239,0.007692,-0.43486,-0.12698,-0.39245,-0.0749,-0.6939,1.7531,0.24633,0.41813,0.34892,0.20176,-0.52083,-0.43126,-0.533,-0.24233,2.1055,-2.4263,1.956,0.38229,0.1259,0.13379,-0.41314,0.42373,-0.43301,-5.2242,3.0086,7.0091,-0.56501,-0.066197,1.7061,0.59111,-0.37847,-0.00439,-0.93312,-3.7542,1.1085,-0.013362,0.063444,-1.1506,0.5885,0.29361,0.30654
0,9.8102,0.14385,4.866,0.24324,0.032728,0.14059,-0.78864,0.035841,-0.93117,9.0784,2.3252,2.4041,0.65536,-0.26001,0.68159,-0.63632,-0.77892,-0.76875,10.954,-3.9038,3.93,0.72103,0.021408,0.2721,-1.2994,1.3861,0.85646,-2.5556,-9.6602,-4.1034,-2.3554,-0.22812,-0.27943,0.14202,-0.82638,0.036259,-10.502,1.4125,-3.9587,-1.5482,-0.022623,0.39429,0.78305,0.18761,0.30244
8,1.7542,0.31556,1.4286,0.002933,-0.89104,-0.16476,-0.74689,-0.30745,-0.29013,0.92387,0.78539,-0.043175,0.36303,-0.15596,-3.4103,0.007982,-0.71806,0.37872,0.35165,-0.75431,0.21052,-1.7226,0.8063,0.77539,-0.4412,0.046273,-0.64789,-0.14151,2.5175,0.48571,-0.1913,0.64357,-0.045648,0.47219,-0.27736,-0.5086,0.33762,3.8702,-1.2088,-0.44945,0.41528,0.20854,0.46937,0.16321,0.60903
0,10.119,0.023026,1.2734,-0.354,0.86445,-0.47399,-0.7359,0.12995,-0.64369,12.532,4.4934,0.64509,-1.7663,0.51571,-1.3219,-0.28036,0.019635,-1.3442,10.505,-0.58371,2.7898,-0.7499,-0.19673,-1.1676,-1.2624,0.69829,-0.1719,-11.467,-6.6892,-0.39898,0.8567,0.59763,2.232,0.89564,-0.24488,0.31108,-10.638,-1.0924,-0.5568,-0.81493,0.27014,1.1833,0.95033,0.76497,-0.29206
6,9.9821,-0.57315,0.20901,0.021409,0.14172,-0.069421,-0.77806,0.00145,0.37535,2.0694,1.3472,9.2863,0.021015,-0.028097,0.096726,-0.48142,0.064942,-0.61074,0.36023,-1.0349,9.7198,0.018044,-0.093008,0.16074,-0.41831,0.45275,-0.63104,-0.25502,0.76606,-0.11612,1.337,0.76291,-1.1185,0.6949,-0.3089,0.15704,-6.8695,-9.9236,-1.4981,1.2048,0.055359,-0.9433,0.63341,0.32904,-0.2002
3,17.929,-1.662,3.9177,-0.093167,-0.6886,-0.40144,-0.77116,-0.003402,-0.59899,-3.5896,8.9185,8.2629,-0.30161,0.37259,0.033407,1.1019,0.52596,0.044376,-1.6273,-4.5307,9.9281,-0.2097,0.17226,0.16539,0.3467,0.00181,-0.62989,-6.7907,-1.6497,1.3006,-1.1791,0.39595,-0.033556,0.63331,-0.73325,-0.08336,-16.098,-1.4096,-1.992,0.65163,-0.32426,0.55892,0.73752,0.4005,0.423
7,10.095,-0.13581,-3.2176,0.15732,0.40237,-0.002379,-0.96403,-0.065657,-0.27967,7.1166,0.040903,4.9809,0.5418,0.32246,0.1217,-0.099937,0.11012,-0.93055,7.5045,-1.1572,5.8494,0.27212,0.35312,-0.04977,-0.052895,-0.025172,-0.93893,0.80988,8.1886,1.2524,0.41645,0.13031,-0.89304,-0.52361,-0.77564,-0.27754,1.2276,-9.0765,-0.34458,-0.061086,-0.10457,0.81766,-0.61428,0.76307,0.059802
9,9.2202,-1.6157,0.8092,3.4451,-0.36172,0.61888,-0.74757,0.34084,-0.094107,11.841,2.4094,-0.90112,5.3198,2.0112,1.0269,-0.73202,-0.18325,-0.26463,18.21,-8.7914,3.091,3.5861,-7.6578,-1.4821,-0.4542,0.50363,-0.55311,-9.0837,2.1723,-3.5475,-1.7742,-0.28103,-0.67079,0.71104,0.064123,0.45387,-9.1432,-1.6635,0.33323,-2.6684,-0.61217,0.40325,0.75196,0.032273,-0.34329
3,8.6501,-0.16223,-2.1452,-0.073991,-0.51902,0.29551,-0.89755,-0.1165,-0.30538,5.7803,7.2462,2.9325,-0.25566,0.065702,1.0769,0.44975,-0.57105,-0.129,7.5607,-2.9127,5.3248,-0.56236,-0.44589,-0.1461,-0.31179,0.26093,-0.63614,-8.436,3.3983,-1.8599,0.052586,-0.034979,-1.294,0.79536,-0.48137,-0.18173,-9.4719,-0.57202,-1.4088,0.048045,-0.026213,-0.33801,0.74032,0.14584,0.63809
3,17.035,0.79632,2.1679,0.72599,0.2413,0.24479,-0.8434,-0.017553,-0.51929,-0.90698,6.8412,9.4737,0.43826,-0.47116,1.3431,1.0924,0.2685,-0.17451,-0.14241,-4.3468,10.655,0.23089,-1.2304,-0.32583,0.32072,0.16703,-0.59558,-13.169,8.0303,-2.2896,0.67944,-0.030075,-1.2327,0.69892,-0.65597,-0.079918,-12.114,-1.7162,-2.9416,0.070976,0.11329,-0.15036,0.76084,0.34456,0.44468
7,6.325,0.98166,6.7801,0.53399,0.97383,0.15274,-0.30337,-0.14327,-0.90491,-3.1327,2.1875,9.4911,0.1278,-0.028393,-1.4552,0.62096,0.17488,-0.72658,-1.0342,-1.8441,11.317,-0.025757,0.24808,1.8574,0.40086,-0.19311,-0.84805,-3.1397,6.6353,1.804,0.46789,-0.18821,0.17988,-0.20947,-0.88119,-0.31124,-3.0946,-7.1073,1.9415,-0.25138,-0.55072,-0.046865,-0.26181,0.93047,-0.074951
8,10.576,-0.3792,2.5308,-0.11951,0.025568,0.025023,-0.76508,-0.33199,0.2254,10.181,3.8249,1.3444,0.07721,0.15002,-0.57081,-0.67183,0.00418,0.406,11.478,-2.3399,1.5799,1.0914,0.47973,0.41343,-0.55876,-0.38011,-0.0589,-12.43,3.3137,-1.6357,0.31853,1.0264,1.101,0.50167,0.069379,-0.38857,-9.8493,-3.4596,-2.0125,-0.13394,0.63726,-1.0177,0.44264,-0.3095,0.47926
2,1.0086,-0.75953,-0.1569,1.299,-0.11484,0.2151,-0.85469,0.14908,-0.53789,8.7119,3.8162,-0.11944,-0.36221,0.79858,2.166,0.11493,-0.67826,-0.47657,-3.9732,-0.52083,0.46736,0.036591,-1.1701,1.3992,0.063575,1.199,-0.13824,6.7616,-21.283,14.296,-0.30293,0.028203,0.10605,0.59969,-0.45398,0.46507,-3.2456,0.76292,2.9329,-0.061861,-0.73509,-2.2666,1.0299,0.26466,-0.14253
3,9.545,0.32552,-1.0852,-0.25362,-0.079887,-0.19828,-0.91409,0.023593,-0.50139,-0.062302,8.5769,5.3827,-0.27637,0.45418,-1.516,0.62108,-0.12399,0.32176,-3.3351,-4.1623,7.0709,1.1961,0.67851,-2.437,0.72466,0.058081,-0.53498,-10.416,-4.7308,-0.39742,0.51847,0.3929,0.032015,0.7212,-0.4211,0.10881,-8.1409,-5.5671,-2.6074,0.47021,0.72423,-1.0838,0.39594,0.76356,0.23952
9,14.983,-1.7438,2.6737,0.56463,0.022853,0.22536,-0.72249,0.22487,-0.56416,12.845,21.77,-8.8832,1.9546,2.2751,1.7615,-0.093372,-0.9162,-0.21166,11.96,-16.01,8.5695,0.77555,0.3955,2.9392,-0.19094,0.72797,-0.58465,-18.815,0.11058,-9.832,-1.455,0.43977,-2.5965,0.73852,-0.58376,0.17009,-17.906,5.838,-2.0147,-0.94354,-0.63658,-2.2566,0.87164,0.46951,-0.11146
5,5.5492,1.231,8.3033,0.059728,-0.12652,-0.11199,-0.58361,-0.28341,-0.24768,0.080058,9.4909,3.9369,0.029992,0.039291,-0.012485,-0.25726,-0.50071,0.026862,0.10467,-5.5911,8.7437,0.020327,-0.079998,-0.055459,-0.48231,0.1016,-0.60913,-6.2396,11.068,3.0149,-0.1477,0.35681,-1.9286,0.33927,-0.4224,-0.33835,-1.4933,-7.3039,-3.3028,-0.029097,0.73157,-1.6779,0.24868,0.43817,0.30272
6,7.7825,-1.1545,3.6409,-0.69633,-0.95746,-0.1133,-0.86142,0.51457,-0.07229,-1.8328,4.5523,7.819,0.40797,0.25315,-0.18267,-0.42561,-0.22808,-0.86558,0.84183,-5.1031,9.2519,-0.34365,0.12265,0.3106,-0.35306,0.75557,-0.52078,2.1571,-1.0333,0.6279,-0.008157,0.53366,-0.68883,0.41679,-0.6758,0.2328,-9.1264,-9.8873,-2.7162,-0.36881,-0.30042,-0.46451,0.60429,0.48064,-0.36841
5,9.4096,0.57656,2.7258,-0.16264,0.15948,0.086079,-0.8149,-0.31357,0.052473,-1.45,6.9085,7.0242,-0.068698,-0.027759,0.031142,0.32377,-0.63291,0.029547,-0.034746,0.40287,9.1789,0.009578,-0.023392,-0.072331,-0.61953,-0.1999,-0.61492,2.7671,5.5395,-1.0594,-1.1524,0.86368,2.0477,-0.16077,-0.73178,-0.23629,-1.941,-16.429,-4.6952,-0.48196,-0.094785,1.4236,0.24594,0.34795,0.40815
0,7.107,0.59284,1.7445,-0.29298,-0.4183,0.15963,-0.84889,0.15417,-0.54214,6.8553,1.113,1.614,-0.60724,0.85637,-1.2455,0.033217,-0.062652,-0.70288,6.1953,-1.5467,3.4834,-0.2165,-0.034346,-0.033897,-1.0601,1.0214,-0.32882,-3.5732,-6.185,-2.7989,-1.9473,0.18408,0.47552,0.48152,-0.50579,0.4735,-9.0862,-1.7984,-2.5967,-1.2864,0.02839,1.5736,0.93766,0.40065,-0.10247
9,11.061,-2.524,1.9442,-0.20495,0.26006,0.089753,-0.89423,0.26918,-0.46913,11.174,3.737,1.1339,1.6827,0.42106,2.4197,-0.66744,-0.4909,-0.57787,9.1828,-1.9607,12.003,0.8708,0.60853,1.8786,-0.57825,0.42313,-0.62686,-9.4461,-3.3412,-2.3346,-0.79645,1.043,-0.85635,0.80283,-0.47708,0.20593,-8.4841,-5.2319,-1.5733,-1.26,-0.43734,-1.1893,0.98615,0.31125,-0.23127
4,2.0864,-2.4452,-0.15501,1.0705,0.6424,0.15782,-0.80046,0.34335,-0.55096,5.2528,4.8648,3.3944,-0.19488,-0.068035,-0.87368,-0.47999,-1.4636,-0.2817,-11.518,-8.0426,6.2427,0.88048,-0.78177,2.9241,0.14851,0.52128,-0.60152,-1.2458,0.9348,-3.0968,1.0714,0.19772,-2.0312,0.49193,-0.22566,-0.19232,-6.3271,-3.822,-0.32954,-3.9815,0.8992,-2.4014,0.55765,0.30134,0.14161
3,-8.4632,8.2214,5.1794,0.38987,0.45815,0.00462,0.63208,-0.29058,-0.73539,2.489,10.063,-3.1557,-0.094839,0.24308,0.58517,1.1567,-0.14499,0.44337,2.4891,-7.6937,6.2252,-0.020727,-0.36286,-0.35395,0.06339,0.55305,-0.48724,-8.684,2.2084,1.9234,0.58645,0.33019,-0.56516,0.63731,-0.5289,-0.46396,-12.405,-0.59998,-2.5419,-0.071984,0.13753,-0.17093,0.67057,0.35257,0.64985
5,9.4574,-0.44731,2.1051,-0.17067,0.014153,0.27639,-0.59423,-0.18486,0.16551,2.9621,0.96492,9.1349,-0.10077,-0.054283,0.061707,-0.30382,-0.17522,-0.23629,1.2337,-1.4161,9.3056,-0.1823,0.21857,0.049947,-0.60669,-0.080145,-0.54241,3.9874,4.3259,0.94486,0.48023,0.1639,-0.85589,0.17017,-0.62763,-0.25621,-2.9448,-10.53,-4.4231,0.63664,0.096394,-0.98745,0.42557,0.27484,0.28962
1,5.4914,-0.8266,2.9586,-0.041073,0.15737,0.15139,-0.63545,0.14547,-0.61419,0.56062,7.3337,4.5264,0.12857,0.070109,-0.43638,0.064837,-0.21652,-0.60625,0.89873,-5.9341,6.2786,-0.0039,0.12406,0.57577,0.42469,0.79039,-0.72756,-7.6327,0.1343,-3.3831,0.14957,-0.40704,-1.2136,0.72849,-0.36973,0.45432,-6.3689,0.40927,-2.1741,0.028276,0.2413,-2.3546,0.66489,0.8453,-0.28132
0,7.2402,0.01702,1.2602,0.63399,-0.027285,-0.11869,-0.82995,0.14434,-0.55952,7.6077,-0.3027,3.6954,0.90199,-0.6899,1.0855,-0.0127,-0.37892,-0.6424,8.5512,-1.2312,1.5197,0.44407,0.63409,0.61367,-0.98396,0.97811,-0.084586,-8.9254,-1.3996,-3.1766,1.033,0.050449,-1.6762,0.68716,-0.32118,0.44907,-9.1247,4.1783,-1.3667,1.5199,0.010422,-1.9939,0.9088,0.79925,-0.40721
0,9.677,0.49977,0.87592,-0.83925,0.40803,-0.050242,-0.74593,0.11157,-0.59195,11.296,4.1894,-0.076663,-2.7169,-0.1719,-1.7918,0.18071,0.2161,-1.3858,9.4021,-0.87207,2.4877,-0.56705,0.08316,-0.41472,-1.21,0.51286,-0.14948,-11.293,-6.0558,0.044696,0.63692,0.41697,1.9664,0.89162,-0.26226,0.34897,-9.3678,-1.1321,-1.8838,-0.004368,0.49503,1.1733,1.0708,0.7171,-0.37574
7,7.198,1.0867,6.5706,0.66692,-1.2213,0.15153,-0.44025,-0.20676,-0.83315,0.75407,3.3084,11.329,0.82937,-1.0139,1.5065,0.50279,0.084909,-0.82159,1.4238,-4.9316,10.27,-0.32628,-1.3182,-0.94635,0.32514,0.015453,-0.89228,-3.4887,8.0357,1.7771,0.044758,0.052114,0.0077,-0.16737,-0.90309,-0.2726,-2.7648,-9.1178,1.5678,0.075333,0.12742,0.04248,-0.22373,0.94179,-0.073415
3,10.71,1.6507,0.64639,0.28614,0.41012,-0.32696,-0.94505,0.089219,-0.45198,-0.34079,9.4649,3.4007,-0.32499,0.84154,-2.1261,0.67027,-0.11925,0.27498,-1.1446,-5.4584,7.8931,0.65451,1.4615,0.92058,0.52762,0.53896,-0.49501,-11.036,4.9382,-2.5899,-0.63802,0.71665,1.8251,0.38662,-0.78689,0.13942,-6.7561,-14.586,-5.2142,-0.83988,-0.35969,0.33727,0.90189,0.46795,-0.053937
5,9.7513,-1.7852,2.044,0.023069,0.079785,0.038605,-0.61039,-0.22062,0.16542,0.96751,6.6854,6.9449,0.020386,0.042982,0.043973,-0.18893,-0.53296,-0.14176,0.75912,-3.4719,9.3766,0.06399,-0.001703,0.009717,-0.42101,-0.085174,-0.61896,-0.88819,7.2311,-0.89668,0.72906,0.079147,-1.5281,0.2334,-0.5747,-0.26712,-1.6598,-10.6,0.73235,0.57539,-0.323,-1.2529,0.22714,0.48608,0.15903
9,6.7323,-3.2099,0.11532,1.2327,-0.35319,-0.044341,-0.7978,0.51592,-0.62716,3.5641,6.655,0.36768,0.75006,1.5408,1.9864,0.015538,-0.9923,-0.32308,0.50387,-3.5624,0.22798,-0.71159,-1.011,-0.63623,0.75074,0.23146,-0.62162,-9.5673,0.45535,-1.1455,-1.472,-0.22054,-0.04796,0.95077,-0.60951,-0.04388,-6.9182,-5.5983,3.227,-1.3297,-0.68675,0.26001,0.5917,0.81491,-0.52037
7,8.2652,-0.79616,1.9314,0.44107,-0.44947,-0.33104,-0.7907,0.15329,-0.74856,-2.7574,5.1988,4.3568,0.78733,0.24485,0.98463,0.72707,-0.2545,-0.55759,-2.3848,-0.9207,4.5665,0.001132,-1.0098,-0.91589,0.65906,-0.17921,-0.65908,1.4863,9.4078,1.3651,0.29413,0.13516,0.47772,-0.59046,-0.71259,-0.2552,2.3683,-9.7478,-1.2681,-0.13609,0.40142,-0.36349,-0.63772,0.71589,0.13988
3,-5.5892,3.6546,3.9185,-0.45467,0.091621,0.16833,0.56773,-0.15049,-0.79363,8.168,4.443,-1.0224,-0.31916,0.25577,-0.25787,-0.32502,-1.0016,0.46907,7.4141,-4.7243,3.7259,0.12511,-0.28594,0.13647,-0.24098,0.55599,-0.4933,-8.915,3.7263,0.084527,-0.29583,0.63093,-1.153,0.77917,-0.28747,-0.43533,-7.4608,-9.6449,-4.1727,1.0181,0.55989,-0.8946,0.61116,0.6078,0.61166
4,-8.2382,3.2728,4.1201,1.9912,1.735,-0.23291,0.62382,-0.37948,-0.38587,2.5763,9.0633,-3.1439,-2.0454,0.64826,0.85862,-0.25783,-1.462,-0.10033,-5.4609,-10.946,2.7229,-0.48281,0.017058,-2.1103,0.040261,0.69555,-0.52254,-5.1117,-3.0293,2.6346,-1.264,0.39591,0.15176,0.50743,-0.25861,-0.24903,-10.082,-6.2094,-1.6655,0.29071,-0.1431,0.43046,0.64792,0.24124,0.19122
3,8.4107,1.1297,-0.29606,-0.33855,0.18743,0.093705,-0.86432,-0.069355,-0.4365,5.636,4.1533,6.603,-0.008936,0.49151,-0.73482,0.27624,-0.46937,-0.2173,6.2763,-4.3471,6.4295,0.27132,0.58656,0.51176,-0.29102,0.40667,-0.67175,-8.6875,0.11697,-1.1679,0.076542,-0.22819,1.2085,0.88227,-0.20646,-0.25161,-8.4459,-2.7965,-1.0819,-0.41136,-0.054076,1.0024,0.68691,0.66297,0.56348
8,3.7552,0.20101,-0.82772,-0.1543,-0.2925,-0.21394,-0.42807,-0.007421,-0.68703,0.029855,3.6945,-0.4048,-0.86369,0.090061,0.14233,-0.50643,-0.45081,-0.34223,0.54289,-0.55168,0.64431,0.56879,0.069105,-0.21784,-0.504,0.37961,-0.39973,-0.84765,1.8069,0.50324,0.30214,0.21724,0.39636,0.66795,-0.29372,0.080258,-0.13584,-1.2862,0.32873,-0.30041,-0.019341,-0.5033,0.66586,0.2374,0.271
3,11.252,-1.7678,1.9796,-0.080778,0.11057,-0.12462,-0.70732,0.068203,-0.57441,4.2629,5.8102,7.0194,0.25869,-0.46885,0.28531,0.31087,-0.3104,-0.15949,2.9537,-6.2009,7.8065,-0.17078,-0.54123,-0.92647,0.17741,0.37884,-0.70447,-11.345,3.4068,-2.5128,-0.73316,-0.12941,0.71312,0.66314,-0.44381,0.18791,-8.4972,-3.3717,-3.8691,-0.59916,-0.35931,1.109,0.54167,0.72168,0.21775
1,14.227,0.035365,2.7056,-0.17946,-0.16327,-0.3878,-0.73752,-0.025683,-0.48358,13.514,5.189,0.32226,-0.62618,-0.19511,-0.1985,-0.81498,-0.53878,-0.91007,10.698,-2.1837,3.3563,0.47946,-1.1941,-1.7724,-0.60516,1.1336,-0.74115,-14.455,2.1352,-1.8356,1.0562,-0.45849,-0.49625,0.84974,-0.23864,0.27367,-9.6561,2.4845,-2.1413,2.0712,0.53277,-0.14518,0.76436,0.93948,-0.22925
5,7.291,-0.26073,4.8795,-0.14279,0.18375,0.070086,-0.79375,-0.069036,0.00133,5.0244,8.1078,0.1496,-0.091535,0.060376,0.1398,-0.82545,-0.26806,-0.21105,6.2147,-3.8964,6.1361,-0.12782,-0.008711,0.034915,-0.99373,0.00859,-0.6309,7.6052,1.0883,0.74253,0.67348,0.042689,-1.8717,0.10727,-0.59888,-0.31049,-0.76447,-13.555,-0.28561,-0.017064,1.0198,-1.0566,0.32641,0.29337,0.20894
1,10.459,0.56049,3.7206,0.095297,-0.41616,0.12732,-0.65294,0.17711,-0.54459,-0.96159,8.2375,5.6919,0.058199,0.56017,-0.53053,0.053362,-0.1264,-0.63261,-1.6877,-7.3181,7.9184,-0.12344,0.68627,0.48934,0.53818,0.80359,-0.58251,-6.5601,8.3117,-6.4096,0.2183,0.71054,0.37756,0.11927,-0.79796,0.43501,-10.942,-3.0215,-1.4643,0.032814,0.47768,1.0934,1.1042,0.31119,-0.094204
0,13.381,0.25034,2.7983,0.34842,0.25737,0.15202,-1.0428,0.046408,-0.61217,1.8071,10.332,5.4353,0.17144,0.62544,0.63147,-0.36919,-0.66853,-0.79034,1.0239,-7.4544,8.6547,-0.23252,-0.27263,-0.15678,0.15281,0.98743,-0.88782,-17.466,2.2554,9.841,-3.2652,-1.6311,-2.0266,0.12011,-0.7604,0.2549,-10.334,-9.5323,-3.689,0.062222,-0.008103,-1.2395,0.84459,0.29715,0.012112
8,18.324,-1.1512,2.1303,-0.31489,1.2632,0.10674,-0.76571,-0.39522,0.098844,15.639,5.5969,2.718,1.2207,-0.59238,0.8737,-0.59294,-0.2124,0.44841,16.092,-6.0583,4.0324,-1.9009,-0.14137,-0.39141,-0.6013,-0.32055,-0.14963,-19.724,3.8675,-1.3846,-0.70848,-1.5726,-1.675,0.45693,-0.069993,-0.47363,-20.396,-2.1864,-4.016,-0.33261,-1.0197,1.9377,0.4313,-0.29263,0.52301
7,8.1128,-2.0138,5.3887,-0.22733,0.19352,0.14408,-0.43667,0.1474,-0.93673,-4.4073,-3.6395,9.6955,-1.2894,1.5665,-0.74919,0.4701,0.51044,-0.71081,-7.5193,2.1414,9.2831,1.1926,2.1364,0.89949,0.70914,-0.34537,-0.64491,-2.0175,9.4116,-0.028283,-0.12047,-0.10653,0.39405,-0.33155,-0.90384,-0.16914,-1.2544,-9.3904,-1.6694,-0.095555,0.001425,-0.34989,-0.41956,0.87243,0.17299
8,5.9453,0.48861,2.16,0.42879,-0.047614,-0.13409,-0.80457,-0.30305,0.19825,6.7082,4.1693,2.3507,1.5261,0.15715,-0.044076,-0.63429,0.20754,0.41271,5.227,-3.371,1.391,1.8521,0.94043,-0.97143,-0.5776,-0.42198,0.032216,-7.2534,-0.49319,-1.7811,-0.38458,-0.23518,-1.3561,0.50142,0.19833,-0.45041,-6.6719,-4.8711,-4.7969,-0.035769,-0.59925,0.97682,0.47729,-0.36077,0.4555
9,11.363,-5.2883,1.4239,0.41921,0.18388,0.42718,-0.68933,0.29479,0.29428,15.808,2.3862,4.9742,2.1694,-0.89893,-2.6846,-0.77901,0.14987,0.006074,9.4257,-0.2064,4.6977,-0.80426,0.84952,1.1835,-0.79639,0.32293,-0.13476,-9.6671,0.97708,-4.3364,-0.35374,-0.36279,0.24151,0.60948,0.38583,0.25058,-10.817,-1.679,0.81314,0.93885,-1.3039,0.31749,0.69529,-0.30261,0.009564
1,11.478,-0.3187,-1.6574,0.13759,-0.051926,0.3447,-0.79904,0.08157,-0.38465,2.0585,9.9246,3.3242,-0.04626,0.19121,0.73164,-0.28237,-0.30357,-0.55854,2.8278,-7.5845,8.5783,-0.075194,-0.47616,-0.038094,0.047171,0.92908,-0.78087,-1.7664,-10.205,-0.30589,1.0439,0.52412,-0.78402,0.39409,-0.75358,0.21297,-8.4184,-8.6374,-2.6523,0.13754,-0.048411,-1.3075,1.1306,0.37181,-0.027857
3,-4.0715,4.9889,4.4083,0.55129,0.014707,-0.15165,0.56349,-0.15591,-0.79033,3.8798,8.2635,-1.934,-0.15104,-0.46193,-0.19676,0.9132,-0.27662,0.34369,4.8766,-6.2855,4.5295,-0.007165,0.28072,0.30354,-0.15358,0.62545,-0.48431,-8.6952,4.5159,1.1544,0.060823,-0.90346,1.4187,0.7855,-0.27927,-0.4042,-8.3181,-3.3639,-1.2207,-0.004312,-0.20949,1.102,0.6407,0.57442,0.59305
8,13.395,-1.7425,4.6828,0.12639,0.71076,-0.12731,-0.70245,-0.35207,-0.33919,15.263,5.9789,1.8965,-0.43668,-1.3723,-0.24671,-0.42441,-0.56286,0.37626,15.623,-7.6144,6.6268,0.90112,-1.188,0.10306,-0.3425,0.11308,-0.70003,-18.604,5.2729,0.1832,-1.6421,-0.43255,-0.46633,0.5289,-0.35175,-0.40641,-19.728,-12.786,1.712,0.5915,-2.0204,0.17474,0.43918,0.24748,0.59374
7,9.2049,0.25859,1.9116,-0.27264,1.7682,-0.062432,-0.7649,-0.007017,-0.67393,4.091,0.017081,7.9416,0.17184,0.62725,0.20403,0.087102,0.061949,-0.94486,3.0559,-1.3234,7.9903,0.32099,0.45889,0.064005,0.14688,0.025411,-0.94294,0.021023,10.889,2.179,-0.048804,-0.22232,-0.62754,-0.39672,-0.84611,-0.28343,0.87293,-11.018,-0.058467,0.02598,-0.22958,0.55815,-0.49566,0.84609,0.059799
6,8.8662,0.85562,3.4721,-0.22162,-0.15235,0.007009,-0.91456,0.39697,-0.12575,-1.2947,5.187,8.4076,-0.080862,-0.042494,-0.15478,-0.47093,-0.20426,-0.83227,1.4647,-2.6441,8.8986,0.40979,-0.20838,0.037355,-0.47043,0.60357,-0.59834,-9.7398,8.821,-1.1269,0.25031,0.009567,0.079471,0.59277,-0.28706,0.29975,1.6101,-1.03,0.067605,0.023486,0.81614,-0.021324,0.29821,0.72936,-0.47847
5,7.1218,-1.8556,4.3616,-0.13539,-0.21444,0.055734,-0.79698,-0.028809,0.038776,-1.2141,9.0806,2.8641,-0.095408,-0.093406,-0.023439,-0.18619,-0.53897,0.010934,1.2176,-1.8418,8.7582,-0.12088,0.25964,0.19845,-0.52975,-0.10832,-0.5998,4.9882,1.9154,1.0312,0.58148,0.18946,-1.9491,0.10749,-0.60073,-0.30365,-2.3634,-12.759,-1.6106,0.040058,0.59969,-1.3675,0.32486,0.29738,0.19571
7,8.9357,0.84152,-0.54156,-0.028492,-1.2679,0.022849,-0.86826,-0.19926,-0.37805,2.7483,5.095,8.2716,0.13083,-1.021,1.0545,0.27476,-0.31937,-0.85019,5.6897,-2.5483,8.7289,-0.16659,-0.47573,-0.45193,-0.018555,-0.00246,-0.93898,-0.66568,9.5414,1.7899,0.039836,-0.12948,0.42233,-0.41239,-0.83072,-0.25329,0.046634,-9.64,0.35604,-0.030821,-0.021806,-0.56172,-0.48517,0.84131,0.049862
4,1.0263,0.2905,-0.39936,0.91107,2.1345,-0.004755,-0.80071,-0.15943,-0.65501,-9.2396,7.5804,-1.9241,0.16387,-1.9442,-1.2552,-0.13105,-0.7689,0.008076,6.384,7.8394,0.60277,-0.74044,2.0431,1.7918,0.058062,0.62937,-0.88735,-7.4322,2.4606,0.25645,2.2331,-0.85157,2.6346,0.59601,-0.24086,-0.21327,-5.15,-4.2684,-2.6494,0.51812,-0.009721,1.678,0.45683,0.43857,0.023733
6,10.007,-1.3965,1.3701,1.0011,0.43151,-0.28,-0.7753,0.18434,0.34281,0.33936,3.9077,8.9659,0.12195,0.067335,0.059043,-0.38871,-0.12323,-0.66591,0.31616,-1.9137,9.6529,0.14786,-0.26636,-0.034846,-0.46162,0.46091,-0.58451,-5.6157,4.6764,0.49432,0.54895,-0.91054,-1.8035,0.55707,-0.30372,0.33613,-8.3232,-6.8608,-0.79099,0.2261,0.2664,-1.3519,0.66444,0.13683,-0.23478
7,9.2805,-0.041823,3.3148,-0.20865,0.89124,-0.066393,-0.45872,-0.16518,-0.82503,2.1799,9.4175,-1.3571,0.62808,-0.04707,-0.22609,0.43305,-0.83911,0.01132,3.8598,-5.4977,9.3131,-0.14317,0.41985,0.86237,0.32033,0.080933,-0.90284,1.3535,8.1957,3.6905,-0.040646,0.014125,-0.68242,-0.65535,-0.59886,-0.37703,-0.72043,-8.9235,1.9222,-0.31785,-0.11066,0.59501,-0.51929,0.81922,-0.073296
7,6.8021,-2.2759,6.2383,-0.061696,-1.504,-0.13386,-0.57445,0.19177,-0.91501,-3.1836,3.7381,7.0355,0.99976,0.81289,2.2876,0.52806,0.033689,-0.80555,-5.8504,1.2789,6.3389,-1.3251,-1.4805,-1.7794,0.7274,-0.41605,-0.46675,-0.39475,9.9076,2.309,0.61875,0.068295,0.73846,-0.42395,-0.82235,-0.25419,0.77497,-9.2333,-0.62429,0.1064,0.15203,-0.74317,-0.47875,0.84039,0.096804
3,9.9214,-2.2702,-1.5853,0.18865,0.70583,-0.4405,-0.88742,-0.009677,-0.56741,2.1714,9.5009,2.3729,0.1109,-0.62031,1.6103,1.2185,-0.002914,0.13579,2.7689,-8.2894,4.684,0.23289,-1.8167,-2.3737,0.044216,0.4509,-0.58673,-11.22,1.2871,-0.19864,-0.46949,-0.45704,-0.01722,0.85085,0.087474,-0.55368,-4.1096,-4.3775,0.88476,-0.57326,-0.75809,1.9938,0.48999,0.79517,0.428
1,13.22,0.58828,2.1036,0.19767,0.72533,-0.035241,-0.7158,0.14055,-0.49951,-1.9672,8.1647,6.0518,-0.11544,-0.29904,-0.16198,0.080032,-0.13346,-0.63351,-0.78501,-8.213,7.1741,0.020519,-0.068809,-0.1124,0.52556,0.82492,-0.57864,-12.947,5.7776,-6.4806,1.5406,-0.055849,-0.18492,0.86408,-0.10937,0.39334,-12.666,-12.77,1.8748,2.585,2.1547,1.797,0.57432,0.8378,-0.22456
4,-4.8294,1.6649,3.1988,-0.20626,-0.034677,-0.058151,0.68082,-0.10991,-0.4291,-4.0559,8.1933,-5.3836,-0.40978,-1.7276,-0.076786,-0.25572,-0.58382,0.33479,4.9129,-5.575,4.9069,-0.1807,0.34557,0.31411,0.007449,0.83118,-0.73511,-9.0724,-0.70032,1.9586,0.62969,-0.33461,1.8085,0.66266,-0.14512,-0.1851,-6.3357,-3.853,-1.9375,0.058313,-0.34915,1.427,0.43278,0.45526,0.18795
1,9.7114,-4.5693,6.889,0.0977,-0.25625,-0.18996,-0.68127,0.39115,-0.65929,1.6956,10.447,1.9531,0.31948,-0.39952,-0.21781,-0.22947,-0.5689,-0.46824,1.9702,-6.971,7.7617,0.14594,-0.25944,0.082634,0.2929,0.7215,-0.82859,-12.095,3.759,-1.2894,1.1266,0.18856,-1.0702,0.85175,-0.38467,0.1604,-14.078,-8.1862,-2.7271,-1.1703,-0.70169,1.0603,0.65815,0.74952,-0.031616
1,13.788,-0.36396,-2.8474,0.64869,-0.13107,-0.69529,-0.82304,0.012058,-0.32874,4.8477,5.884,6.8459,0.36854,-0.51949,-0.027618,1.0286,0.3589,-0.31353,6.1411,-5.3918,5.919,0.1254,-0.45681,-1.9089,-1.1932,0.98298,-0.83302,-13.787,4.564,0.35216,-0.18777,-0.53271,0.36888,0.93365,-0.11169,0.2233,-6.8933,-0.13649,3.1793,-0.46542,-0.052527,1.2396,0.57936,0.92016,-0.27723
9,19.851,1.7613,5.1709,-1.6254,2.9112,0.12093,-0.74727,0.048071,-0.70611,-1.2996,7.629,15.464,-5.8064,2.1081,-3.4591,0.31476,0.13487,-0.9636,-0.54746,-6.9768,15.669,5.865,2.1265,2.5608,0.40011,-0.088966,-0.95054,-12.214,-4.24,-1.2666,0.69028,-1.0192,-1.1247,1.0212,-0.58111,-0.10759,-19.32,5.4192,5.0282,-0.97775,1.2987,0.95248,0.55141,1.0068,-0.1436
8,-1.5455,0.36694,-0.96604,1.8712,0.33709,-0.3594,-0.89925,0.071206,-0.63011,-2.27,3.9793,2.0882,-1.233,-0.66174,0.86262,-0.83287,-0.5965,-0.46573,-1.6651,3.3203,-0.19609,-0.81706,1.0727,-0.014493,-0.15848,1.0244,-0.34038,3.9463,4.6056,-2.685,0.27528,0.38443,-0.15028,0.94557,-0.60481,0.084113,-0.14576,0.68482,0.32833,-0.062089,0.030121,-0.11933,0.96584,0.60108,0.27877
7,8.2242,-0.65003,5.0402,0.008234,-0.41619,0.2565,-0.58398,0.038439,-0.8501,1.1514,-0.018905,10.393,-0.083636,0.50229,-0.85846,0.36392,0.15897,-0.88801,0.55815,-2.0613,9.4471,0.19208,0.54647,0.92346,0.38504,-0.062728,-0.9038,-3.0467,10.194,0.003312,-0.005583,0.010419,-0.071496,-0.2698,-0.92315,-0.16451,-1.7882,-10.227,-1.3713,0.015488,0.000458,0.097879,-0.37179,0.89555,0.1505
5,9.2998,-0.11124,2.6709,0.15202,0.039774,-0.10351,-0.59109,-0.18854,0.14458,2.701,0.94623,9.3131,0.078069,0.031496,-0.07217,-0.2807,-0.15648,-0.23957,1.3676,-1.0325,9.9692,0.079299,-0.07994,-0.05798,-0.62408,-0.12352,-0.52043,-3.9021,13.474,-1.001,0.06226,0.13929,-0.35518,0.4471,-0.51995,-0.064685,4.3769,-4.8512,1.1091,0.2753,-0.0177,-0.75855,0.096459,0.56299,0.2429
2,7.373,2.0001,5.701,3.4763,0.42963,0.22677,-1.0253,0.16977,-0.62219,-5.7358,10.281,1.5224,0.81633,2.5287,2.0209,0.11656,-0.78056,-0.16467,5.6495,-1.0119,0.89088,-2.4745,-2.3766,1.4954,0.98837,0.17555,-0.62878,-11.805,11.462,-0.32619,1.3064,-2.4106,-3.1866,0.6933,-0.29968,0.3697,-3.0607,12.3,-0.58925,2.6062,-0.65517,0.65801,0.46696,0.57952,0.16789
4,9.1822,-0.63379,-0.17645,-0.30677,-0.46142,0.25208,-0.86241,0.051314,-0.37584,3.8381,8.4817,3.9855,0.67233,0.5426,0.58987,-0.47598,-0.87042,-0.57452,1.3092,-8.6538,6.9161,-0.001073,-0.40043,-0.10103,-0.2188,0.51105,-0.5749,-7.6835,4.7928,-1.9488,0.8329,-0.1295,-1.0474,0.48378,-0.35715,-0.044288,-8.3539,-2.8607,-1.3617,1.3306,-0.11592,-0.81779,0.67005,0.18494,0.17045
3,7.2276,0.62438,1.5887,-0.35294,0.13934,0.054632,-0.68361,-0.059824,-0.61842,6.478,5.9974,3.4064,0.34517,0.1055,-0.64143,0.10999,-0.37843,-0.14194,6.2141,-3.519,5.9134,0.026928,0.56372,0.46195,-0.18089,0.41618,-0.70146,-8.5915,0.51295,-2.5613,-0.66947,0.031329,1.4222,0.70219,-0.55441,0.15136,-8.1037,-3.0278,-1.5467,-0.095683,-0.14131,0.80107,0.77245,0.50434,0.16536
3,9.7684,1.2166,-0.65828,-0.10071,0.057018,0.24063,-0.87369,-0.024459,-0.42851,4.3346,4.3406,6.9826,-0.008552,0.36246,-0.19314,0.39359,-0.44791,-0.13092,3.3986,-6.2667,7.241,0.013164,0.51899,0.92806,-0.014831,0.49229,-0.60276,-11.92,2.3247,-1.4075,-0.31082,-0.10074,0.52617,0.86269,-0.28551,-0.22583,-10.572,-1.023,-1.8182,-0.649,-0.16504,0.31122,0.72135,0.47308,0.60729
7,9.0951,-0.47346,4.0612,-0.074675,0.95809,-0.16501,-0.59046,-0.068141,-0.76588,1.0075,1.6612,9.6827,-0.51913,0.46403,-0.59906,0.44699,-0.13231,-0.83086,-0.011165,-0.58667,10.104,-0.22698,0.52685,0.4089,0.44745,-0.12963,-0.82472,-0.54976,9.7322,0.44656,-0.22468,-0.17572,-0.6951,-0.38993,-0.85413,-0.18987,1.418,-9.8136,1.5746,-0.11987,-0.041802,0.55438,-0.57682,0.77451,-0.089213
8,14.029,-0.81872,4.1732,0.28579,0.4855,0.001709,-0.95313,0.11561,0.35147,16.872,5.1609,-1.1281,3.1065,0.2455,1.6847,-0.99107,-0.032409,0.06097,21.964,-3.0183,-1.435,-1.5171,-0.11001,-1.1387,-0.96743,-0.081524,0.20078,-13.485,2.5057,9.4406,0.91998,0.013881,-0.85475,0.80822,0.42478,0.3839,-13.21,10.697,-1.6323,0.67835,0.99557,0.24264,0.88384,-0.32682,-0.27204
8,20.07,-0.13617,-2.1329,0.61218,-0.6391,0.3004,-0.93075,0.12251,0.4161,21.421,3.802,1.1999,1.9505,0.17928,-0.47143,-0.95103,0.49437,0.14759,19.576,-3.3299,0.14687,-0.16212,-1.2619,1.9007,-0.96245,0.065737,0.23029,4.4446,2.3908,-4.6545,-0.1825,0.59298,0.63777,0.86968,0.38786,0.16032,-26.047,1.9957,0.4072,-0.60163,0.57278,0.64577,0.83984,-0.23601,-0.30726
4,7.2047,-1.0047,2.3859,0.26857,0.11029,0.030927,-0.6923,0.18417,-0.55714,1.7237,6.8128,6.2397,0.6764,0.28057,0.40052,-0.19528,-0.91848,-0.73296,-6.5174,-6.3834,6.2054,-0.45382,-0.11737,0.32808,0.33809,0.46405,-0.51463,-8.2983,1.5314,-1.9484,0.5596,-0.47066,-1.8819,0.43744,-0.38965,0.10671,-8.6734,0.79074,-0.04778,0.69311,-0.23944,-1.3011,0.61191,0.22043,0.063337
9,14.361,-0.3792,3.1529,0.97903,-0.060424,0.62631,-0.65845,-0.34608,-0.52166,3.3791,2.5912,7.4086,0.89289,-7.0318,3.5898,0.37456,-0.42549,-0.71734,6.6215,-10.733,11.803,-3.2887,-0.34442,-2.5419,0.097471,0.19178,-0.88597,-10.191,1.8658,-4.647,0.53483,-0.17236,-0.052961,0.66192,-0.28335,-0.57839,-11.755,3.8204,-2.3235,-2.5502,0.64725,0.011429,0.59069,0.60118,0.35288
4,11.168,-0.42164,4.2551,-0.89122,-0.056133,-0.13359,-0.70633,0.12145,-0.51696,-0.39063,7.0774,5.2558,-0.32604,-0.37803,1.6818,0.013984,-0.92845,-0.76683,-7.6252,-5.4648,6.1531,-0.25183,-0.24208,-1.1268,0.45378,0.26055,-0.60482,-7.0508,3.2754,-1.5804,-0.5285,0.23229,0.36974,0.35404,-0.39151,0.027995,-11.3,-1.4908,-1.8554,0.034881,0.054476,0.62392,0.63582,0.2107,0.10822
0,8.1861,-1.3985,2.6729,-0.87387,-0.36375,-0.24382,-1.0571,0.15046,-0.58443,3.2357,6.6185,5.9295,-0.10824,0.16803,-0.32325,-0.39933,-0.5783,-0.81547,1.4013,-6.2257,6.9553,0.098763,0.43756,0.14563,0.16315,0.92663,-0.98258,-9.0482,0.1756,-1.7688,0.86407,-0.34272,-0.98634,0.49688,-0.42812,0.40885,-6.1226,2.1677,-0.29035,-0.36073,0.13482,0.42752,0.30036,0.7447,0.074734
6,8.9041,-0.84405,1.7782,0.13709,-0.06096,-0.2853,-0.90365,0.32655,0.24096,3.1299,0.74808,9.3463,0.03384,0.068907,-0.1806,-0.90734,-0.007931,-0.67017,0.85221,-1.219,9.569,-0.012565,-0.22099,-0.082432,-0.5747,0.56683,-0.7337,-9.2869,10.85,-3.3527,-0.30798,-0.48658,-1.135,0.63278,-0.10433,0.29375,-3.9995,-5.1154,0.77016,0.25015,0.20003,-1.3511,0.5874,0.58514,-0.18876
4,-7.9371,4.5844,5.3905,1.9303,0.31716,-1.1186,0.52944,-0.2893,-0.56761,2.6167,10.55,-3.1047,-1.3376,1.2019,1.1654,-0.31089,-1.3237,0.13763,-4.8806,-10.231,1.7973,-0.87552,0.37197,-2.1645,0.08222,0.72903,-0.45529,-6.9293,-2.1013,2.7292,-1.2099,-0.056264,0.35341,0.52135,-0.25857,-0.22976,-10.095,-5.3692,-1.6825,0.82672,-0.32556,0.83351,0.64945,0.24823,0.17433
7,5.5985,0.058646,9.9681,-0.20694,-0.12818,0.36137,-0.30504,-0.055192,-0.91658,-3.3938,10.832,-1.7616,0.64371,-1.5797,-0.80311,0.6697,-0.674,-0.1334,-1.8865,-0.85121,8.3167,-0.32047,0.37055,1.6001,0.4859,-0.12061,-0.82988,-2.3084,15.324,11.709,-0.48358,0.97942,-0.4702,-0.21952,-0.78712,-0.50596,-4.7145,-16.758,0.84267,1.0564,0.39741,1.0183,0.007767,0.97003,0.044995
9,-0.88152,-1.9862,-1.6797,-0.12676,-0.022017,0.75136,-0.64579,0.24973,-0.55422,2.9882,3.2368,-5.5582,-1.8218,-1.1387,-3.084,0.48447,-0.70258,0.022808,-3.8722,-4.4046,-0.2032,-0.49741,1.9058,-0.27275,-0.031164,0.84215,-0.29565,-6.4354,6.2468,8.5253,1.35,-1.0467,1.8245,0.58178,-0.73666,0.46552,-5.5543,-1.6397,3.1071,2.3178,-1.1754,-0.77515,0.919,0.1698,-0.062824
5,8.6966,-1.3526,3.3999,0.026608,-0.008135,-0.027537,-0.61557,-0.11571,0.11093,6.5835,4.3461,5.5219,0.010772,0.006948,-0.040071,-0.89464,0.063706,-0.22459,5.5375,-5.8875,5.4011,0.035004,-0.023904,-0.01644,-0.80444,0.14581,-0.65837,-0.43911,4.3047,-0.84938,1.4963,0.69531,-2.3467,0.40129,-0.52162,-0.19118,-1.5474,-11.293,-2.5135,1.805,-0.14236,-1.8452,0.29865,0.4536,0.24266
9,12.226,1.0953,3.1488,-0.94993,0.71369,-0.44997,-0.73893,0.5253,-0.20628,10.287,9.0378,6.0604,2.1929,0.20061,-0.094622,-0.57913,0.22838,-0.62721,0.81074,-13.019,-2.4271,-2.3245,1.1649,2.6485,-0.53388,0.54195,0.50767,-15.914,-2.559,0.97779,-0.70461,1.0079,2.5685,0.59541,0.013796,0.68109,-15.343,1.6742,-3.7641,-0.823,-0.53384,2.1705,0.72088,0.3345,-0.40229
1,9.9685,-1.6645,2.8287,0.36175,0.32701,0.22608,-0.8669,0.010519,-0.70153,10.594,2.6608,4.1924,0.74685,-0.89905,1.9772,-0.83521,-0.87747,-0.12207,11.28,-4.1188,1.5391,0.67309,-0.089746,1.3691,-0.48784,1.035,1.5149,-10.898,-0.42187,-3.1185,1.3366,0.60245,-1.6874,0.081466,-0.62262,-0.000779,-9.6287,-4.0011,-2.1983,0.77124,0.29612,-2.699,0.69195,0.14974,0.1458
0,7.0543,-0.73872,4.2259,0.12844,-0.31107,0.18892,-0.60986,0.11889,-0.66347,8.1275,4.8955,1.3384,1.6118,-0.011403,1.5448,-0.67838,-0.50659,-0.8531,7.5,-2.0121,1.5051,0.57474,0.75837,1.5939,-0.40769,1.1924,-0.051497,-9.2492,-1.9526,-2.1874,1.0257,-0.2562,-1.2956,0.71995,-0.37527,0.40074,-5.113,5.671,-4.2215,-0.45064,-0.086965,0.14049,0.6922,0.72103,-0.22265
3,8.5695,-0.69161,2.2279,-0.2187,-0.35441,0.06646,-0.67876,-0.2173,-0.6309,5.0692,6.5296,4.0248,-0.60681,-1.3625,2.0072,-0.074609,-1.0313,-0.34617,7.5051,-2.5769,4.7611,-0.87747,-0.25954,-1.0364,-0.20877,0.4652,-0.53804,-10.027,5.7142,-1.5483,0.63047,0.10641,-1.4219,0.83217,-0.33304,-0.37506,-8.0204,-5.8881,-0.87897,0.22129,-0.19425,-1.0748,0.75965,0.32042,0.49674
0,10.678,-0.69049,3.683,0.14765,0.51836,0.053728,-0.58101,0.1696,-0.66618,14.013,3.5622,3.2577,0.76267,-0.9123,3.8199,-0.53546,-0.06106,-0.84442,13.973,-3.0074,2.4479,-0.47505,0.96182,1.148,-0.5661,0.77057,0.25262,-5.8835,-13.36,-2.935,0.57998,0.42835,-1.0083,0.44098,-0.74218,0.25004,-12.625,-2.1605,-0.2285,0.43882,-0.95944,-2.6254,1.1049,0.28815,-0.10123
2,8.3703,-1.5241,0.13956,1.6343,-0.48564,-0.24747,-0.86252,0.2267,-0.45689,-6.8144,3.9131,0.44768,0.67928,1.6373,-0.16959,0.16345,-0.72272,-0.39361,2.4198,-2.4892,-0.85404,1.074,-1.6313,0.5161,0.28787,1.0542,-0.37584,-15.882,7.7764,0.66044,0.27481,0.10972,-2.975,1.0311,-0.14651,0.24723,-8.3282,7.3073,-1.3491,2.0734,-0.60118,-2.1227,0.89108,0.88916,-0.2638
6,9.7096,0.20688,-1.8249,0.011099,0.049313,0.34464,-0.94428,0.37074,0.46326,-2.7775,6.8614,6.7582,0.054453,-0.075803,0.042077,-0.35392,-0.40362,-0.83547,-0.66928,-1.0785,9.4763,-0.053121,0.14763,-0.14659,-0.44119,0.49252,-0.78056,-7.0426,9.6931,-2.5146,-0.2689,0.34969,1.64,0.4703,-0.43729,0.33716,-4.6994,-8.0225,-1.8356,-0.82496,-0.48963,1.9851,0.42918,0.74205,-0.20612
9,18.139,2.5667,4.4939,-1.6277,0.12478,-0.81113,-0.71789,-0.40937,-0.3921,10.321,10.853,4.9392,2.7495,-0.10371,1.7593,-0.4812,-0.7245,-0.19907,2.5768,-12.746,-4.191,-2.0179,3.1534,4.0083,0.16815,0.8361,-0.33736,-26.082,-10.46,-0.92837,0.27006,0.60956,1.9812,0.90275,0.00301,-0.29134,-18.097,5.7563,-6.0722,-1.5081,-0.56541,2.099,0.74403,0.12803,0.59123
5,8.5304,0.79861,5.6483,0.31954,0.42543,-0.28624,-0.64109,-0.12124,-0.032035,6.1675,5.1767,5.9742,-0.001116,0.11407,-0.12144,-0.88503,-0.076274,-0.16497,5.7516,-4.7064,6.6411,0.044894,-0.15457,-0.074896,-0.77558,0.031666,-0.66624,-5.0109,13.222,-4.0554,0.65545,-0.076833,-1.2052,0.42978,-0.49543,-0.058023,3.3525,-3.6855,1.5531,0.48519,-0.073602,-1.6585,0.020968,0.6274,0.080092
8,11.505,-0.035157,2.7701,-0.064177,1.1908,-0.3808,-0.64163,0.4899,-0.18653,2.2151,9.2738,4.576,-1.1343,0.16564,-0.89126,-0.47164,-0.36872,-0.52191,4.4092,-8.2493,-3.4652,0.424,-0.31663,0.11905,-0.13597,0.33347,0.67812,-14.745,2.1558,-1.1832,-1.1899,-0.50042,-1.8005,0.46243,-0.031398,0.53126,-13.72,-4.145,-2.7594,0.77305,0.19135,1.6816,0.47586,0.025406,-0.46946
3,15.127,-2.2566,2.6386,-0.78935,-1.7936,-0.19004,-0.77119,0.068368,-0.72275,-2.2966,10.958,1.056,-0.27667,0.025479,-0.207,0.87041,1.1576,0.6234,1.1908,-6.7028,9.2286,0.20813,0.38687,1.0024,0.25685,0.41128,-0.58085,-10.944,3.7292,1.8727,0.11706,-0.28489,0.64027,0.744,-0.52673,-0.46665,-19.106,2.5074,-0.56773,-0.010589,-0.25062,0.18622,0.78182,0.26512,0.49812
3,16.926,-2.4998,4.0855,0.14667,-0.15329,0.099757,-0.73289,-0.10035,-0.61749,-1.5439,6.0834,10.718,0.33212,-0.056477,0.28441,1.0239,0.020104,-0.32599,-0.21623,-8.2485,8.1128,0.75484,-0.14867,-0.81263,0.41723,0.22662,-0.47255,-11.59,2.516,-4.0151,-0.49422,-0.74252,-1.276,0.89015,-0.14705,-0.50622,-6.4528,-3.812,-0.78959,-0.43173,0.33843,0.69563,0.46357,0.92291,0.11833
6,6.4273,-5.1151,4.1025,0.039648,0.062414,0.016675,-0.46429,0.83968,0.066658,9.007,1.6995,1.2839,0.51062,-0.015203,0.70094,-0.73321,0.39922,0.040134,8.4572,-3.8582,0.75491,-0.43068,0.10848,0.51696,-0.68658,0.3518,0.35234,-0.81942,2.2749,0.10501,-0.64209,-0.41996,1.1717,0.70839,-0.29989,0.11168,-5.0298,-13.248,-5.3539,-1.0338,-0.53115,0.46185,0.6381,0.33039,-0.19264
5,6.9768,-2.2871,4.7945,0.15944,-0.089701,0.052575,-0.81045,-0.023261,0.016399,-1.5802,7.9488,4.5769,-0.18088,-0.24858,0.037952,-0.1677,-0.49311,-0.091975,0.093552,-2.5694,9.8117,-0.17444,-0.09119,-0.17365,-0.49831,-0.064985,-0.60691,11.287,-5.1086,1.6026,0.18652,0.19523,-1.3853,0.096273,-0.61441,-0.30471,0.67499,-22.705,0.27725,-0.014174,1.1961,-0.73556,0.33842,0.26804,0.19537
3,9.3819,-0.6092,2.4552,0.39349,0.18643,0.079875,-0.68662,-0.019721,-0.65744,1.7403,6.5104,6.8329,0.29452,1.0213,-0.93273,0.89594,-0.1789,-0.22669,0.088355,-3.9563,9.2244,0.06178,1.066,0.84194,0.23017,0.14432,-0.68197,-10.002,-0.49327,-2.1041,-0.32792,0.014967,-0.34128,0.88905,-0.24228,-0.39313,-9.3918,-5.9161,0.27574,0.52695,-0.37952,-1.5894,0.57288,0.78321,0.27244
3,10.547,-0.87201,0.51389,0.44987,-0.001175,-0.2188,-0.77598,0.035713,-0.48088,5.6254,5.9097,5.5145,0.066447,0.098793,-0.97213,0.17228,-0.32057,-0.16828,4.0287,-6.3201,5.953,-0.008907,0.01967,0.48111,0.030792,0.47337,-0.66311,-10.731,-0.99867,-1.5153,1.1567,-0.054593,-0.63372,0.68403,-0.40869,0.25488,-9.0323,-3.834,-0.2512,0.75529,0.40086,-1.0303,0.54099,0.73537,0.19524
4,-4.6579,0.95259,4.7212,0.26386,0.61785,-0.002128,0.75221,-0.076947,-0.36054,-7.3611,9.6984,-5.0442,0.39125,-0.001786,0.53778,-0.29253,-0.59325,0.34456,4.8616,-7.2938,4.0227,0.005555,0.38526,-0.78268,0.028697,0.83855,-0.75815,-6.5672,4.5151,1.5051,0.23317,-0.29246,0.96334,0.69149,-0.11646,-0.19295,-5.8835,-1.31,-0.97898,-1.1544,-0.42648,1.1078,0.3797,0.47953,0.17149
8,5.5459,-2.0348,4.5622,0.24578,-0.41068,-0.062957,-0.70105,-0.31537,-0.3823,5.6106,2.5044,-0.2634,-0.01928,-0.21713,-0.23982,-0.42429,-0.59262,0.34075,3.2099,-3.592,-0.51591,-0.3268,-0.27976,0.63397,-0.3181,0.30204,-0.67254,-14.241,8.6543,-4.5569,0.49226,2.1448,-0.74778,0.48698,-0.42939,-0.40279,-10.938,-13.051,-2.5838,0.41476,0.20844,-0.95267,0.44138,0.25341,0.58561
0,7.8326,-0.3205,3.6307,-0.024993,-0.41369,-0.076204,-0.61411,0.12222,-0.65164,8.4268,4.051,0.98672,0.92912,-0.081861,1.4612,-0.79248,-0.56281,-0.6947,8.4393,-1.5825,1.7639,-0.33602,0.91073,1.5317,-0.37115,1.2502,-0.14221,-9.0053,0.85387,-2.6651,0.098269,-0.26318,-1.197,0.76241,-0.30255,0.38221,-5.8452,-6.692,5.1477,0.12472,0.14203,0.86067,0.68984,0.7739,-0.24077
3,9.8501,-0.72626,0.3251,0.55722,0.29148,0.18543,-0.90793,0.2151,-0.51618,0.83587,8.1941,5.4432,0.80903,-1.3974,1.0466,0.62174,-0.16181,0.13091,0.034892,-7.6718,6.7073,-0.32729,-0.19611,-1.6353,0.55914,0.57877,-0.42382,-7.5899,1.2559,-0.83662,0.30762,-0.061568,0.23578,0.70469,-0.40535,0.11305,-8.9768,-6.3286,-0.45122,-0.65714,-0.18544,1.7207,0.54965,0.71969,0.16216
7,6.1685,0.7407,-9.1962,-0.42852,-1.2955,-0.069925,-1.0018,-0.0597,-0.028316,5.3968,3.0139,11.528,1.1669,-0.43291,1.1931,0.42455,-0.26352,-0.73903,5.6184,0.83553,10.878,-0.81461,-1.0407,-0.47658,0.40911,-0.14539,-0.77494,2.9601,9.1972,-2.5477,0.26762,0.053351,-0.10326,-0.79809,-0.49977,-0.15296,3.5336,-9.413,-2.2593,0.01955,-0.17003,0.23748,-0.82227,0.39138,0.13877
3,8.775,-0.70056,0.60671,0.41041,-0.41053,0.14344,-0.78856,-0.056334,-0.54426,7.072,5.3775,4.1579,-0.16172,-0.23526,0.92749,0.27754,-0.77946,-0.41588,7.1637,-4.4921,4.9534,-0.0388,-0.64031,-0.26272,-0.21171,0.42298,-0.60574,-7.8904,2.1674,-3.3849,0.069336,-0.11039,-1.1428,0.8214,-0.40476,-0.2195,-10.398,-2.5125,-1.2458,-0.39375,0.29632,-0.72132,0.76464,0.18704,0.60853
0,7.8103,-1.6146,1.2054,0.63763,-0.19526,-0.1038,-0.75107,0.16844,-0.62667,6.8454,4.8981,0.61141,3.7283,1.1205,-0.10409,-0.17563,-0.74535,-0.87948,8.6429,-1.6307,1.3277,0.79091,0.40321,1.5674,-1.1448,0.81293,-0.062203,-8.5297,-0.35844,-2.2132,0.72048,0.30503,-1.1064,0.93414,-0.41639,0.30418,-8.3012,3.0483,-0.74415,1.4321,0.52261,-2.1009,0.9401,1.0052,-0.28274
5,9.8123,-1.5553,1.9775,-0.07976,0.051165,0.13719,-0.61866,-0.19184,0.18751,1.2276,6.0537,7.7739,0.3737,0.064914,-0.0002,-0.22065,-0.50452,-0.19055,1.0277,-3.3031,8.9224,-0.36988,0.079744,0.009479,-0.43491,-0.10188,-0.6016,2.8923,5.4017,1.0639,-0.36421,-0.15617,1.1909,0.16061,-0.59234,-0.35405,-3.0765,-15.458,-0.39844,-0.72757,-0.011601,0.56938,0.26327,0.36925,0.23684
7,10.123,0.18432,0.26143,-0.56034,-0.15298,0.10319,-0.85353,-0.096515,-0.45701,5.0253,3.4598,8.5012,0.27147,-0.10389,0.51301,0.071906,-0.25229,-0.91304,4.9888,-2.6897,8.2144,0.006163,-0.059513,-0.45991,-0.051172,0.048457,-0.93859,-1.7515,9.3832,1.6617,0.1871,-0.10289,0.78377,-0.24114,-0.89222,-0.2534,-1.33,-10.112,1.3116,-0.15845,-0.15316,-0.83307,-0.3104,0.91752,-0.017678
8,1.5805,0.070152,1.7058,0.13905,-0.46786,-0.18493,-0.63465,0.47521,-0.23575,0.86234,2.199,0.58405,0.81296,-0.48445,-0.26443,-0.48523,-0.20094,-0.60926,0.49058,-3.7129,-1.0754,0.91653,-0.08494,-0.97578,-0.66831,-0.038491,0.33229,-0.7432,4.7696,0.071706,-0.73942,0.28756,0.84731,0.53018,-0.099176,0.44842,0.62901,-7.693,0.82521,0.8633,-0.32649,-0.71971,0.51294,0.21395,-0.36353
1,5.9245,0.35869,3.2286,-0.34484,-0.081067,-0.087423,-0.81737,-0.086686,-0.74374,6.5587,2.0687,1.3054,-0.18887,1.0316,-1.2866,-0.74277,-0.69774,-0.34048,6.4081,-3.2082,1.8473,-1.6959,0.056356,-0.72963,-2.2077,0.74829,0.90467,-8.3934,-3.8989,-1.3496,-1.8304,0.20966,2.8829,0.22048,-0.46738,0.2096,-9.6345,-0.74905,-0.88165,-0.7943,-0.10186,2.0948,0.5056,0.4505,0.11056
8,23.549,-6.4197,6.6236,0.11488,0.97589,0.22225,-0.73028,-0.33752,-0.24137,23.466,8.0368,1.1031,0.73311,0.42215,0.10573,-0.39666,-0.56599,0.37161,21.232,-8.316,7.8892,0.16925,-0.45443,-0.004283,-0.375,-0.026364,-0.65653,-17.928,2.1585,-8.891,0.23729,0.38625,0.64579,0.502,-0.29016,-0.42885,-22.424,4.6227,-1.5003,0.58686,-1.0869,-1.441,0.35056,0.16396,0.67611
1,11.801,0.21715,-1.9897,0.92834,-0.040918,-0.4114,-0.79677,-0.053735,-0.35932,6.8383,5.2689,5.5815,0.29841,-0.36789,-0.052254,0.77314,-0.24989,0.016853,7.8238,-2.9366,5.1386,0.50813,-0.59545,-1.8498,-1.3947,0.58039,-0.84236,-11.569,5.1467,-0.75114,-0.43685,-0.42628,0.52244,0.93039,-0.090913,0.19753,-7.3269,-0.46199,2.4931,-0.94636,-0.20672,1.2516,0.61455,0.91272,-0.17953
4,7.0888,-0.44366,0.5872,0.057148,0.11,-0.04657,-0.81403,-0.079118,-0.37762,7.1919,2.3775,8.1553,0.33225,-0.19053,0.9119,-0.25637,-0.58246,-1.0286,-9.125,-10.644,6.2635,-0.44718,-0.37768,-0.78899,-0.021503,0.52088,-0.60352,-7.3708,-3.7493,-2.0949,1.0225,0.12633,-1.6116,0.53266,-0.28119,-0.035507,-6.5247,-11.012,-2.3404,0.50242,0.36317,-1.1153,0.61925,0.10476,0.22905
3,14.355,-0.14765,-0.15247,-0.19938,-0.19916,0.037828,-0.90138,0.050545,-0.48525,-0.61409,8.7412,5.2134,-0.14648,-0.090067,-0.090049,0.74056,-0.086685,0.27027,-0.27237,-7.0264,7.8644,-0.15573,0.32884,0.075805,0.51845,0.51175,-0.48508,-6.7824,4.2107,-1.9527,0.012303,0.13245,0.20549,0.2733,-0.86897,0.073515,-13.052,-2.4828,-1.5941,-0.61685,0.044784,-0.36339,0.895,0.43907,0.034656
9,9.2011,-3.1935,2.5024,-0.013304,-0.049671,0.23511,-0.74692,-0.043733,-0.65273,2.0407,8.9697,0.33847,-0.18795,-0.69375,0.85913,0.24808,-0.95376,-0.19905,4.9659,-9.6102,-1.69,-0.27087,-0.058337,-1.2079,-0.056281,0.97536,-0.17979,-9.6649,0.74956,1.4001,-0.12078,-0.009733,-0.008419,0.72521,-0.62709,-0.3,-9.6496,0.72516,-1.7348,-0.1386,0.03979,-0.048545,0.85364,0.46342,0.42588
2,16.502,0.61431,7.067,-0.15562,0.051379,0.053919,-0.70533,0.16435,-0.54106,2.7081,9.0285,7.4731,-0.40905,-0.57246,1.3411,-0.089391,-0.18482,-0.67275,0.34755,-6.2527,9.5295,-0.074696,-1.2643,-0.49423,0.41063,0.75331,-0.74716,-16.236,-10.267,-5.6845,-0.069743,1.258,3.4951,0.36813,-0.74371,0.41582,-16.766,0.10289,-9.3408,2.8029,0.47435,3.6003,0.86845,0.65701,-0.079436
7,9.3699,-1.5598,4.1849,-0.25677,0.006221,0.27078,-0.57999,0.097865,-0.85488,-0.21933,-1.5398,10.572,-0.92039,1.4124,-1.2509,0.45476,0.36243,-0.79185,-0.72882,-2.8215,11.553,0.47423,1.5963,0.90956,0.45551,-0.12207,-0.87698,-3.0644,9.4443,-0.011536,-0.1335,-0.020024,0.097441,-0.26761,-0.92506,-0.15077,-2.117,-10.254,-1.3352,-0.017464,0.02676,-0.18758,-0.37191,0.89277,0.16044
3,9.2114,-1.315,2.176,0.34071,-0.040096,0.061556,-0.67479,0.12686,-0.62384,6.1496,5.012,4.5707,0.27411,1.034,-0.46217,0.18496,-0.38096,-0.16829,4.0548,-5.704,6.9054,0.36076,0.15369,0.65861,0.1161,0.45511,-0.67738,-9.5428,1.8683,-2.2501,-0.020275,0.044081,-0.72614,0.65976,-0.54357,0.17704,-10.96,-3.0528,-2.042,0.35678,0.44271,-1.5116,0.66823,0.60258,0.21012
4,-4.1528,2.0565,7.4844,-0.28209,0.50422,0.42198,0.68301,-0.065818,-0.46947,-7.2089,9.1411,-5.1738,1.1456,1.0356,1.1279,-0.26251,-0.61598,0.31066,5.4912,-7.6832,3.2548,0.29698,0.33824,-1.7167,0.023336,0.81934,-0.77691,-7.958,1.6015,2.2618,0.39544,-0.48047,0.037206,0.69694,-0.097719,-0.17764,-7.5408,-2.8825,1.5647,-1.0546,-0.27813,0.56047,0.37277,0.48625,0.13337
6,9.4562,0.38497,-1.5549,-0.038914,0.024778,0.34269,-0.90658,0.46401,0.44401,-3.189,6.6026,6.0605,-0.12889,-0.32568,0.22947,-0.3144,-0.45372,-0.78871,-1.5006,-2.5554,9.7295,-0.078224,0.13589,0.090558,-0.37289,0.57706,-0.6929,-3.8788,6.16,-1.4412,-0.52135,0.58793,2.0523,0.34379,-0.64142,0.34324,-6.907,-10.537,-2.1905,-0.19973,-0.33407,1.2884,0.56966,0.58411,-0.30212
5,7.8088,1.5133,4.6552,-0.42625,0.15244,-0.057975,-0.61929,-0.23873,0.082432,4.0409,7.9203,4.8827,-0.008006,-0.26888,0.032493,-0.80507,-0.47237,-0.26849,6.1528,-5.3572,4.7045,-0.36612,0.43505,0.049505,-0.88034,0.2569,-0.57189,-2.5447,13.897,0.03399,-0.02126,-0.75658,2.4421,0.34224,-0.4592,-0.29078,-5.4244,-12.524,-1.2819,0.10266,0.005537,2.3222,0.31261,0.40421,0.15673
1,11.798,-1.5121,1.6882,0.52077,0.40404,0.42664,-0.90222,0.007912,-0.63684,12.43,2.7134,4.3109,0.5301,-1.1617,1.7726,-0.75499,-0.96357,-0.3043,13.285,-4.0468,1.6462,0.24215,-0.041685,1.9945,-0.55198,0.55028,1.1023,-14.557,2.4993,-2.1594,1.5546,0.51424,-1.5494,0.13846,-0.61076,-0.01485,-10.811,-4.8637,2.1457,-0.26966,-0.22159,-2.0209,0.71608,0.079939,0.14769
9,8.9623,-0.46687,4.6305,0.69152,-0.16471,0.39718,-0.58664,-0.35701,-0.58264,2.5715,5.8751,7.8415,0.35717,0.66754,0.39293,0.016158,-0.8178,-0.35364,-1.0221,-7.6603,6.7832,0.24767,-0.066218,0.52468,0.47427,0.40204,-0.66723,-9.5761,5.6076,-3.2969,0.037745,0.031077,0.12264,0.93083,-0.13944,-0.12627,-9.2819,-6.3431,-0.020687,0.34693,-0.22477,0.19263,0.46034,0.67553,0.4417
9,8.5587,1.5068,2.5616,0.47155,-0.043623,0.095139,-0.69609,-0.51604,-0.24709,1.0114,4.8974,6.8918,0.029915,0.12964,-0.37894,0.074702,-0.77992,-0.44044,0.83964,-5.5364,6.6769,0.085448,-0.087112,-0.039108,-0.035266,0.14408,-0.88641,-9.5299,-4.0742,-0.38813,-1.6432,0.11287,1.6244,0.73432,-0.098295,-0.54146,-10.526,-0.10334,-1.4751,-0.89208,0.07077,0.59106,0.65794,0.097798,0.62935
4,11.737,0.1086,3.6617,-0.79879,-0.49377,-0.26491,-0.71594,-0.000919,-0.48652,-5.4543,6.3199,4.1229,-0.002771,-0.72467,-0.10656,0.17373,-0.61218,-0.69701,-2.749,-5.8941,6.7084,-0.32583,1.2849,0.87182,0.48367,0.43458,-0.71441,-12.252,2.7113,-3.8649,0.002169,1.0828,2.3885,0.42323,-0.44107,0.085931,-11.719,-3.0388,-2.5328,-0.18842,-0.2055,1.1559,0.54085,0.38517,0.1107
7,6.8395,-2.1484,9.4923,-0.023658,0.18591,-0.37255,-0.307,0.077831,-1.0037,-7.6323,-6.9628,8.5196,-2.5546,-0.38057,-3.114,0.53125,0.26191,-0.76601,-12.96,3.316,-6.4396,2.1312,5.3539,0.78411,0.7959,-0.47027,-0.22153,-0.19233,4.593,3.6018,1.0507,-0.085575,0.69315,-0.38431,-0.81575,-0.32041,0.19734,-9.9791,-0.18034,1.3707,-0.13158,-0.47472,-0.42628,0.86346,0.14333
5,7.5435,-0.007174,5.6095,-0.42407,0.18479,0.16625,-0.78147,-0.10327,0.001116,4.6653,8.5006,0.09406,-0.019785,0.28429,0.083942,-0.79012,-0.31944,-0.21733,7.4875,-2.4545,4.686,-0.020692,-0.026295,0.30049,-1.0028,-0.12464,-0.61082,-4.4604,15.366,0.2376,-1.0068,-0.11581,2.2901,0.28474,-0.43496,-0.20196,-1.2063,-7.6315,-1.9998,-0.63818,-1.0092,2.9898,0.17674,0.48477,0.23462
8,0.585,-0.17612,-0.77702,-0.60008,-0.40709,0.29534,-0.63164,0.44732,0.26908,-0.71679,0.5015,1.4505,-0.58613,1.2875,0.055464,-0.58967,0.30954,-0.2143,3.2039,-1.5669,1.7811,0.28572,0.93303,-0.018476,-0.8183,0.10956,0.08946,0.88613,0.20574,0.093806,1.7211,0.23028,0.010174,0.637,0.10163,0.56486,-1.3256,-7.4868,3.3553,-1.8773,0.1239,0.27471,0.63746,-0.25257,-0.24115
8,8.6762,0.899,1.7619,0.31725,0.96029,-0.18001,-0.81948,-0.29777,0.22585,7.9812,3.9768,2.1087,0.46984,0.064492,-0.10743,-0.63231,-0.004196,0.48577,9.6555,0.78853,-2.0671,2.8854,0.76567,-0.053928,-0.54597,-0.43043,0.17074,-10.245,9.9817,-0.4982,-0.6175,-1.1078,-1.4238,0.50584,0.14259,-0.403,-11.2,-7.2013,0.35394,1.1142,-0.85943,2.0416,0.45568,-0.28272,0.50314
3,8.5521,-0.25648,1.0938,-0.35631,0.39089,0.138,-0.7254,-0.028428,-0.62256,1.9443,6.1417,6.8255,0.023707,-0.44096,1.3907,0.87041,-0.15253,-0.24276,2.1918,-3.9311,8.4272,-0.42601,-0.92851,-0.34114,0.13673,0.21802,-0.73001,-8.021,3.134,-3.1413,-0.1509,-0.64791,-1.4183,0.73556,-0.55351,-0.16483,-9.7475,-3.4633,0.022324,-0.16516,-0.015097,-0.78021,0.75018,0.4654,0.43581
3,6.1639,-1.1983,0.94519,-0.5695,-0.40328,0.67196,-0.75585,0.047172,-0.73794,-0.73309,11.431,-0.45523,-0.17137,0.40509,3.0245,1.1478,0.13419,0.43943,2.9894,-6.8709,6.2272,0.36621,-1.7935,-1.1563,0.053432,0.45903,-0.62651,-11.775,2.9182,3.5256,0.19748,0.17487,-2.0997,0.83697,-0.37197,-0.35074,-11.177,1.6878,1.9771,-0.57129,-0.14998,-0.62215,0.83288,0.2601,0.47179
5,9.7749,-1.7741,2.1346,-0.046054,0.090235,0.22093,-0.62309,-0.19925,0.15208,-0.061666,8.8825,4.4729,-0.14748,0.020558,0.11084,-0.1531,-0.56544,0.024416,0.39737,-3.4818,9.4683,-0.20862,0.11934,0.047453,-0.40567,-0.054039,-0.62485,-0.8052,8.1257,-1.2636,0.59423,0.051898,-1.6472,0.21393,-0.59428,-0.25647,-1.4389,-10.589,2.2819,0.53914,-0.42291,-1.2831,0.2135,0.51098,0.10965
1,15.289,0.39539,2.1525,0.49223,0.56004,-0.22952,-1.0865,0.096777,-0.43094,-0.72743,9.2738,6.4486,0.24027,-0.095573,-0.12224,-0.079812,-0.57664,-0.80797,0.17222,-6.83,7.9828,0.052879,-0.19685,-0.35238,0.2032,0.98228,-0.83411,-14.532,3.7887,-2.2113,0.28916,-0.16748,0.28967,0.71197,-0.29247,0.40828,-14.222,-6.3911,3.6054,1.7485,0.44445,1.8086,0.21921,0.76747,0.12539
2,9.2619,-0.58256,2.0996,-1.5918,0.52439,-0.49647,-0.8822,0.11204,-0.51727,-7.3127,1.8905,4.429,0.65951,-0.22695,3.0175,0.88009,-0.08692,-0.35283,-6.5973,-11.122,2.218,-1.8987,2.5566,-1.3076,0.039773,1.2172,-0.15182,-5.117,-9.4412,-3.2745,0.37982,0.40665,0.90443,0.50154,-0.49561,0.47953,-21.189,-5.2712,1.3089,-1.1452,-0.45592,4.0785,0.97613,0.32873,-0.082317
8,1.4281,-0.099307,-0.72793,-0.13014,-0.20266,-0.001124,-0.4385,0.054751,-0.68146,-0.49959,3.4284,0.46566,0.55304,0.19153,0.36495,-0.5529,-0.38895,-0.34908,0.79198,-0.68638,0.45953,-0.35404,0.18185,0.086977,-0.49676,0.38425,-0.4033,0.36416,-1.116,1.086,-0.42413,0.073126,0.28704,0.67116,-0.29159,0.047317,-0.48121,-1.6424,0.12021,-0.47933,0.11193,-0.45478,0.66682,0.2091,0.27882
3,13.094,0.31788,3.6509,-0.24751,-0.39332,0.098936,-0.73134,-0.096443,-0.60855,5.4589,7.3364,0.56662,1.1568,0.29212,-0.13531,0.10761,-1.0388,-0.28882,7.3717,-5.1011,5.3372,-0.37351,0.41863,0.44555,-0.15493,0.42234,-0.60006,-10.227,2.0592,3.2407,-0.13952,-0.90057,2.145,0.91049,-0.43855,-0.43633,-19.645,3.7623,1.0291,0.2716,-0.26876,1.5978,0.72143,0.32892,0.46492
6,8.0931,2.0942,5.5065,-0.35005,-0.040405,0.12579,-0.92842,0.18862,-0.17223,0.29704,8.7313,4.5404,-0.013066,0.011687,0.066228,-0.64923,-0.61521,-0.52004,1.0896,-4.4956,8.5588,-0.0613,0.07463,0.12002,-0.63911,0.67907,-0.56733,-9.9543,9.2059,0.22575,-0.08123,-0.38694,1.034,0.68988,-0.19662,0.21183,-2.6088,-3.4021,-0.78315,-0.80676,-0.20741,1.0968,0.53247,0.68533,-0.093506
7,8.8824,0.60158,5.1514,-0.44312,0.30605,0.15919,-0.60162,-0.065876,-0.76703,1.5988,4.1442,12.492,-0.6013,0.23434,-1.6879,0.43098,-0.14305,-0.84293,1.2565,-1.9578,12.698,0.62766,0.80842,1.2425,0.33311,-0.19595,-0.87179,-3.869,8.6525,-2.5903,0.11347,0.13568,0.082323,-0.10393,-0.95118,0.077814,-2.6842,-8.3266,-5.7922,-0.15483,-0.052178,0.029265,-0.23432,0.75462,0.56308
9,0.025385,0.028845,1.0645,0.65762,1.0693,-0.5615,-0.43298,-0.70834,-0.43779,3.9922,-3.68,-0.64089,-0.753,-0.91213,-0.69658,0.82476,0.27702,-0.36255,10.782,-1.4903,-14.003,3.9903,-0.59283,4.8289,0.60017,-0.68843,-0.18737,-1.2509,-0.24591,-0.32801,-0.91489,-0.016202,0.27506,0.76902,-0.10226,-0.49101,-1.9436,2.9164,2.6204,0.85419,0.92524,0.39835,0.69226,-0.26279,0.53697
7,6.8557,-0.18834,6.4178,0.13708,-0.031578,-0.004047,-0.34529,-0.01118,-0.89678,-5.4027,2.8072,7.7027,0.039372,-0.073117,0.24519,0.8531,-0.084833,-0.43392,-4.1972,-0.89256,8.7873,-0.073437,-0.061367,0.015423,0.72533,-0.1406,-0.60592,1.2081,9.7897,0.19069,0.068484,0.085529,0.47461,-0.54398,-0.75955,-0.21221,2.444,-9.6349,0.54496,-0.12399,-0.014056,-0.44358,-0.66682,0.70156,-0.019015
5,6.3885,1.261,6.2621,-0.061138,-0.29222,0.041505,-0.65987,-0.20674,-0.059882,5.1567,7.1155,-3.3356,-0.050096,0.031986,0.16222,-0.78375,-0.2511,-0.11767,6.2083,-6.9757,1.7379,0.050996,0.017085,-0.092335,-0.95261,0.28005,-0.61131,6.8714,1.4891,1.941,0.17139,0.61726,-0.64611,0.14309,-0.56666,-0.41029,-1.6686,-10.906,-4.3626,0.47157,0.051363,-0.57069,0.35026,0.2957,0.26012
2,4.1042,-1.0431,0.82229,-1.3754,0.55913,0.27935,-0.92076,0.045386,-0.79878,3.4129,4.5347,1.5086,0.25338,-1.2053,1.5377,0.51246,-0.97367,-0.60345,-5.9323,-4.0115,3.4752,-0.38204,0.53421,-0.17974,0.20622,1.277,-0.55114,3.7901,-19.54,-4.2744,0.49743,-0.43092,-0.56135,0.24096,-0.83547,0.067444,-7.3359,-8.1502,-3.5615,-2.1549,-0.93704,2.0995,0.75466,0.25028,0.32734
3,-4.8878,7.7928,5.1734,0.44558,0.62191,0.30167,0.46838,-0.26659,-0.8323,5.1547,7.5865,-3.6704,-0.28831,1.1052,1.4281,0.73293,-0.53552,0.5238,4.7806,-7.5347,3.2908,0.20905,-0.83122,-1.0463,-0.14732,0.60006,-0.49302,-5.2584,-1.0438,-1.6643,0.46191,1.1739,-1.8868,0.73107,-0.41371,-0.41941,-8.8349,-4.6135,-3.6189,-0.10466,0.44681,-0.61331,0.72882,0.41756,0.63501
6,9.7522,1.4212,0.4278,0.15776,-0.28771,-0.069065,-0.78155,-0.038105,0.35878,1.4624,2.2034,9.7866,0.015444,-0.019431,0.10187,-0.44551,0.030314,-0.64081,0.44093,-1.2503,10.155,0.007609,-0.052814,0.21909,-0.45957,0.45557,-0.61512,0.18946,-1.2183,1.0061,-0.072248,0.098165,0.68112,0.69497,-0.32705,0.13483,-6.3832,-13.05,-5.1309,1.0078,0.26583,-0.25688,0.6357,0.3144,-0.19911
7,4.085,0.58145,8.1556,-0.052168,0.4532,0.26578,-0.29469,0.022882,-0.92673,-1.2628,8.5062,-1.6082,1.2914,-1.4049,-1.3737,0.73593,-0.59787,-0.17803,-1.9839,-3.0083,6.737,-0.42437,0.13747,1.5057,0.52791,-0.12094,-0.80295,-1.7475,10.925,2.4368,-0.10324,-0.38375,0.78616,-0.27398,-0.79843,-0.4604,-5.0289,-11.858,1.0329,-0.71825,-0.24037,-0.93709,-0.023837,0.96781,0.095055
2,6.1535,-0.088093,1.0516,-1.0893,0.68707,0.18492,-0.84271,0.24093,-0.46867,2.9006,2.0247,0.093312,-1.4021,-1.1325,-0.14592,0.17734,-0.55901,-0.49579,-2.3474,-6.3197,2.4167,-1.2779,0.39236,-0.95648,-0.63453,0.89586,-0.1282,0.078807,-10.974,-1.7005,-1.4427,-0.98574,2.7374,0.76724,-0.52775,0.36502,-7.224,-10.467,0.63414,-0.63774,-0.29611,2.3706,1.2183,0.44319,-0.072032
1,7.1308,-0.2597,-3.053,0.071262,0.73057,-0.045972,-1.1293,0.15682,-0.38228,2.2269,7.1788,5.3117,0.07988,-0.24688,0.54006,-0.24533,-0.56645,-0.79816,1.0642,-7.0868,7.3713,0.065127,-0.2794,-0.050233,0.15685,1.0287,-0.81172,-11.572,3.2071,-0.77706,0.72316,-0.13404,-1.666,0.25447,-0.74129,0.28743,-11.764,-2.039,-1.9514,-0.2569,1.0909,-1.8484,0.71024,0.59519,0.16238
4,11.259,0.561,3.5652,-1.2913,-0.081654,-0.47795,-0.72681,-0.099819,-0.51656,-0.91138,8.1549,5.8104,-0.30863,0.34675,-0.50407,-0.1791,-0.6355,-0.65018,-0.074676,-5.8216,7.2689,-0.059057,0.56311,0.63127,0.091978,0.488,-0.91306,-10.564,0.94455,-0.84452,-0.46862,0.33401,2.0162,0.46888,-0.36284,-0.17766,-11.726,-0.18384,-2.8422,-0.24236,-0.41091,1.1145,0.51677,0.22531,0.28948
2,13.121,-2.3741,-14.879,1.7382,2.3758,-0.43627,-0.93261,0.033949,-0.46643,3.3669,11.341,-3.8982,-0.53887,-1.6522,-0.12194,-0.63397,-0.77246,-0.22481,5.2043,-8.4341,4.2119,0.464,3.257,-0.78069,-0.29808,0.36418,-1.0588,-28.826,1.5539,-4.4254,0.003414,-0.86725,3.7988,0.79181,-0.48792,0.007104,-2.201,46.907,-9.2434,-0.82434,0.93531,0.49065,0.81777,0.66372,0.081201
3,6.9035,-0.83471,0.4847,0.23994,-0.59654,-0.055342,-0.7548,0.12701,-0.52615,6.4942,6.4131,3.8151,-0.26083,-0.01757,1.3948,0.062407,-0.368,-0.16709,4.3595,-5.7134,5.9736,-0.70598,-0.58555,-0.75725,-0.033062,0.53738,-0.65733,-7.7423,2.3909,-1.5726,0.83697,-0.073289,-1.5011,0.62235,-0.68722,0.1176,-7.6605,-3.2697,-2.296,1.1724,0.16282,-0.75698,0.92457,0.29249,0.11415
2,15.831,-0.20248,4.2078,-1.6072,0.41227,-0.13487,-0.94431,-0.046409,-0.78986,1.8534,15.179,3.1979,0.51488,-0.49252,0.001571,0.61553,-0.92566,-0.62052,-1.1353,-17.874,6.6153,-2.007,1.5215,-0.872,0.17497,1.3287,-0.55145,-15.032,-8.8398,-1.8878,-1.487,0.16051,3.0229,0.32991,-0.76465,0.2107,-20.546,3.3087,-5.0388,-1.1609,-1.0805,3.5316,0.56388,0.5072,0.34762
8,-1.7859,-0.03954,0.11279,0.1158,-0.079013,0.038595,-0.44743,0.023157,-0.6715,-0.57514,-0.51529,-0.2768,0.15658,-0.018362,-0.033461,-0.47533,-0.46477,-0.36111,-0.59542,0.95847,0.33731,-0.54807,-0.024869,0.16824,-0.46142,0.47216,-0.35669,-0.72578,1.1318,-1.193,-0.6627,-0.22389,0.68113,0.65856,-0.31452,0.060733,-1.1208,-3.4915,-0.32344,-0.10622,0.01481,-0.97928,0.64809,0.25676,0.28626
6,8.1735,2.4131,4.0822,0.67082,0.089289,-0.3616,-0.9225,0.21829,-0.15499,1.4168,8.6083,4.5823,0.10966,0.15815,-0.18753,-0.71422,-0.54496,-0.52989,1.3725,-4.6996,8.5009,0.081328,-0.28031,0.018745,-0.66313,0.65425,-0.57256,-10.865,12.104,0.088749,-0.12476,0.081957,-0.54708,0.69942,-0.14771,0.19784,-2.8409,-2.5333,-0.85275,0.49317,0.40979,-1.1299,0.55553,0.66294,-0.11625
1,9.7696,-2.8786,0.040423,0.70043,-0.055459,0.36733,-0.91781,0.17926,-0.48362,8.9431,-0.13288,2.3974,0.1988,-0.062488,0.42457,0.31106,0.447,-0.80588,9.6294,-3.6493,1.5851,1.8505,-0.43405,0.89761,-0.82687,1.0251,0.42751,-10.08,-3.3728,-2.036,-0.23578,-0.13189,-1.9218,0.55132,-0.53241,0.41964,-16.906,0.29454,-1.9203,-0.96885,0.16744,-2.4752,0.98868,0.47266,-0.1231
9,10.375,2.3152,-1.1667,-4.3383,0.31895,0.22764,-0.83739,0.33632,-0.15908,11.361,7.9772,-7.8642,2.273,-2.8202,-1.9732,0.17907,-0.78009,0.37312,9.1337,-2.8797,-1.1136,-2.4588,2.9018,-1.9003,-0.4228,0.66807,-0.4277,-12.337,-3.4435,5.1645,2.4952,-1.2578,0.16323,0.71669,-0.50597,0.11382,-8.4067,8.4571,-3.9925,-4.6839,-0.60101,-1.1643,0.65336,0.55151,-0.26711
2,-2.2326,-1.9003,-0.20614,-0.9945,-0.11849,0.75247,-0.70709,0.1445,-0.55292,8.5626,-3.2546,-1.6468,0.78737,-1.4106,0.47438,0.31084,-0.76897,-0.072576,-6.1697,-2.1992,2.003,-0.56351,1.5955,-0.93092,-0.062229,0.96391,-0.25918,7.2725,-16.124,-6.745,3.9926,1.2536,-1.4245,0.4354,-0.63525,0.39905,-1.0759,-11.736,-3.5702,0.25091,-0.84892,1.3035,1.1637,0.3924,-0.24768
8,-0.37317,0.39139,0.1605,-0.08229,-0.25983,-0.15283,-0.72373,-0.31509,-0.33204,-1.1373,-0.42209,1.1812,-0.15607,-0.15969,-0.15318,-0.36939,-0.60805,0.37303,-1.8855,-0.39615,0.85379,0.083996,-0.014011,-0.088596,-0.41632,0.035865,-0.66765,-0.94138,2.9401,-0.30483,0.74713,0.46621,-0.07011,0.45279,-0.32361,-0.49853,-1.0784,-2.4004,0.20106,0.54014,0.15556,0.11745,0.46031,0.19873,0.60249
7,10.478,-0.71195,-0.171,-0.14278,0.22858,-0.074538,-0.75942,-0.18742,-0.54837,2.5083,10.087,-0.544,0.42456,0.063457,0.34886,0.47716,-0.80824,-0.099153,5.0697,-3.4138,8.7408,-0.26392,-0.3319,-0.1341,0.28952,0.003465,-0.91521,2.1193,9.3544,2.9706,-0.089412,-0.069736,0.15057,-0.71744,-0.55939,-0.3213,-0.085877,-9.5156,2.8055,-0.037493,-0.16102,-0.16954,-0.58267,0.77129,-0.095206
7,8.4685,-0.61368,-3.9987,0.091291,-0.26648,0.015135,-0.95394,-0.076294,-0.30491,-5.0138,-0.60734,5.7457,0.02265,-0.50735,1.2428,0.69185,0.12442,-0.58045,-4.4186,-0.56752,6.678,-0.46873,-0.97927,-0.68389,0.59839,-0.29573,-0.58397,2.6052,9.2252,-1.8057,-0.008856,0.1383,0.50401,-0.73578,-0.5752,-0.10923,2.9381,-9.1694,-1.8315,0.035511,0.11001,-0.47198,-0.75048,0.51217,0.18042
6,9.3816,-0.99227,1.8787,-0.42173,-0.19004,0.34661,-0.84247,0.35174,0.20853,-0.005876,4.4526,7.9731,-0.20171,-0.16004,-0.092966,-0.46604,-0.097732,-0.77624,0.33314,-1.7944,9.6229,-0.10141,0.39228,-0.004667,-0.36612,0.50244,-0.66096,-7.125,6.68,-3.9217,-1.2664,0.56716,2.2344,0.43088,-0.35103,0.47668,-8.2948,-9.3438,-2.3588,-0.39892,0.14299,1.9591,0.58802,0.2726,-0.37865
6,10.425,2.3774,-0.003913,-0.52823,-0.008864,0.21073,-0.7656,0.29139,0.3118,-3.2483,10.429,-0.39792,-2.627,-0.63874,0.404,-0.192,-0.70344,-0.31228,1.4079,-4.1772,7.981,-0.28002,-0.023225,0.098566,-0.43254,0.70715,-0.366,-8.5539,10.001,-5.7863,-0.09744,0.66536,1.9457,0.58148,-0.23482,0.3521,-9.089,-7.2945,-4.2095,-0.44586,-1.7077,2.423,0.56848,0.50543,-0.1388
8,21.498,-5.6258,2.6338,-0.052504,0.042802,0.001879,-0.74244,-0.34027,-0.19887,22.506,7.5071,-1.6987,-0.83257,1.0079,0.32493,-0.38143,-0.55348,0.3869,21.646,-5.1136,6.1707,0.19866,0.71211,-0.3688,-0.41056,-0.092008,-0.62509,-15.065,-13.645,6.1305,-0.98361,0.11,0.48972,0.51425,-0.26181,-0.44692,-19.963,16.636,-1.362,-1.6886,3.0407,0.49552,0.32465,0.15562,0.69409
0,6.804,-0.34193,3.7113,-0.23005,-0.59155,-0.1934,-0.77883,-0.21469,-0.74447,5.4077,4.6028,5.5551,-0.32271,-0.026071,-0.069585,-0.50933,-0.73809,-0.7405,5.9649,-4.6293,5.3552,0.032501,-0.010381,0.21148,-0.47014,0.77241,-1.0963,-9.3224,1.1207,-1.51,0.59972,0.085216,-1.4393,0.41202,-0.5921,0.039289,-6.9346,4.4637,-1.888,2.0653,0.22703,-1.3356,0.37499,0.59287,0.23113
2,4.3234,0.22478,1.7681,1.672,0.20162,0.005866,-0.94702,-0.007148,-0.78076,-4.88,5.1244,3.0043,0.090064,1.0423,0.47517,0.25397,-1.0774,-0.42749,5.7363,-2.1963,-0.88441,-0.28045,-1.4778,0.58288,0.66298,0.54128,-0.95621,-9.5871,11.151,-3.6594,1.2211,-0.2269,-2.6667,0.56666,-0.37521,0.36113,-0.25614,13.751,-0.38258,1.0925,-0.43511,-0.27247,0.374,0.68303,0.32271
8,-1.745,0.13726,0.16542,-0.3539,0.056085,0.2889,-0.73487,-0.32178,-0.3135,-1.0981,-0.12175,2.372,0.37434,0.28201,-0.2574,-0.39714,-0.59733,0.3737,-1.7014,-0.14867,2.3158,-0.79293,0.069725,0.16143,-0.42801,0.095503,-0.65836,-0.5174,3.2068,-5.5726,0.31155,-1.4648,0.62155,0.4871,-0.3421,-0.46323,2.0089,-6.3191,-1.7447,0.061405,-0.60426,0.2587,0.50744,0.19117,0.57442
5,9.7162,-1.5246,1.5488,0.030975,0.066033,0.074915,-0.61052,-0.20723,0.17734,1.2486,6.4999,7.5741,-0.27691,-0.090342,0.10876,-0.21216,-0.51337,-0.17118,1.1761,-2.7173,9.371,-0.074066,0.013488,0.056603,-0.44231,-0.14371,-0.58642,-1.7046,8.208,-1.0477,0.55617,0.014057,-1.6196,0.25167,-0.56389,-0.23555,-0.76061,-9.9996,2.1015,0.30281,-0.22516,-1.279,0.19211,0.52191,0.12403
1,9.2602,1.7554,0.98901,-0.64393,0.23934,0.16629,-0.73811,0.004408,-0.47097,11.132,4.5493,-0.80213,0.39655,0.57387,-1.219,-0.38212,0.076158,-1.6495,9.918,-2.481,4.0645,-0.85034,-0.75142,-0.5766,-1.3385,0.56983,-0.064985,-12.018,-1.7595,-1.5108,0.29756,-0.2611,2.6434,0.63104,-0.57555,0.26316,-10.316,-1.5081,-1.3399,-0.41342,-0.062083,1.6123,0.9895,0.71402,-0.097463
9,9.2064,-1.5549,0.48079,2.831,-0.663,0.28557,-0.71496,0.039366,0.25965,9.4374,4.5307,-0.80437,2.5526,0.85484,-0.38925,-0.73005,0.016878,0.13347,5.1269,-10.659,-2.6832,1.1454,-4.1114,2.5229,-0.085029,0.54118,-0.5171,-9.2256,1.2465,-2.7319,-0.56291,0.062971,-0.16736,0.65958,0.251,0.17906,-8.8923,0.65635,-0.8172,-3.5991,0.085715,-0.26663,0.67345,-0.25739,0.098427
8,3.4229,-0.073271,1.3568,-0.16362,0.24755,-0.070737,-0.62891,0.47963,-0.2337,-3.0649,12.29,-1.956,1.502,0.47277,-0.14512,-0.17075,-0.65465,-0.38309,1.211,-9.4972,-9.1175,0.47835,0.66182,0.13608,0.16557,0.42679,0.6365,-5.9647,3.2471,-7.406,-0.60448,0.11518,0.11464,0.45524,-0.040374,0.52186,-7.596,0.5957,-5.2644,-0.1635,0.78528,-0.19673,0.41005,0.040553,-0.50612
4,27.812,-5.6354,27.384,-2.062,-2.9126,-1.5519,-0.7947,0.1921,-0.52673,-2.2681,13.432,-0.76367,-0.39052,-0.65228,-2.0815,0.01006,-1.0954,-0.093718,-4.3967,-5.1178,6.8691,1.6253,-0.59063,1.0491,0.41769,0.32427,-0.7204,-19.63,-2.0428,-0.76191,-1.5534,0.80868,-1.87,0.50664,-0.31887,-0.16303,-17.343,-2.9585,0.50114,0.47808,-0.065675,-2.0313,0.3816,0.40766,0.1328
6,10.039,-0.69883,1.9879,-0.18356,-0.10545,0.278,-1.0292,0.44151,0.12379,-1.7796,9.2766,2.966,-0.11174,-0.64254,-0.049418,-0.43852,-0.68954,-0.59008,1.1209,-1.4984,9.8512,-0.10219,0.23336,-0.1902,-0.54073,0.52144,-0.68482,-9.9051,7.4809,-0.28037,0.20405,0.24315,0.74198,0.61338,-0.2368,0.27396,-0.94152,-2.2385,2.2069,-0.12037,-0.086053,0.92739,0.47278,0.57644,-0.34877
8,15.567,-1.5592,-4.4021,1.8191,1.6458,-0.3588,-0.89712,0.20993,0.45396,25.828,1.143,-2.5846,4.0909,-3.7221,7.1137,-0.91856,-0.3638,-0.061004,25.572,-3.1401,0.14659,0.24967,-1.1538,-5.1899,-0.94888,-0.090092,0.27435,-14.371,-11.112,0.26025,-2.6518,-4.2353,0.6345,0.86931,0.36727,0.29653,-19.743,35.108,-2.1491,-0.55474,1.4425,1.8804,0.92688,-0.21571,-0.24346
2,8.1262,5.1011,-3.4189,1.3303,-0.24384,0.068714,-0.41251,0.008853,-0.81005,-0.99764,7.9829,6.1633,0.45809,0.62965,-2.3875,-0.037689,-0.19741,-0.66765,0.10718,-11.11,9.0711,-0.009129,1.8143,1.1712,0.34936,0.77002,-0.81393,-14.172,-1.0002,-5.3372,-1.2294,0.65105,3.6244,0.79704,-0.32643,0.35364,-28.497,-14.586,2.1632,1.9767,1.1055,-1.1196,0.6931,0.78374,-0.11995
7,8.1264,0.030606,6.0593,0.18172,-0.036424,0.044856,-0.44924,-0.075731,-0.84796,-3.7219,8.1454,-1.8655,-0.47959,0.54351,0.81037,0.73769,-0.59628,-0.10831,-2.9174,-2.7485,7.857,-0.087146,-0.30152,-0.81607,0.56806,-0.11584,-0.77102,0.93061,10.164,6.1409,0.051323,-0.11345,0.50051,-0.61518,-0.60246,-0.43513,-0.24357,-9.8655,1.3017,-0.036245,0.040015,-0.63494,-0.44918,0.86121,-0.01316
3,8.349,-1.2754,-3.0851,0.38468,-0.30537,0.022266,-0.93328,-0.18229,-0.086521,7.983,4.7172,3.2617,-0.088103,0.34803,-0.21673,0.1564,-0.80853,-0.32821,8.8488,-4.2262,0.03071,0.098745,-0.016218,0.46352,-0.49007,0.42394,-0.36386,-8.6888,2.2252,-2.0948,-0.26399,0.027014,-0.62361,0.85277,-0.26479,-0.33306,-9.328,-3.0396,-1.6908,0.18008,0.72081,-1.0044,0.72699,0.43811,0.56262
8,23.455,-8.2533,2.2815,0.26065,-0.13405,0.11398,-0.7323,-0.3302,-0.2309,28.286,3.2969,-5.3152,1.5529,1.5706,1.1841,-0.30752,-0.62932,0.34044,29.081,-6.8566,0.90686,0.30057,0.65883,-0.58933,-0.38681,-0.031449,-0.64066,-10.482,-33.992,2.2141,-1.9056,0.057092,-0.87286,0.50292,-0.26791,-0.42681,-15.176,15.074,-0.12752,-0.94239,4.1535,1.6657,0.33965,0.19452,0.66891
2,0.65988,-0.68097,-0.81251,-0.6135,0.54626,0.32792,-0.87854,0.14395,-0.49804,2.0245,-2.103,0.6833,-0.93892,-1.5661,-0.098328,0.20361,-0.78447,-0.322,-6.0476,-0.1478,0.33446,0.10154,0.54623,-0.13625,-0.011502,1.1531,-0.24984,2.9747,-7.879,4.3623,1.6867,-0.48949,-0.641,0.57106,-0.46261,0.50177,0.60539,-20.097,2.4532,-1.2013,-0.19559,1.4094,1.0513,0.12717,-0.077642
3,8.7735,-0.13495,-3.9017,-0.46702,-0.20913,-0.20824,-0.91126,-0.2417,-0.12051,5.6984,6.8743,3.4163,0.27807,-0.4339,0.60341,0.48113,-0.67091,-0.16569,8.2419,-5.1364,1.7028,0.23327,0.075179,-0.76404,-0.50201,0.4065,-0.46912,-10.377,7.5259,-1.8635,-0.17119,0.36983,0.70826,0.86188,-0.18663,-0.30785,-7.5554,-3.2654,-3.7518,-0.28452,-1.4131,1.5487,0.74721,0.462,0.56002
3,6.8168,3.4115,-2.5625,0.44647,0.01797,-0.24845,-0.95774,-0.11162,-0.17063,4.3146,7.5283,4.4715,-0.37943,0.77492,-1.4899,0.55807,-0.48165,0.073017,3.6593,-7.3416,5.6757,-0.25191,0.99884,1.2476,-0.093619,0.49666,-0.61926,-11.197,-0.55206,-1.7047,-2.7394,-1.4871,2.0767,0.86805,-0.36308,-0.18702,-8.5306,-5.4765,-1.6701,-0.92889,-0.054552,0.77522,0.63857,0.57702,0.59773
1,7.8821,-1.1729,0.36699,0.2777,0.46068,-0.25261,-0.8202,0.11288,-0.36182,8.7196,0.037466,3.7403,0.080707,0.46609,-0.85535,0.63272,-0.29354,-0.36106,7.9645,-4.2473,3.6884,-0.015838,0.1537,0.25663,-1.3246,0.90451,-0.75315,-9.2507,0.127,-1.9776,0.40684,0.097948,-0.97875,0.75402,-0.4717,0.27466,-9.3393,2.3867,-0.51719,1.2652,0.71967,-2.2826,0.73395,0.9505,0.035258
8,3.4821,-2.4529,2.8936,0.12344,-0.21283,-0.036031,-0.72913,-0.33195,-0.29292,4.9216,4.9954,0.62272,-0.90578,-0.27918,0.18954,-0.37527,-0.5563,0.42633,5.9592,-3.9689,3.0018,0.23343,0.3366,0.055453,-0.43963,-0.01925,-0.6346,-7.5886,3.0214,-1.5402,0.78446,1.5769,-0.41824,0.49068,-0.25782,-0.49123,-7.12,-2.1542,-3.0918,0.047576,0.91905,0.014372,0.44844,0.14556,0.62916
4,8.4021,-0.010187,0.82248,-0.51517,0.24406,-0.12976,-0.83881,-0.073316,-0.33052,6.6675,5.0446,7.2253,-0.37979,-0.19818,1.5337,-0.34763,-0.65068,-1.1457,-8.56,-10.03,5.8842,-0.5779,0.19425,-0.73299,-0.084471,0.54343,-0.60338,-7.3591,-3.9436,-1.8102,1.1288,0.24114,-1.2935,0.52779,-0.28086,-0.051158,-7.4592,-6.3522,-0.72986,0.067312,0.21964,-1.1818,0.61995,0.091116,0.21626
8,1.0369,-0.7404,0.39785,-0.14946,-0.10642,0.054277,-0.73044,-0.32928,-0.2993,0.60079,0.11781,3.669,0.39091,-0.32127,0.34209,-0.39793,-0.54258,0.43779,-1.4351,-2.1421,1.4221,-0.69052,-0.27362,0.038887,-0.42494,0.007405,-0.65486,-4.5571,2.7351,-3.4379,-0.118,-1.9742,0.86945,0.49133,-0.34186,-0.44113,-1.2117,-0.39462,-1.0777,0.11867,-1.4613,-0.17722,0.45322,0.18811,0.61375
5,9.0664,0.46733,2.3427,0.070476,0.059438,0.053376,-0.83903,-0.26262,0.026801,-1.203,7.0499,6.7144,-0.019705,-0.16633,0.027412,0.33219,-0.6783,0.000887,-0.45294,-0.83755,9.6159,0.037253,-0.11857,0.004999,-0.5681,-0.17201,-0.64848,0.88113,9.9218,-2.563,-0.93184,0.67051,3.0256,-0.060871,-0.71537,-0.19734,-2.0326,-13.336,-4.5181,0.37159,-1.0529,2.627,0.2032,0.38219,0.43531
5,7.7541,-1.3655,2.6111,0.13018,0.10772,-0.25553,-0.80599,-0.028325,0.068723,-0.80683,6.2406,4.4489,-0.21604,-0.007489,-0.085675,-0.13386,-0.47446,-0.099441,-0.37323,-2.837,9.618,0.30765,-0.30249,0.15662,-0.46682,-0.0386,-0.62404,2.0339,3.6988,1.6013,1.1932,0.37242,-2.6352,0.22684,-0.53026,-0.28562,-3.0646,-13.425,-3.305,0.10912,0.25682,-1.3469,0.31427,0.32696,0.20402
2,2.2114,-0.36707,-2.3732,-0.050431,2.4327,-0.42689,-0.4482,0.20004,-0.8198,4.7557,7.3792,5.554,0.55658,1.5312,-1.803,-0.12362,-0.18178,-0.66536,1.0839,-4.1166,7.0177,-0.2846,1.2497,1.8728,0.34136,0.71856,-0.85003,-6.3585,11.716,-6.0046,2.1891,1.1498,-0.018335,0.37547,-0.69481,0.37142,-4.2029,-4.1699,1.2765,2.8817,-0.5941,-2.0256,1.0285,0.26248,-0.072404
9,12.771,6.8446,-3.8244,-0.37654,0.3027,-0.23155,-0.72254,0.40291,0.33101,-9.0382,14.787,-15.449,0.256,1.2977,-1.4104,-0.40171,-0.74755,0.17799,6.2989,-23.312,2.429,2.8596,-2.2868,0.27387,-0.19934,0.68312,0.50111,-14.009,7.6656,3.535,-4.9216,-0.21417,-0.57194,0.82158,0.28119,0.23025,-10.58,-0.10135,2.8823,-0.092765,0.54766,-0.14215,0.70684,0.23447,-0.51158
0,12.814,-3.3429,2.6672,0.17869,0.1463,0.42247,-0.76228,0.31367,-0.60816,9.747,4.2029,1.3026,0.43412,-0.44349,3.0253,-0.20262,-0.29211,-0.88105,11.459,-4.5248,2.0254,0.27751,-0.44402,-0.74397,-1.1755,0.34808,0.040807,-17.697,7.9547,1.7068,-4.2573,0.08725,-0.094248,0.67596,-0.70766,0.23503,-10.63,-8.5692,-0.3575,-1.8836,-0.46429,-0.50312,1.1779,0.33864,-0.0105
2,2.9728,-0.076712,-2.2409,-0.81981,4.8626,0.75656,-0.65535,0.18895,-0.63838,4.7158,3.4823,2.4241,0.09717,0.49343,0.10385,-0.16368,-0.18731,-0.65546,3.2704,-3.079,5.0144,0.040365,0.11357,0.31009,0.16378,0.70145,-0.90484,3.4474,17.269,-5.6125,2.653,0.41588,-0.58609,0.33216,-0.65167,0.4309,0.39662,-17.508,-0.50462,-1.6349,-0.33692,1.107,1.0774,0.2453,-0.11705
5,9.538,-0.17052,3.2696,0.044216,-0.095034,0.042976,-0.5908,-0.20101,0.13125,2.8283,1.3298,9.4532,-0.02023,-0.035835,-0.024644,-0.31812,-0.18398,-0.22929,2.4707,-0.72886,9.3778,-0.13512,0.012856,-0.078961,-0.6648,-0.17604,-0.46739,-4.9256,10.069,-1.1925,0.37768,0.088631,-2.3952,0.37512,-0.54878,-0.15099,-1.4523,-10.882,-3.3365,0.31379,0.45376,-1.6507,0.29273,0.44904,0.29449
7,10.242,-0.49369,-0.79488,-0.58093,-0.13038,0.34657,-0.8093,-0.004801,-0.52555,6.1646,4.264,8.6571,-0.81076,0.093291,0.3398,0.10379,-0.25944,-0.90253,5.6542,-1.77,9.1129,-0.41749,0.12294,-0.45801,0.02739,-0.17478,-0.91903,0.5349,8.3979,1.4899,-0.30085,-0.16689,-0.10334,-0.53661,-0.75581,-0.26668,0.56071,-8.6808,0.34022,0.52657,-0.21932,0.13792,-0.58624,0.77595,0.028971
2,33.513,-1.8356,-5.5834,0.43351,-1.8342,0.26979,-0.76778,0.18525,-0.4945,1.3592,9.8831,7.6258,-0.47269,-0.18225,-0.11732,-0.060473,-0.12718,-0.68805,0.31311,-10.556,11.447,-0.14862,-0.24025,-0.22062,0.40006,0.75353,-0.80219,-32.641,6.1411,-7.2613,-0.010589,-1.7151,-2.8834,0.47716,-0.62855,0.49252,-26.825,1.2246,-8.0793,-0.48891,-0.80771,-4.4147,0.83368,0.66109,-0.19057
6,9.4856,-3.5829,3.7327,0.38344,-0.29272,-0.4692,-0.85768,0.52082,0.040839,-2.0517,5.2725,8.4223,0.15198,0.28246,-0.17576,-0.35512,-0.21125,-0.92512,-0.11152,-4.064,8.6707,0.054909,0.034928,-0.074362,-0.26821,0.77358,-0.55404,-4.7841,6.2975,-0.91601,0.56446,0.078925,-2.1889,0.46284,-0.54424,0.34692,-9.2331,-8.8322,-0.15869,0.84757,0.16598,-1.5724,0.5679,0.48646,-0.43881
1,6.1201,0.12384,1.736,-0.79636,0.11285,0.29451,-0.69468,0.074713,-0.53896,6.0595,3.829,-1.2722,-0.5543,0.021271,-1.6835,0.22198,0.24024,-1.2577,5.5851,-2.2714,3.3609,-0.95072,0.02469,0.45085,-1.2291,0.4268,-0.096785,-3.3886,-4.4062,-1.4231,-0.5938,0.54944,1.0798,0.41245,-0.70629,0.3127,-9.1445,-2.7558,-1.6745,-0.55486,-0.19437,1.4811,1.0957,0.47952,-0.044256
3,10.797,1.0169,-0.95025,0.35313,-0.22351,-0.15327,-0.85953,-0.16089,-0.42073,3.043,5.4372,7.8738,0.048422,0.41346,-0.97781,0.48238,-0.4125,-0.052137,4.9875,-7.5804,4.3,0.40846,0.48052,-0.17869,-0.08468,0.54394,-0.57922,-8.4204,-5.8153,-2.7621,0.063052,-0.087589,-0.35551,0.86096,0.23022,-0.3429,-7.6828,-3.9243,-0.026094,-0.075571,0.10088,-0.58689,0.51999,0.97717,0.20407
3,9.0311,0.74236,1.9151,0.80049,0.23759,-0.2157,-0.69441,-0.16604,-0.62996,2.6064,3.7174,8.6685,0.54996,-1.7058,0.36248,0.56372,-0.01708,-0.29399,3.8419,-4.5913,7.8482,-0.27103,-1.2787,-1.9416,-0.03296,0.39032,-0.69253,-10.66,5.213,-0.61902,0.21936,-0.040942,0.10308,0.80142,-0.016631,-0.49775,-10.61,-6.9598,-0.48461,-1.0159,0.59825,1.8302,0.80454,0.74406,0.092316
3,-4.0997,4.3885,2.6439,0.17295,0.23112,0.12948,0.49125,-0.21135,-0.81977,3.8495,8.1512,-1.7335,-0.57508,0.63126,0.66854,0.766,-0.3848,0.40831,4.2878,-6.757,4.7973,0.43661,-0.72066,-0.71389,-0.10405,0.67732,-0.42465,-4.4542,4.4638,-0.15618,0.067593,0.9412,-1.5794,0.73581,-0.36764,-0.42859,-8.1741,-1.3761,-3.5902,-0.62526,0.031773,-1.8094,0.68623,0.47564,0.64085
3,6.9937,0.081493,5.3169,0.53066,0.2891,-0.63149,-0.69352,-0.009543,-0.79455,3.5214,8.7778,0.9829,0.56837,0.48804,-2.6218,0.96165,-0.083662,0.45207,5.9587,-0.96481,6.8198,-0.43097,0.91787,1.0426,-0.11085,0.49809,-0.64687,-4.6729,1.1826,2.0045,-0.23795,-0.47938,0.99394,0.82703,-0.39397,-0.40932,-7.53,-1.6958,-0.91403,-1.1821,0.10497,1.5729,0.82212,0.45034,0.48872
5,9.2258,-1.1949,3.6586,0.023917,0.04712,-0.2101,-0.61666,-0.11061,0.10598,6.5303,4.8672,6.0514,0.00821,-0.027295,-0.006367,-0.89608,0.068374,-0.21899,5.6354,-6.2042,5.6404,-0.086538,-0.12266,-0.16958,-0.80384,0.14929,-0.65653,-9.7177,8.6343,-1.1306,0.42772,0.051264,-2.9448,0.50319,-0.43506,-0.09406,-0.33168,-10.954,-0.72877,-0.40711,-0.10144,-2.4008,0.18961,0.54173,0.20848
5,9.3496,-0.56336,3.0211,0.023678,0.057081,-0.11706,-0.6073,-0.13191,0.11758,6.8456,6.6113,6.418,-0.045825,0.26388,-0.17599,-0.88742,-0.012278,-0.20257,5.9512,-4.7463,4.0766,0.12645,-0.2232,-0.11277,-0.81542,0.17495,-0.59512,-6.6684,9.4913,-2.1585,-1.6284,-0.82261,1.2032,0.5196,-0.40469,-0.12662,2.5241,-5.1735,-1.705,-0.24337,-0.34967,1.6965,0.10083,0.533,0.28703
3,9.1904,-0.69256,1.3135,0.76233,-0.28179,0.12961,-0.71817,0.046123,-0.63031,1.9925,7.5644,5.5601,-0.27213,-0.89541,1.6997,0.80865,-0.26026,-0.067963,1.86,-4.6252,8.3597,-0.53803,-1.125,-0.70218,0.17739,0.28516,-0.65455,-9.7245,2.6587,-2.8662,0.78656,-0.54418,-1.8088,0.76467,-0.50881,-0.14317,-8.7711,-0.85286,-0.65186,0.087965,0.009548,-0.27283,0.79424,0.39814,0.42729
5,7.4262,-0.22914,5.0544,-0.60872,-0.23847,0.18251,-0.64456,-0.1684,0.087814,4.5814,6.8253,4.798,-0.11332,-0.19692,0.2079,-0.82231,-0.44739,-0.24626,6.5434,-5.5152,4.5477,-0.14439,0.050478,0.15951,-0.98856,0.14425,-0.50025,4.3764,3.3039,2.8049,1.0078,0.11962,-1.1994,0.28113,-0.51477,-0.37101,-4.3543,-12.154,-0.55144,-0.96807,-0.027484,-1.253,0.39496,0.27996,0.13077
6,9.7756,1.294,0.9648,-0.43786,-0.16444,0.20433,-0.79302,0.21976,0.2765,-0.39535,5.4247,8.3224,-0.063592,-0.10041,-0.13873,-0.33996,-0.24238,-0.68167,1.6111,-4.2699,8.5118,0.029092,0.13286,0.079034,-0.50031,0.65476,-0.35115,-6.9876,8.3357,-3.4066,0.35381,0.14696,1.6068,0.59722,-0.27552,0.29603,-7.0315,-7.0224,-4.314,-0.70022,-0.74423,1.6907,0.57148,0.53588,-0.011868
4,13.99,-2.0793,8.6069,0.30612,2.3515,-0.34144,-0.8422,0.21133,-0.48052,-1.0894,10.567,-1.8393,0.53235,1.6266,2.2565,-0.17012,-1.6739,-0.19581,-6.5681,-6.8311,5.5259,-0.17409,0.44951,-1.92,0.44531,0.48006,-0.54607,-9.4779,1.2715,0.20344,-1.7038,0.88637,0.18504,0.41329,-0.26843,-0.16289,-16.764,-5.5312,-1.3726,0.097979,-0.30747,1.6536,0.63845,0.21786,0.092492
3,9.8632,3.0361,1.2608,-1.3973,-0.85037,0.44302,-0.77767,-0.11536,-0.68441,-2.3799,11.776,-1.4998,-0.73623,-0.1205,-1.9735,0.63474,1.326,0.61104,2.2763,-5.7508,8.8226,0.14048,1.3133,2.0732,0.093714,0.39936,-0.70001,-9.5116,2.9627,-0.17574,-0.42508,-0.70737,1.0421,0.72596,-0.51398,-0.49274,-11.268,7.6381,0.041742,-0.38516,0.6235,0.3412,0.80904,0.29222,0.49622
9,9.2705,-1.4295,-0.79376,-0.3664,-0.19985,0.63719,-0.72407,0.36742,0.17583,10.155,4.2666,-3.4463,-0.7933,-0.95476,0.33865,-0.71736,-0.34825,-0.15683,-4.0575,-2.6636,-3.5709,2.4364,-0.011915,1.3369,-0.10873,0.699,-0.43495,-10.634,5.8133,0.01381,0.010872,0.68771,-0.47139,0.7291,0.19936,0.33412,-9.6696,1.1925,0.046164,0.68877,-0.52582,0.29209,0.79989,-0.10018,-0.19587
7,8.1903,-0.17919,-5.9652,-0.39154,0.59636,0.40706,-1.0873,0.26999,-0.19319,4.334,5.9713,5.8133,0.25416,-0.047547,0.14766,0.34496,-0.60596,-0.62261,6.5193,1.0234,8.213,-0.16795,-0.16438,0.043875,0.12649,-0.2462,-0.88541,0.7449,9.5265,1.8284,0.10399,0.034984,0.14466,-0.70691,-0.60476,-0.25198,0.8422,-9.3745,-2.2881,0.10369,0.050979,-0.2429,-0.69961,0.64436,0.1737
4,-5.2155,1.3613,2.001,0.063937,1.2228,-0.80389,0.71423,-0.16718,-0.32581,-6.9946,9.1051,-5.3177,-0.22123,-0.97355,0.1544,-0.25846,-0.57937,0.32917,6.5388,-3.0096,4.8182,1.2104,-0.5544,-0.51121,-0.027781,0.79519,-0.77658,-7.0551,-1.4861,0.003918,0.8798,-0.38658,0.96857,0.64868,-0.16043,-0.24637,-5.2697,-3.7401,-0.90023,-0.23363,-0.46029,1.6372,0.39028,0.48331,0.19734
2,19.354,-6.5456,3.631,1.3565,-0.090486,-0.18835,-0.83831,0.36667,-0.42262,16.93,19.188,1.6235,1.0567,0.20735,1.3663,-0.23031,-0.32191,-0.72946,14.966,-18.27,-0.4649,0.77175,-0.33745,3.4614,0.051674,1.2848,-0.27077,-22.118,-11.535,-7.3674,-0.17467,-0.21539,-2.6691,0.85319,-0.50221,0.35113,-20.208,8.0268,-3.0436,-1.1314,-0.22964,-3.48,1.073,0.69384,-0.14813
6,7.4401,-4.7709,2.9853,-0.3814,-0.029913,0.52153,-0.94826,0.58425,0.15622,-1.2128,10.108,3.1378,0.21123,0.07646,0.049323,-0.53947,-0.62594,-0.62353,-0.82081,-2.3173,8.6914,-0.052524,0.20765,0.17925,-0.5143,0.58444,-0.62494,-5.8977,1.7641,0.72108,-0.96453,-0.47557,1.9505,0.46553,-0.56594,0.25614,-11.018,-14.245,-2.481,0.043688,-0.007753,1.1576,0.59216,0.35222,-0.42322
4,-9.018,5.7078,4.4653,-0.55198,1.1226,0.39649,0.73371,-0.11768,-0.29924,-6.4978,9.0494,-4.9716,0.82579,1.8793,1.2904,-0.28897,-0.70866,0.27576,3.8222,-9.0607,5.1334,0.45557,0.034603,-1.5747,0.077962,0.77333,-0.81637,-10.76,2.7181,0.68327,-0.44925,-0.20169,-0.162,0.70127,-0.12342,-0.15216,-6.6624,-0.22767,-1.1166,-0.77318,0.043077,0.66948,0.3514,0.51145,0.1431
6,10.168,1.0178,0.39147,-0.11706,-0.035761,0.12829,-0.7733,-0.031192,0.3797,1.6267,1.6105,9.5154,-0.005668,0.016035,0.10411,-0.46536,0.042983,-0.62658,0.70364,-0.86941,9.7659,-0.1703,0.2004,0.18243,-0.46214,0.44219,-0.61911,-1.0387,-0.67305,0.54531,-0.51279,0.065397,1.1953,0.70206,-0.31348,0.12278,-5.6076,-14.65,-5.944,0.037304,-0.092154,0.30269,0.63482,0.31569,-0.19445
9,8.8173,-0.088533,2.1975,-1.1731,0.034804,-0.22981,-0.75802,0.52637,-0.33383,1.6386,8.6069,2.2191,-0.77551,-1.2881,1.1874,-0.30795,-0.5839,-0.66634,-5.0079,-5.4083,-6.4813,1.8777,1.2167,2.5396,0.17253,0.78548,0.50616,-9.9473,3.3028,0.29595,1.3549,-2.08,-0.25531,0.6388,-0.41218,0.57503,-9.1997,-2.3457,-3.178,0.9564,-0.56094,0.075812,0.86381,0.46401,-0.1662
3,8.0032,-0.70701,-2.3433,0.13333,0.13169,0.16148,-0.89416,-0.1869,-0.19475,5.9704,6.0939,4.2063,0.15859,0.19767,0.59242,0.65364,-0.52713,-0.049884,6.8949,-3.5859,7.7742,-0.44166,0.0042542,-1.5599,-0.32348,0.2274,-0.63766,-8.1619,2.6401,0.24457,-0.54344,0.39758,-0.94187,0.85005,-0.70944,-0.2324,-11.102,-6.7038,-1.7604,-0.66398,0.63885,0.39541,0.70608,0.37187,0.63183
7,9.2489,0.23228,-0.879,-0.13743,1.1568,-0.14275,-0.86581,-0.04063,-0.52234,5.4425,0.69712,9.1438,0.15565,0.82289,0.12376,0.015075,0.05107,-0.94577,3.4359,-2.2691,10.061,0.08117,0.71041,0.10838,0.083172,0.063481,-0.94429,0.31828,9.6316,1.9012,0.22837,0.074424,-1.0246,-0.47018,-0.80969,-0.2789,1.6174,-9.2274,-0.25773,-0.11373,-0.1426,0.90417,-0.56367,0.80251,0.054516
1,6.7178,0.93949,3.2539,-0.73823,0.11279,-0.17942,-0.80553,-0.1107,-0.7293,8.7264,2.1324,1.3504,-0.26973,1.1733,-1.3966,-0.87039,-0.80113,-0.082905,7.5536,-3.2154,2.7996,-1.313,-0.24808,-0.88851,-1.6552,1.0145,0.73163,-10.27,-3.5476,-1.4804,-1.6692,0.22193,2.9757,0.3796,-0.39353,0.16627,-10.151,1.5744,-2.2471,-0.52005,0.17402,2.3219,0.47895,0.48286,0.10398
6,9.6254,-0.96903,0.28542,0.058527,-0.081839,0.088678,-0.74988,0.33418,0.28954,1.936,3.3339,8.4511,-0.36793,-0.080605,0.12009,-0.50698,-0.090605,-0.61094,1.0719,-1.7689,9.8709,-0.17829,0.10967,0.021398,-0.4203,0.54376,-0.55759,-1.7157,5.3321,-1.0991,0.86538,0.18889,-0.986,0.4822,-0.50265,0.33882,-7.093,-6.4596,-7.1075,1.183,-0.21265,-0.45582,0.62309,0.38878,-0.017681
2,-3.658,-1.4596,-1.194,0.17463,0.079177,0.42632,-0.87435,0.11435,-0.51965,4.3046,-5.6292,-0.1451,-0.46986,0.07069,1.2527,0.27269,-0.75531,-0.38793,-7.0808,2.74,0.11453,1.1067,-0.38726,0.59513,-0.032845,1.1844,-0.14253,-11.482,9.8769,-11.854,-1.0246,3.7711,0.64131,0.584,-0.4101,0.51928,-0.65649,-8.7966,2.4848,3.1283,-0.32252,-1.6646,1.0435,0.16498,-0.10709
9,9.092,5.3434,-13.623,-2.8913,0.79457,2.1142,-0.84896,-0.31999,0.41275,8.1617,8.0439,-3.6976,-0.63101,-2.4602,-2.161,-0.65251,-0.7778,0.29603,16.353,-8.0583,3.2717,-0.34296,1.9421,2.7543,-0.80196,0.68742,-0.30541,-11.016,4.2946,-3.1549,0.19855,-0.57207,0.171,0.91644,-0.57135,0.18379,-4.2056,-9.8597,-3.0113,-0.085109,0.28432,0.85027,0.28438,0.93758,0.36418
5,8.3689,-0.39174,5.6725,0.062342,0.011604,-0.08577,-0.78377,-0.10488,0.005489,4.5196,8.9402,-0.55612,0.17615,-0.086786,-0.093915,-0.78358,-0.30666,-0.19713,7.098,-3.1756,5.6853,0.1567,-0.11308,-0.15717,-0.99877,-0.11877,-0.63045,-2.9375,9.599,-0.19821,0.51746,-0.15946,-2.7038,0.27078,-0.45228,-0.24052,-1.4835,-11.781,-2.6656,-0.52851,0.37888,-2.2695,0.26572,0.4158,0.22018
2,1.3603,1.1491,-0.50996,-0.78596,-0.58542,0.084514,-0.84518,-0.019022,-0.53227,-0.34932,10.538,0.33353,-0.63406,-2.0042,-2.7183,0.12273,-0.71196,-0.27458,9.4606,2.0012,0.053111,-1.5971,0.27328,-4.5174,0.2443,1.0091,-0.43869,-6.2225,-2.3816,4.2324,1.445,-0.38964,2.696,0.75756,-0.18307,0.3959,2.4571,9.7413,7.439,-1.8219,1.8374,-0.82596,0.90104,0.65314,-0.21527
2,0.28109,-0.49192,-0.97875,1.0201,0.23408,0.44092,-0.85232,0.13487,-0.53657,7.9437,4.5912,0.011383,-0.84738,0.25492,1.9826,0.1326,-0.6918,-0.44771,-4.2669,0.25402,0.092855,0.40966,-1.0558,1.6021,0.10247,1.1735,-0.21609,3.5968,-6.8832,10.781,-0.81546,-1.7934,0.97469,0.58817,-0.43373,0.50739,-3.8744,-0.046845,6.1969,1.728,-0.7829,-2.5712,1.0521,0.21082,-0.16291
3,2.7783,-3.5522,3.5603,1.7181,1.3573,0.13098,-0.57897,0.28975,-0.82889,4.2044,4.9305,3.322,1.0466,0.006227,-1.8017,0.39692,-0.58862,0.23834,5.3434,0.077351,0.66524,0.15258,0.99298,2.408,-0.027655,0.52983,-0.61162,-7.0538,2.6736,-3.4922,0.52197,0.57595,-0.52859,0.82424,-0.085635,-0.49361,-7.212,-0.25183,0.18601,-0.67391,0.4928,-1.3773,0.724,0.68544,0.25859
3,8.6918,-1.1918,3.2217,-0.09896,0.021351,-0.19735,-0.63953,-0.056944,-0.70063,7.9541,7.8409,6.0994,0.014045,0.86509,-1.2657,0.41658,-0.65696,-0.44821,4.8385,-7.4444,5.7886,-0.070209,0.69004,0.86419,0.070433,0.4626,-0.60999,-9.5502,1.9049,-1.3471,0.4024,-0.16126,-0.13359,0.82844,-0.41343,-0.45941,-9.0448,-3.5895,-2.7125,0.70742,0.96222,-1.3443,0.60549,0.66724,0.53004
4,7.9309,-1.2873,1.7897,-0.028137,-0.010635,-0.019224,-0.74672,0.12127,-0.55016,3.5591,6.6003,6.2731,-0.009358,-0.019382,0.83122,-0.41941,-0.70303,-0.82838,-4.2534,-6.4043,8.091,0.31182,-0.40905,-0.13815,-0.13839,0.32136,-0.76999,-7.6441,2.3707,-1.7482,1.1519,0.046977,-1.2469,0.45532,-0.29634,-0.15073,-6.8818,-2.5718,-1.3263,0.6709,-0.1096,-0.81344,0.59841,0.027162,0.23051
5,9.0818,-0.045877,3.7107,0.33636,-0.11074,-0.19809,-0.59395,-0.15729,0.13739,5.8382,5.1296,5.8839,0.12552,0.062239,-0.15587,-0.88073,0.036206,-0.23928,6.0175,-5.9299,5.0968,0.002886,-0.014339,-0.17175,-0.83325,0.12707,-0.62699,-7.0469,12.939,-2.2518,0.44843,0.25806,0.75294,0.55678,-0.36328,-0.10336,7.1808,2.0462,-0.66986,-0.84707,-0.41393,0.65327,0.024937,0.56466,0.24571
6,9.897,1.253,2.3993,-0.17127,0.27492,0.065879,-0.86564,0.30552,0.18417,-1.4432,5.5177,8.209,0.004972,0.089266,0.1689,-0.37427,-0.19096,-0.79831,-0.29785,-1.258,9.9235,0.015656,-0.01448,0.079306,-0.30272,0.55068,-0.68277,-9.8699,5.8085,-3.0222,-0.71821,0.63026,1.2204,0.52022,-0.12813,0.42009,-4.047,-4.8647,0.42207,-0.7839,-0.073995,1.8155,0.4973,0.49145,-0.36329
5,9.0885,0.51111,2.5656,-0.096384,-0.040748,-0.016536,-0.83862,-0.25363,0.038616,-1.4533,6.5281,6.8345,0.041679,0.002141,0.012577,0.35419,-0.65934,-0.043585,-0.27899,-0.000816,9.6675,0.016206,-0.049549,-0.024786,-0.57195,-0.18277,-0.63699,2.9781,3.4588,0.008647,-0.72165,0.70335,2.0978,-0.10774,-0.70671,-0.26783,-1.0741,-17.613,-4.7884,0.10648,-0.018307,1.6503,0.23905,0.34461,0.42076
4,7.9362,-0.15344,1.7813,0.3124,0.071561,0.077658,-0.79601,-0.16503,-0.50229,0.98054,8.4177,4.6319,-0.35119,-0.55152,-0.22393,-0.46639,-0.51321,-0.45667,3.6778,-5.6859,7.411,0.13121,0.20865,-0.68588,-0.30624,0.41637,-1.1143,-8.5133,-0.66985,-1.0252,-0.46637,-0.21412,0.64308,0.66062,-0.11757,-0.091424,-7.1118,-3.498,-2.4054,-0.88771,-0.17659,0.68716,0.43028,0.36965,0.2048
0,13.711,0.55835,2.3848,0.17307,0.36458,-0.30515,-0.87461,0.047377,-0.54223,14.004,0.76859,5.5901,-0.79501,-1.1479,1.5981,-0.37758,-0.15657,-1.0158,11.924,-2.2398,3.0888,-0.33633,-1.0495,-1.2358,-0.76686,1.096,-0.66036,-12.664,3.1561,-4.6051,0.92753,-0.058953,0.14238,0.73475,-0.032821,0.47132,-12.542,9.1634,3.5558,1.0343,1.3386,1.7739,0.7579,0.66179,-0.24913
8,23.708,-1.0705,9.377,-0.20679,0.9199,0.005651,-0.61599,0.49037,-0.19293,2.0319,23.322,16.32,-1.4182,0.32405,-0.25809,-0.46361,-0.27481,-0.5833,5.611,-28.952,-1.7128,0.48588,-0.091754,0.96049,0.0338,0.56051,0.51545,-19.412,-11.898,-2.7549,1.6502,-0.44536,-1.1427,0.41863,-0.10365,0.54427,-15.448,9.7537,-1.4213,-2.3714,-0.5923,1.3832,0.44204,0.12798,-0.46953
1,5.0439,-0.75521,1.217,0.5294,-0.071317,0.091595,-0.89326,0.10194,-0.50016,5.0051,2.6095,3.5294,-0.25827,-0.26437,0.026237,0.21833,0.37896,-0.74789,4.8699,-5.3346,0.90069,-2.1005,0.17492,1.617,-1.0231,0.98928,0.66839,-8.814,0.58784,-2.2559,0.79639,-0.254,-1.8498,0.69718,-0.30742,0.47996,-6.7091,3.5737,0.27194,1.4279,0.33947,-2.3156,0.92865,0.70693,-0.40654
7,8.8596,0.13689,4.1852,0.083902,-0.52192,0.01702,-0.52465,-0.073925,-0.79815,-5.302,4.4244,7.1596,-0.30135,-0.3596,0.14474,0.83731,-0.15954,-0.4214,-4.1036,-0.35567,8.7995,-0.43738,-0.57903,-0.20058,0.67166,-0.28112,-0.60481,2.4969,9.294,0.06646,0.014902,0.047034,0.003661,-0.65484,-0.66214,-0.22892,3.4634,-8.6563,0.74869,-0.083292,0.002276,0.00553,-0.74726,0.60894,-0.031275
3,9.1408,0.34001,-0.48726,0.58657,-0.26141,0.047769,-0.92709,-0.073968,-0.45154,-0.34309,6.5047,5.4044,0.74108,-0.93858,0.8459,0.70354,-0.16285,0.07359,0.842,-5.8407,7.2105,0.086956,-0.39493,-1.3186,0.44011,0.50055,-0.53883,-8.2262,0.78804,-0.89004,0.18066,-0.13626,0.48009,0.7371,-0.34889,0.073731,-8.9837,-6.9945,-0.70084,-0.77634,-0.23261,1.2381,0.56551,0.69777,0.17067
1,9.6551,2.4465,-1.2812,-0.23555,0.81432,-0.27069,-0.91058,-0.045077,-0.46316,10.144,3.5495,4.3161,0.093884,-0.4744,0.36341,0.64788,0.041865,-1.9684,10.057,-1.0547,2.799,-0.53471,0.37006,-0.93043,-0.85296,0.96956,-0.10749,-10.326,-5.0294,-4.6198,-1.4485,0.17859,2.7955,0.76624,-0.12592,0.38155,-12.921,-3.3036,-2.3497,0.12994,-0.020507,1.9485,0.84361,0.65844,-0.10989
9,14.861,-3.3008,4.6879,1.8339,0.093942,0.27553,-1.0894,-0.21557,-0.2265,7.7999,13.916,-4.3223,0.61379,-1.1982,-4.2417,-0.8435,-0.58506,0.2832,1.4013,-8.3902,7.9863,-1.6067,-0.43239,-0.99605,-0.28957,0.69064,-0.71161,-11.637,-0.25637,-0.50472,-2.9406,0.53715,1.5432,0.89982,0.20671,-0.55938,-11.779,3.6022,1.6317,-1.2176,1.0689,0.81503,0.9779,-0.1367,0.49007
8,-2.1987,0.3763,-0.58179,0.070065,0.15369,0.065361,-0.3628,0.001091,-0.72723,-2.7543,0.50588,-0.44947,0.82046,0.60563,0.15942,-0.49029,-0.50262,-0.238,-2.1243,1.1599,0.26427,-0.57206,0.33727,0.17911,-0.46096,0.39467,-0.42858,-0.97376,3.9763,-1.3109,-0.258,0.090521,0.21634,0.61861,-0.34105,0.046901,-2.7439,-11.072,-1.0083,0.67548,-0.028548,0.075484,0.61017,0.22968,0.31767
4,10.226,-0.91856,4.2325,-1.1902,0.34486,-0.061238,-0.71261,0.14363,-0.51958,-0.5726,8.2907,6.5045,-0.6157,-0.19101,1.4204,0.026551,-0.88562,-0.79967,-8.4986,-6.0485,6.179,-0.48007,-0.31602,-0.96145,0.31061,0.33597,-0.62189,-7.9018,2.184,-0.8286,0.56442,-0.30345,-0.49179,0.34183,-0.39597,0.050165,-10.481,-2.4775,-2.1533,0.49551,0.16769,0.45607,0.62413,0.1834,0.079134
0,8.3278,0.11265,2.3415,0.094075,-0.25035,0.17013,-1.031,0.052486,-0.60029,2.8852,7.8692,4.9473,-0.11068,-0.26014,0.10185,-0.39133,-0.61551,-0.81615,2.454,-6.346,6.5754,0.3454,0.088439,-0.17421,-0.017222,0.94795,-1.0016,-9.3734,-0.1428,0.10143,-1.7859,1.2941,1.5815,0.16084,-0.60842,0.47423,-7.5707,-2.1112,-1.5902,-0.047813,-0.028626,1.5481,0.64511,0.49303,0.066987
3,9.4813,-0.26093,1.8663,-0.55393,-0.2104,0.045282,-0.69091,-0.23788,-0.60918,6.6316,5.1082,5.9541,0.65726,-1.9324,0.17889,-0.085543,-0.85564,-0.69476,8.0049,-3.9106,3.3555,-0.27997,-0.019158,-1.4573,-0.32701,0.3549,-0.58759,-12.808,0.48183,1.3448,-0.38288,-0.073381,0.81798,0.80749,0.052065,-0.44865,-9.6858,-6.3652,-0.077505,0.68588,-0.091074,1.0512,0.89003,0.61985,0.11233
9,5.0475,0.38309,-2.1271,1.6329,1.2381,0.6797,-0.78643,-0.18912,-0.60024,10.995,13.638,-0.77917,-5.3211,1.0534,-5.4794,0.50867,-0.7166,-0.51638,7.0273,-12.765,3.129,2.6845,-1.9279,3.8967,0.23217,0.46358,-0.86886,-21.927,-2.3871,2.0101,1.3257,2.2385,-0.65281,0.87339,-0.52585,-0.27759,-10.952,4.2393,0.13863,-0.84355,0.096767,-1.3118,0.96657,0.27626,0.41916
8,16.163,-4.4037,-5.6181,0.32274,-0.54641,-0.80585,-0.61294,0.34608,0.40066,10.028,0.88536,2.5489,2.2079,0.3068,0.76761,-0.61941,0.21769,-0.2573,9.1136,0.82464,5.2022,-0.67057,-0.31683,-1.3263,-0.74255,0.34511,0.13238,-9.0851,0.76283,-1.5659,0.96451,-0.19759,0.000201,0.61477,0.19575,0.5843,-8.7122,-2.1827,-2.1384,-0.98128,-0.22796,0.084469,0.59834,-0.34221,-0.22718
7,8.3036,-0.44649,5.0399,0.15719,-0.65789,0.094467,-0.46029,-0.006451,-0.83755,-5.1922,2.4737,7.4789,-0.037055,-0.64214,0.033811,0.87127,-0.096396,-0.3747,-3.4887,-0.79208,9.0997,0.060369,-0.32416,-0.052761,0.6352,-0.30663,-0.63143,2.5255,9.218,0.060214,-0.035962,-0.077218,0.038282,-0.67142,-0.64199,-0.22658,3.6125,-9.274,0.2833,0.088608,-0.026203,-0.010555,-0.77941,0.56603,0.020879
9,10.7,0.6689,1.8489,-0.29539,0.32059,-0.12735,-0.65262,-0.17569,-0.50879,10.616,-1.0395,4.4645,-0.85575,-0.80318,1.6087,-0.34942,-0.59835,-0.44789,11.614,-2.9392,2.7471,1.1318,0.70612,2.1759,-0.23453,0.32578,-0.71938,-12.802,-0.67965,-0.86659,0.63397,0.00736,-1.2348,0.70164,-0.51511,-0.085265,-11.096,3.5822,-3.3788,1.4805,0.54414,-2.0677,0.66876,0.44339,0.27525
7,8.3153,-1.0409,5.0566,-0.068808,-0.6047,0.02605,-0.39915,-0.007863,-0.86896,-4.7039,5.4188,5.0564,0.61757,-0.93515,0.27686,0.79438,-0.14157,-0.50094,-4.7149,-1.2861,7.1516,0.81227,-0.60985,-0.066959,0.68048,-0.17564,-0.63151,2.616,10.896,-0.47372,-0.050048,0.095759,0.12673,-0.69074,-0.63525,-0.20137,3.862,-8.5117,1.8002,-0.096349,0.040207,0.033659,-0.78995,0.54776,-0.09348
5,9.7371,-1.7845,1.5929,0.036284,0.048207,0.07858,-0.61696,-0.19605,0.18092,0.57931,7.4594,6.1848,-0.043583,0.01681,0.04189,-0.17718,-0.54819,-0.098076,0.29431,-5.2284,8.294,-0.099947,-0.002579,0.054314,-0.36674,0.060864,-0.65011,-1.3364,7.505,-1.3244,0.52055,0.041042,-1.6865,0.2238,-0.58801,-0.2432,-1.5259,-10.023,1.1935,0.7466,-0.18801,-1.312,0.22282,0.49424,0.1415
6,8.466,0.83002,6.2289,0.51084,-0.29413,-0.10334,-0.91638,0.26133,-0.16419,0.73533,8.0956,4.8848,0.28546,0.29857,-0.19959,-0.70163,-0.58203,-0.51498,0.38069,-4.9634,8.4804,0.11227,-0.35064,-0.085824,-0.59281,0.70206,-0.57057,-9.6762,6.099,-0.84925,0.7348,0.77206,-2.3023,0.65851,-0.34093,0.21825,-8.444,-8.0099,-5.9472,1.0054,0.196,-2.2817,0.64603,0.53792,-0.086837
3,19.658,-3.6884,3.2759,1.9968,0.86111,-0.89036,-0.91084,0.019028,-0.5521,-4.277,11.265,1.8254,0.4745,0.005853,0.65784,0.60569,1.1438,0.77419,-0.45496,-10.015,8.5742,-0.47064,-1.774,-1.7061,0.25269,0.31436,-0.609,-17.224,-2.2354,-0.21999,-0.94406,0.25936,0.1162,0.82702,0.009258,-0.57875,-8.1738,-1.0138,0.51897,-0.28537,-0.2099,1.0688,0.50723,0.83789,0.33955
2,21.071,-0.12072,14.388,-1.8108,-7.9526,2.1036,-0.86805,-0.023066,-0.66907,2.4139,25.062,8.7391,-0.083002,3.6929,3.2898,0.34183,-0.74686,-0.57664,-6.225,-27.49,6.1505,1.6148,-0.90182,2.8026,0.65686,0.93435,-0.64972,-3.3407,-28.893,-8.3168,1.9631,0.62732,-2.6322,0.22082,-0.68301,0.077077,-13.928,-5.7135,-3.1663,-0.35718,-0.12262,-3.0952,0.62943,0.40697,0.035897
3,5.2659,1.0699,0.60202,0.49076,-0.32024,-0.78977,-0.73912,0.040546,-0.75231,3.6581,7.6868,-0.49642,0.60721,0.012297,-2.2719,0.82434,-0.34237,0.30108,7.2137,-1.4258,4.759,-1.1626,2.0985,1.0384,-0.16319,0.38853,-0.67987,-6.5088,0.64174,0.76709,0.25303,-0.20548,2.0191,0.82338,-0.26691,-0.4055,-9.4946,-4.7767,2.6156,1.6171,0.20511,1.5614,0.7847,0.28478,0.62073
1,9.6852,1.0873,3.2359,0.001261,-0.011717,-0.004935,-1.0418,0.054251,-0.40931,-0.12623,8.3891,4.7395,-0.32071,0.64348,-0.64694,-0.14446,-0.60116,-0.78132,1.4274,-6.4052,8.2919,-0.053387,0.76243,0.67083,0.10845,0.97619,-0.81478,-7.3692,0.62435,-0.13373,0.84064,0.31749,1.0069,0.061645,-0.80134,0.29787,-9.2763,-0.7069,-2.097,-0.3226,-0.43373,1.4753,0.88205,0.50801,0.038385
9,2.448,-0.19502,0.84283,-0.82925,-0.063213,0.29203,-0.81025,0.47826,-0.020517,3.3,5.4077,1.0283,-1.4377,2.3779,-0.63057,-0.1873,-0.19855,-0.86503,1.4212,-5.6262,3.8369,-2.9035,2.1118,0.28805,-0.89067,0.16827,0.19815,-5.3185,5.9086,-1.4597,-1.6183,-0.59562,0.70986,0.69101,0.13193,0.64081,-3.9533,-6.9013,0.1183,-0.99502,-0.47844,0.077212,0.76289,-0.24661,-0.48832
2,-2.427,-1.8775,0.097576,0.57761,-0.66488,0.52173,-0.87022,0.067269,-0.85454,6.4707,-1.144,-3.3462,-0.40342,-0.96194,0.62762,0.49094,-0.82882,-0.78853,-7.2627,-2.2347,2.3904,0.10947,0.58359,0.54672,0.21428,1.303,-0.50463,-5.935,24.683,3.1963,2.8936,1.4781,-0.40976,0.2288,-0.75608,0.2097,-0.38645,-15.701,-7.2865,0.29789,-0.24867,0.37404,0.81223,0.11732,0.2725
8,36.192,-8.4855,3.0854,-4.7213,-2.3765,-0.20772,-0.61596,0.40173,0.33247,20.127,5.1976,-0.16013,3.7891,1.4298,2.5662,-0.4873,-0.006017,-0.47028,22.511,-3.244,2.1693,0.41716,-0.024157,-0.47952,-0.73911,0.39294,0.006618,-23.488,-13.938,0.13416,-3.3648,0.87879,1.4707,0.66607,0.012041,0.71149,-28.19,-0.56571,-1.2845,-0.25375,0.22406,-1.246,0.63283,-0.20246,-0.32463
4,4.5539,-1.4986,-1.0208,1.4655,0.39537,-0.077251,-0.83011,-0.099743,-0.35713,6.7471,2.526,6.0248,-0.22612,0.18179,0.31401,-0.40852,-0.6595,-1.0043,-6.6766,-8.7605,5.5005,0.38014,-0.2575,0.58379,-0.045098,0.53206,-0.58647,-5.8072,0.41469,-1.0398,0.16593,-0.088213,-1.8011,0.56349,-0.24454,-0.025809,-8.5671,2.735,-0.19363,-1.1184,0.52846,-2.2241,0.59542,0.13235,0.23857
4,9.9381,-0.47186,1.3425,-0.94364,-0.35801,0.068566,-0.79281,0.08873,-0.4907,3.4082,9.4779,4.571,0.23544,-0.10732,1.3543,-0.34214,-0.99768,-0.45931,-2.5492,-8.4208,7.8863,-0.42867,-0.89686,-1.1413,-0.078471,0.51861,-0.62579,-4.9475,-1.4583,-0.01949,0.7515,0.22641,-0.34841,0.5008,-0.25551,-0.11649,-9.6987,-3.3181,-1.8916,-0.29597,-0.44084,-0.01879,0.67213,0.13125,0.20226
5,6.5858,0.72216,6.3104,0.057313,0.15437,-0.11616,-0.65702,-0.19829,-0.062313,5.0215,6.6593,-3.8469,0.084591,-0.13784,0.084193,-0.74883,-0.28765,-0.1591,5.5168,-7.9264,1.5246,-0.026078,0.098849,-0.00326,-0.8654,0.39809,-0.67411,4.3911,3.8857,1.4922,0.22731,0.59294,-1.36,0.16424,-0.55624,-0.39685,-1.5764,-11.145,-7.2226,0.7233,0.32152,-1.1958,0.31972,0.29578,0.31006
0,6.7062,-0.6049,1.8983,0.1967,-0.22034,-0.20819,-0.83673,0.13032,-0.59184,7.0628,0.21428,3.3927,0.86839,-0.56053,0.69556,-0.30372,-0.22534,-0.75962,7.8147,-1.4634,1.5068,-0.24046,0.93233,1.0637,-1.3147,1.2507,-0.10117,-8.3342,-2.6946,-2.6207,0.91926,0.15172,-1.4384,0.65177,-0.30029,0.42819,-7.2879,2.5807,-1.3577,1.7896,0.37738,-1.5341,0.7705,0.7819,-0.34645
4,11.547,-2.9801,3.2736,1.0311,-0.24772,0.071271,-0.78867,0.013305,-0.47228,0.32674,8.1365,3.9515,-0.033351,-0.24774,0.30663,-0.29944,-0.72299,-0.50336,-0.49086,-7.8693,5.4963,-0.30858,0.39727,-0.82874,0.25798,0.54698,-0.76158,-13.045,1.6961,-2.3635,0.25072,-0.5207,-1.4142,0.60516,-0.35063,0.02891,-11.713,-1.304,-0.95524,2.6802,1.1585,-1.1472,0.42966,0.38083,0.20356
4,5.8214,-1.4157,0.404,0.29305,0.39511,0.23006,-0.70007,0.17935,-0.53067,1.2104,6.5414,6.2328,0.35346,0.86711,-0.67331,-0.18139,-0.89664,-0.78099,-6.2142,-6.6465,5.6961,0.5771,-0.47084,1.1367,0.29572,0.44882,-0.57395,-7.1447,4.4615,-2.5277,0.32867,-0.43951,-1.842,0.46218,-0.39664,0.15412,-8.5165,0.87492,0.73658,0.08307,-0.78912,-2.1327,0.58051,0.28979,0.037429
6,9.858,0.23489,-1.248,-0.20621,0.036631,0.10868,-0.95893,0.41945,0.42485,-2.4094,6.0216,7.1744,0.007162,0.28649,-0.13768,-0.41939,-0.39316,-0.86044,-0.62476,-0.94042,9.7517,0.012178,0.021848,0.072252,-0.45812,0.46911,-0.80564,-7.1928,10.732,-2.7531,0.20405,0.33353,0.94771,0.53576,-0.34487,0.28101,-0.6949,-7.1132,-1.177,-0.31287,-0.12776,1.078,0.32144,0.827,-0.20935
7,9.844,-0.73942,-0.51968,0.12363,-0.010077,-0.037751,-0.81076,-0.078535,-0.52021,4.2752,4.0359,7.8128,-0.068963,-0.23041,0.25481,0.2062,-0.38708,-0.83105,3.4723,-3.2665,8.4498,0.10254,-0.11578,-0.13364,0.21302,0.069929,-0.91159,1.1095,9.4491,-1.9657,-0.15348,-0.076021,-0.027574,-0.6822,-0.67958,0.051189,1.436,-8.4702,-4.586,0.0123,0.004481,0.022897,-0.687,0.59308,0.33662
9,-6.5541,-0.064077,-1.1632,6.4687,-1.0446,-0.3235,-0.93111,-0.35678,0.023499,54.982,-6.3031,-4.6415,-10.041,-2.0261,1.5665,0.67408,-0.45672,-0.44133,62.118,-30.874,36.719,6.9618,-9.4899,-4.6571,0.4383,-0.56278,-0.57472,1.901,6.9302,-4.5135,-0.13461,0.31057,0.73826,0.91803,-0.037228,-0.38802,-2.7095,-0.006191,-1.51,-1.6581,-0.77776,-0.61082,0.91027,-0.20031,0.20603
9,5.9682,-1.0948,2.7466,-0.078378,-0.39408,-0.48066,-0.92933,0.31693,0.3287,2.348,6.8349,1.443,-0.31088,2.1841,2.5095,-0.83138,-0.17055,-0.31616,-0.8138,-5.7787,-8.6657,6.3022,1.6156,4.8075,-0.43134,0.84085,-0.051578,-6.5566,1.7036,-1.3591,0.76547,-0.064494,-1.3693,0.59721,0.58619,0.4091,-5.2854,4.0497,-2.621,2.6094,-0.15628,-0.16453,0.82787,-0.25144,-0.22428
9,9.5178,-0.75431,-0.65556,0.8109,-1.026,0.63788,-0.75176,0.088499,0.46284,9.9377,5.3209,-0.63862,0.85595,1.9464,3.2857,-0.85179,-0.021891,-0.13444,-4.2877,-1.863,0.47461,1.8911,-2.2193,2.7183,0.27146,0.73393,-0.37709,-10.339,1.6212,-0.83283,-3.6487,0.14378,-0.055192,0.76258,0.39629,-0.12417,-9.8448,-1.1041,-2.3378,-1.7014,-0.60027,0.50544,0.72871,-0.31981,0.363
1,7.9307,0.55294,3.8311,-0.57336,-0.58371,-0.10962,-0.73727,-0.18512,-0.75727,1.1604,6.3031,6.8376,-0.18841,-0.66072,0.1284,0.16309,-0.63068,-0.82571,1.1178,-5.93,7.1914,-0.051732,-0.17046,-0.60111,0.13706,0.42547,-1.162,-13.501,0.97512,-1.2191,-0.82253,0.45227,2.1439,0.38525,-0.61221,0.1427,-10.122,-0.41269,-0.87973,-0.92157,0.10524,1.5057,0.37899,0.66874,0.043634
9,5.2878,-0.12664,1.7845,-0.1607,0.18785,0.18325,-0.94147,-0.31001,-0.16844,-5.8657,1.3843,4.3471,-0.80378,-0.44838,-0.26927,0.92551,-0.11158,0.060043,-4.039,5.2803,1.2402,-0.14647,0.089753,0.98423,0.55873,-0.56539,-0.51915,-5.7329,4.7515,-2.263,-0.40819,0.34162,0.67605,0.95495,-0.29771,-0.23027,-6.3732,-4.0449,-2.1236,0.32083,0.40257,-1.0717,0.87106,-0.065149,0.45484
8,25.227,-0.99811,10.703,0.16115,-0.31983,-0.13501,-0.89634,0.23419,-0.65046,29.524,9.3585,-4.9056,5.6619,0.57538,4.2675,-0.82625,-0.55639,-0.56715,28.523,-0.98566,-1.9594,-0.94012,-0.043121,0.45047,-0.82804,0.59606,-0.44588,-26.055,-6.4707,-6.3144,-0.26513,-1.3628,0.039884,0.88889,-0.71342,0.042626,-25.238,7.3183,6.1156,-1.4512,-2.6111,0.1869,0.88672,0.66322,0.47035
6,9.8403,-0.92203,0.59956,-0.073152,-0.1629,0.4879,-0.75996,0.30745,0.31044,-0.13236,5.4798,8.6389,-0.23156,-0.36691,0.24919,-0.36146,-0.20905,-0.68549,1.2319,-2.3293,9.7637,-0.1959,0.27225,0.05972,-0.44362,0.54624,-0.52823,-0.78459,5.1387,-1.199,0.43177,0.17052,-0.26666,0.45771,-0.54036,0.33224,-7.2817,-4.9459,-6.2369,0.48976,-0.34307,-0.16343,0.63149,0.36276,0.008792
2,39.024,-3.9677,-1.9327,-3.1303,2.4879,2.5199,-1.0235,0.10012,-0.37979,2.809,12.112,-3.2993,-0.26263,1.5566,-0.091619,-0.662,-0.68916,-0.22164,6.1412,-4.1404,9.0436,-0.6213,-2.1341,-1.2993,-0.43761,0.64549,-0.93814,-31.919,-3.5862,-4.1198,-3.1136,1.2758,-2.9722,0.72776,-0.58385,0.044084,-24.82,14.238,-9.098,-3.9306,-0.14621,-5.9101,0.91263,0.56292,0.081805
9,10.233,0.62982,1.9103,-0.91061,-0.53792,0.21964,-0.70836,0.49095,-0.21559,6.0254,1.3426,8.7481,0.81388,-4.526,5.2203,0.007979,-0.20931,-0.83149,8.5012,1.7733,5.1134,-1.9321,0.17852,1.3785,-0.79842,0.34345,-0.010163,-10.57,-2.339,0.67522,-1.1335,0.74121,0.46032,0.70784,-0.086177,0.47451,-9.9922,-0.39884,-0.88917,-0.65754,0.18623,0.21422,0.80951,-0.01991,-0.26432
1,9.9211,0.49313,3.2768,0.12787,0.14786,-0.20322,-1.1496,0.075158,-0.37406,1.1624,7.1159,6.378,-0.05941,0.42772,-0.69819,-0.15029,-0.55082,-0.80133,1.509,-7.4276,7.268,-0.001507,0.43518,0.33984,0.14437,1.0416,-0.81404,-9.7529,-0.27507,-1.6379,-0.12857,-0.26393,-1.7334,0.58929,-0.46481,0.35049,-6.9095,1.5829,-0.99913,-1.3412,0.073254,-0.62664,0.24987,0.74864,0.1706
1,6.064,0.7731,2.7338,-0.56632,-0.015043,0.28187,-0.81972,-0.16985,-0.70326,-0.85542,7.8884,4.1479,0.1908,0.33751,0.14104,0.37688,-0.93747,-0.67618,0.96547,-6.3871,4.7658,-0.12225,0.67909,-0.007769,0.3329,0.74665,-1.2007,-9.4244,-1.8965,-0.35533,-0.58024,0.12632,3.1958,0.15311,-0.81577,0.057555,-8.4889,-1.6666,-0.25055,0.5923,0.20519,1.5977,0.51182,0.55517,0.09587
9,10.282,-0.80917,3.3372,0.26007,-0.19093,0.40871,-0.9532,-0.34335,0.045423,8.8074,3.8862,5.0167,0.34279,-0.77283,1.8242,-0.84796,-0.40154,0.03042,7.1382,-7.5243,6.6655,0.43489,0.50669,0.61223,-0.8655,-0.16835,-0.50047,-10.192,-0.80758,-1.3208,0.44159,-0.17941,-0.68632,0.97607,0.16339,-0.26138,-10.278,-4.8771,1.2396,0.81339,0.65738,-1.4332,0.86179,0.14015,0.42682
1,11.789,1.0615,0.62001,-0.6164,-0.81737,0.6541,-0.7892,0.082389,-0.34759,7.0494,5.3363,5.917,-0.35997,-0.012106,0.43468,0.94544,-0.078427,-0.2638,7.7415,-2.7169,5.0127,-0.7574,0.23951,1.2876,-1.4297,0.6088,-0.85296,-10.202,9.1574,0.57403,-1.9994,0.03537,-0.27685,0.2908,-0.85151,0.018404,-11.015,-0.45546,-1.3091,-0.66408,-0.14464,0.79249,1.0589,0.20794,0.075374
0,10.982,1.3824,4.662,0.021033,-0.41755,0.089084,-0.8406,-0.14781,-0.70075,4.5274,6.9724,6.6154,0.017116,0.72931,-0.14577,-0.41325,-0.81067,-0.71461,4.1966,-6.5805,7.0122,-0.036253,0.29512,0.65734,-0.16124,0.89551,-1.129,-13.69,9.9511,-2.872,-0.76757,0.11383,0.49629,0.007579,-0.80213,-0.21163,-9.727,-5.4802,-1.8258,-0.83292,0.10704,0.93028,0.67132,0.30258,0.13265
1,9.0541,0.37576,3.2303,-0.11117,-0.10451,0.26207,-0.71019,0.11344,-0.50928,8.29,2.505,-1.308,-0.56643,0.051896,-1.1645,0.14005,0.46095,-1.4711,8.5467,-3.7116,4.739,-0.8395,-0.13748,-0.24816,-1.1797,0.40493,0.01466,-3.8549,-3.7039,-1.2006,-0.18518,0.54762,-0.024754,0.38222,-0.72169,0.3074,-9.3366,-0.81988,-1.9399,-0.018591,-0.17381,1.0675,1.1103,0.42428,-0.028142
4,9.9533,-0.3577,2.4967,-1.0202,0.10322,-0.048096,-0.77046,0.079306,-0.48253,2.4052,6.9619,6.7775,-0.256,-0.34043,1.5193,-0.33543,-0.63469,-0.87095,-4.258,-8.8998,7.5471,-0.50833,-0.82605,-0.9686,-0.067937,0.48475,-0.68938,-6.985,1.7331,-0.20169,0.78759,0.40256,-0.59621,0.46583,-0.29007,-0.19211,-9.8793,-1.4635,-1.5651,0.37355,-0.18381,0.28722,0.60207,0.030376,0.26992
5,8.2436,2.3818,5.2745,0.2611,0.27395,-0.14856,-0.61999,-0.2277,0.11357,3.6717,7.894,4.8554,0.074481,0.12245,-0.058951,-0.80611,-0.48617,-0.25932,2.4475,-1.6259,10.597,-0.42575,-0.046522,-0.28003,-0.54247,0.036182,-0.50433,-7.8694,15.78,4.0285,0.027928,0.098266,-0.72715,0.39788,-0.34735,-0.21311,4.7999,-0.67721,0.59474,0.27483,-0.17271,-1.1116,0.12282,0.60916,0.092176
2,0.69245,1.0145,-0.6245,0.51768,1.2235,-0.52163,-0.65575,-0.38112,-0.74532,-4.6489,-3.1407,-1.0857,1.8564,-0.629,-0.21034,0.79222,-0.46373,-0.45118,7.2561,-0.43495,-3.3302,-0.46528,-0.6006,0.46686,0.44872,0.63936,-0.90514,3.8625,15.826,-1.2919,0.071826,-0.47514,0.48981,0.56304,-0.22567,0.14355,-1.3919,-16.382,-8.5906,-0.42349,2.9438,-0.70681,0.40349,0.62085,0.012571
2,-2.2702,8.532,-2.9413,-1.8885,-1.9615,-1.0872,-0.82502,0.064223,-0.62818,1.3504,9.5631,-0.44708,0.91383,-1.621,-1.4778,-0.60889,-0.74094,-0.2303,8.1013,-4.5008,1.1985,0.083479,1.1231,0.84081,-0.45989,0.59684,-0.9175,-2.9759,0.25585,3.539,2.4507,-0.19074,1.5454,0.86393,-0.24334,0.14419,-4.4087,-18.247,-0.060212,2.45,-0.026395,0.69346,0.90072,0.5838,-0.046266
1,8.6282,1.165,3.1978,-0.19075,-0.45107,-0.038417,-0.84234,-0.1737,-0.65514,-1.334,6.7671,6.3035,-0.36697,0.68341,-0.64985,0.34038,-0.6927,-0.82102,-0.32307,-5.6623,7.8833,-0.044818,1.1744,0.32241,0.29638,0.5725,-1.0716,-6.5147,-1.5439,0.13878,-0.18416,0.29865,2.1447,-0.094256,-0.84769,-0.003838,-10.862,0.30988,-1.0726,-0.90319,0.072887,2.0195,0.64567,0.42985,0.10943
3,10.003,-2.2403,1.4061,-0.12617,0.23661,0.36335,-0.68129,0.048714,-0.6737,1.1441,5.6312,9.0544,-0.34512,-1.2355,2.1035,1.0738,0.18768,-0.35035,0.15842,-4.8192,8.5172,0.24488,-1.5485,0.051599,0.31341,0.12825,-0.66478,-7.3402,4.2495,-0.18003,0.57926,-0.0897,-2.2584,0.69971,-0.61494,-0.068766,-11.778,0.44995,0.95486,-0.90101,-0.09615,-0.20654,0.75506,0.38628,0.45159
4,7.8081,1.0439,0.20988,1.2126,-0.93121,0.018503,-1.0041,-0.16539,-0.23034,-12.78,6.4608,0.79865,0.9501,-0.7117,1.7843,-0.10577,-0.67111,-0.34865,3.3311,-5.6111,7.763,-0.20464,-0.056701,-1.4783,0.30752,0.54387,-0.96553,-6.9369,6.5556,-0.72184,0.16085,-0.019524,1.3445,0.63584,-0.16475,-0.10664,-4.2497,-0.64877,3.039,-1.1647,-0.79353,1.0882,0.31187,0.42138,0.1526
0,6.8693,0.4257,3.449,0.13728,-0.29112,-0.083766,-0.77199,-0.22192,-0.76005,4.9806,5.6493,5.914,0.012969,0.042126,-0.01231,-0.41604,-0.81021,-0.77333,6.1454,-5.0151,4.8014,0.23089,-0.058756,-0.073714,-0.48555,0.8315,-1.1778,-10.348,-1.4043,-0.29156,0.28269,0.11213,-1.4816,0.41803,-0.61154,-0.011011,-6.5242,4.7709,-1.1205,0.76311,0.11042,-1.4109,0.33311,0.65804,0.33614
2,8.69,4.6148,-3.2106,2.4957,0.53557,-0.027719,-0.90688,0.10882,-0.4952,4.9651,10.713,-3.4003,-0.32905,-1.636,-0.33373,-0.62311,-0.61102,-0.28233,5.4961,-7.9352,3.8396,0.004235,1.5544,0.30444,-0.44031,0.63192,-0.94364,-35.831,-0.021475,-1.3735,-0.4935,1.6538,4.2611,0.79725,-0.44009,0.16726,-15.985,38.776,-8.282,0.82881,0.67175,0.1913,0.8578,0.60643,0.065971
0,10.578,-0.91652,1.7255,0.022113,-0.29635,0.65668,-0.7728,0.29501,-0.52986,6.3874,3.9445,0.81027,-0.27936,-0.52842,1.6427,-0.10453,-0.14896,-0.5732,8.9074,-4.3689,2.7222,0.96455,-0.7008,-0.57934,-1.0622,0.36745,0.04981,-12.512,14.144,-1.9713,-1.7022,-0.064771,0.23427,0.64452,-0.70803,0.37451,-9.1703,-3.0116,-0.67863,-0.55342,-0.12493,0.70356,1.2948,0.33885,-0.12888
3,-3.7312,4.4819,4.5489,-0.92518,0.2942,0.2875,0.58121,-0.46071,-0.65761,4.9998,6.8209,-2.6989,-0.023601,0.13541,-0.75672,0.62813,-0.6111,0.49324,6.0814,-6.7761,2.7344,-0.14384,0.19907,0.63299,-0.29801,0.56583,-0.529,-7.2414,2.4177,1.053,-0.031737,0.44659,-1.0732,0.85452,-0.081951,-0.40676,-6.2912,-4.0962,-0.74606,-0.26856,0.25911,-1.7839,0.63313,0.69132,0.59408
5,9.6292,-1.1085,3.4388,0.31719,-0.005434,-0.2414,-0.60929,-0.13084,0.12657,6.5045,4.7208,5.7011,0.089939,0.078391,-0.047109,-0.89158,0.070941,-0.21174,5.567,-6.1254,5.4255,0.050233,-0.24429,-0.21119,-0.80697,0.1507,-0.65273,-8.7112,9.0111,-0.73529,0.56213,-0.060256,-2.7292,0.50909,-0.42487,-0.10785,0.64288,-9.9935,-1.276,-0.49128,-0.053242,-2.2976,0.17528,0.54024,0.22648
0,8.7585,-0.62521,2.7897,0.8709,-0.19402,0.006911,-0.78396,0.12908,-0.64945,5.1746,7.2626,2.1083,-0.043149,0.7922,-0.19865,-0.3589,-0.38818,-0.56522,5.7683,-4.3174,5.4536,0.30007,-0.74356,0.32058,-0.20773,0.63322,-0.99742,-9.2231,-0.66093,-1.5487,0.61241,0.72551,-0.73726,0.72207,-0.5232,-0.085101,-10.178,-0.5582,4.9505,3.0401,0.48225,-1.6245,0.80738,0.60425,0.19455
7,6.0128,0.24584,8.3942,-0.6354,0.60223,0.18959,-0.24631,-0.076147,-0.9316,-3.4813,8.0424,-0.60132,-0.096325,-1.1718,-0.42571,0.65839,-0.69358,-0.012627,-1.2651,-1.4948,7.948,-0.67089,0.55195,0.81771,0.48273,0.027813,-0.83195,-0.14397,9.5209,4.7766,-0.46932,0.17753,-0.6881,-0.41913,-0.76092,-0.41519,-2.2184,-8.915,1.6862,0.042668,-0.30606,0.99144,-0.24697,0.94111,0.048661
7,8.0201,0.12891,6.294,-0.16625,0.14069,-0.033321,-0.36419,-0.067709,-0.87869,-6.6969,2.6211,7.1155,0.043975,-0.26022,0.094505,0.89329,-0.14318,-0.31083,-5.3942,-0.22782,8.3124,0.12338,-0.15408,0.077896,0.77094,-0.23682,-0.50861,2.3602,9.2021,-0.025326,0.080277,0.009001,0.25959,-0.66388,-0.65211,-0.22573,3.336,-9.2783,0.11121,0.013323,-0.08697,-0.25129,-0.76294,0.58864,0.013118
5,6.2331,0.54405,6.8031,-0.10749,0.26844,-0.011384,-0.64719,-0.21631,-0.12086,4.6417,7.21,-4.5427,0.009679,-0.036512,0.11471,-0.7552,-0.31707,-0.12902,5.8325,-7.9047,1.6477,-0.058937,0.089233,0.10012,-0.88886,0.37086,-0.66854,-0.60104,7.9938,1.8916,-0.082336,-0.31383,1.7835,0.23154,-0.5287,-0.36819,-2.8771,-10.163,-4.7571,-0.15264,-1.172,1.6434,0.27881,0.33234,0.33785
9,9.2368,0.54591,3.1299,0.069854,0.052279,0.21526,-0.65211,-0.48409,-0.38668,15.542,1.4688,0.99299,3.2118,3.3967,-2.9974,-0.51251,-0.63921,-0.35859,12.777,-3.8814,2.8808,0.96601,2.861,4.6417,-0.31075,0.16653,-0.78648,-9.7422,3.4697,-0.72588,-1.0919,0.050916,0.34509,0.68821,-0.31973,-0.36978,-9.6819,0.57079,-2.355,0.019145,0.013812,-0.03542,0.59788,0.27286,0.6684
2,1.4097,1.1,-1.164,0.70716,-0.05874,-0.59053,-0.8895,0.094247,-0.40838,-7.0338,5.5608,0.6218,0.9627,0.92939,-1.1579,0.089673,-0.48782,-0.52926,3.2217,6.4298,-2.1462,-1.1267,-0.20132,-2.2379,0.051532,0.96059,-0.53385,-2.6162,13.04,-0.79695,-0.2003,-0.44176,0.067723,0.97448,-0.037249,0.27454,-1.3626,-16.305,-0.026599,0.26191,3.3329,0.50355,0.86164,0.89389,-0.2105
6,9.7726,-1.2095,0.29219,0.063169,0.089818,-9.8e-05,-0.75026,0.33565,0.29841,1.1848,4.1658,8.5394,-0.31292,-0.24538,0.1566,-0.43343,-0.12357,-0.66032,0.37936,-2.6009,9.5872,0.024312,-0.089261,0.019231,-0.35081,0.60877,-0.52438,-2.496,6.1701,-2.1196,0.65784,0.24965,-1.0943,0.4882,-0.469,0.36134,-7.8984,-6.2459,-5.7398,0.9142,0.016967,-0.7912,0.63484,0.37346,-0.10109
5,8.4583,-0.4538,2.5677,0.11277,0.10372,0.20933,-0.84545,-0.22947,-0.000131,-0.79539,6.1,7.5994,-0.19399,-0.20305,-0.036447,0.35286,-0.63998,-0.060389,-0.14286,0.41159,9.3786,-0.004518,0.054709,-0.026282,-0.59408,-0.20322,-0.62132,6.0407,1.0559,2.873,0.58715,-0.71061,-1.2174,-0.15557,-0.69239,-0.3305,-1.571,-10.601,-3.5736,0.091442,0.64718,-0.87238,0.22319,0.32105,0.45033
8,1.2333,-0.44443,-0.54528,0.039711,-0.24908,0.095576,-0.41523,0.021457,-0.69796,-0.12234,0.56767,-0.23887,0.62432,0.13128,0.19173,-0.50819,-0.41211,-0.39032,-0.26872,-0.28053,-0.045561,-0.97799,0.23547,-0.33254,-0.44976,0.4752,-0.37236,-0.24355,2.887,-0.15091,0.69822,-0.031786,0.55459,0.67461,-0.29213,0.060252,-0.49123,-3.1412,0.649,-0.045983,-0.009537,-0.59811,0.65593,0.20675,0.31611
5,9.4779,-1.5214,1.7048,-0.024185,0.02958,0.047147,-0.61799,-0.20076,0.1642,1.0604,6.9461,6.8284,-0.032201,-0.021137,-0.010154,-0.21284,-0.52324,-0.1412,0.92632,-3.6994,9.0738,0.023211,0.030003,-0.022926,-0.42415,-0.059443,-0.61142,-2.1634,9.3045,-0.38583,-0.24457,-0.22902,1.5916,0.26098,-0.55366,-0.29154,-2.1074,-11.075,1.5302,-0.069655,-0.029101,1.5529,0.22011,0.46598,0.19111
6,8.8655,1.3051,5.3227,-0.64709,-0.13455,0.27577,-0.91677,0.28206,-0.13954,0.86956,8.7345,4.2816,-0.18013,-0.29854,0.26959,-0.68231,-0.59125,-0.51493,0.50407,-5.126,8.3123,-0.086307,0.25754,0.040609,-0.57694,0.72204,-0.55941,-8.8026,8.6075,-1.557,-0.3539,-0.51041,2.0402,0.67278,-0.36903,0.1624,-10.811,-9.9297,-5.5114,-1.1166,-0.67142,2.0512,0.65878,0.50226,-0.058178
9,10.663,-0.12687,-7.3947,2.0976,0.088726,-0.19379,-0.92878,-0.33066,0.099062,4.2055,8.1806,-6.036,-0.836,-1.5394,0.10448,-0.1541,-0.31307,0.82146,10.231,-7.7707,-2.1607,-0.59016,-0.62928,0.96115,-0.63762,0.49836,-0.42243,-9.2952,0.77799,2.9293,1.0874,-0.033106,0.048574,0.64011,0.13626,-0.62372,-9.0101,-0.20784,-0.92268,-0.9527,0.53153,-0.037812,0.74992,-0.049872,0.51662
9,10.548,0.91395,-1.8523,-0.36882,-0.12635,0.74685,-0.88277,0.36609,-0.3748,1.9076,11.59,2.9389,-0.83302,0.67146,0.70064,-0.14663,-0.61302,-0.76021,10.843,-8.0863,3.36,4.3575,0.41911,4.5328,-0.41352,0.76001,-0.58051,-11.206,-1.337,-3.7225,0.82489,0.043871,1.3426,0.73876,0.20628,0.70725,-9.8305,-0.98825,-1.4209,-0.4642,-0.1292,0.20851,0.95143,0.32974,-0.36146
5,9.7177,-0.23026,2.5532,-0.018868,-0.19389,-0.18787,-0.58029,-0.21965,0.16283,2.7489,0.75405,9.3711,0.05858,-0.030733,-0.067837,-0.27568,-0.17202,-0.23615,1.4994,-1.1686,9.97,-0.014783,-0.050251,-0.063347,-0.63494,-0.10142,-0.50701,-4.6477,13.173,-0.90066,0.74854,0.23154,-1.2828,0.41699,-0.53086,-0.11877,2.1518,-6.4339,-3.6279,0.30688,0.48586,-1.4728,0.1891,0.49303,0.32099
1,6.8726,-0.91844,-1.8024,0.32728,0.12418,-0.012093,-0.72241,0.23417,-0.66495,2.6281,9.7806,-0.51398,-0.41806,0.55771,-0.16796,-0.30256,-0.53685,-0.43279,4.5066,-7.4241,6.563,-0.50296,0.06324,0.12033,0.047042,0.74661,-0.83878,-8.9381,1.8061,-0.85677,-0.13896,0.35209,-0.39125,0.6276,-0.64775,-0.10022,-13.482,1.1097,0.24839,0.042815,1.5586,-2.6384,0.94207,0.51968,0.15405
1,5.9679,-0.24699,2.6434,0.69459,-0.11582,-0.054925,-0.85008,-0.057799,-0.70359,6.901,2.0595,3.1279,1.3912,-0.29796,0.43815,-0.96899,-0.41238,-0.16575,7.8796,-2.4797,0.62241,0.52221,0.37911,1.9598,-1.2839,1.6416,0.4189,-9.604,0.85554,-0.53125,0.7277,0.35202,-2.0333,0.42922,-0.43446,0.091717,-9.0152,1.7976,0.42966,1.241,0.53524,-2.6187,0.44269,0.48114,0.17641
4,16.735,0.42984,2.482,-1.0961,0.14252,-0.059417,-0.97976,0.11983,-0.33269,-1.7441,10.246,4.7623,-0.36168,0.35983,2.5219,0.10234,-0.86021,-0.93195,-9.5782,-7.2978,4.9077,-0.80325,-0.13486,-1.7831,0.50301,0.41591,-0.48208,-10.858,8.3275,-3.1135,-1.1828,0.84577,-0.10866,0.27858,-0.47376,-0.070995,-14.167,-6.63,-1.5077,0.73229,-0.16533,1.8196,0.55428,0.24773,0.18168
6,8.8718,3.3629,-1.6265,-0.10853,-0.30663,-0.02381,-0.70617,-0.13364,0.46701,0.78317,2.7227,9.2234,0.001995,0.025998,-0.16104,-0.42278,-0.044676,-0.6552,1.0214,-1.1523,9.4234,-0.016834,0.032932,-0.14444,-0.50546,0.45542,-0.57987,-10.233,4.2695,-3.0208,-0.75543,-0.056326,0.63284,0.63373,0.11839,0.16817,-1.9492,-7.0637,-0.88723,-0.55491,-0.070967,0.64156,0.45427,0.63705,-0.19017
5,9.8526,1.2834,2.3391,0.40594,-0.011612,-0.15095,-0.82563,-0.27429,0.041785,-1.4809,6.9567,6.9383,0.14098,0.15686,0.03398,0.33462,-0.66783,-0.014806,-0.46307,-0.98948,10.357,-0.059176,0.095094,0.072416,-0.57617,-0.17391,-0.63531,-2.4201,13.538,-0.69751,0.76555,-0.009408,0.1745,0.092166,-0.66755,-0.17253,6.4779,1.0008,3.0978,-0.10673,0.43269,0.035245,-0.22234,0.49957,0.42278
0,9.9242,-0.95654,4.2358,0.15141,0.17276,0.12636,-0.63021,0.15197,-0.6275,0.12415,8.0766,5.6159,-0.033986,-0.053064,-0.87506,-0.018204,-0.27241,-0.63875,0.61377,-4.9914,8.5713,0.016766,0.68975,0.11578,0.34132,0.72605,-0.82905,-9.7946,2.6422,-4.8118,0.61838,-0.075334,-0.56309,0.82073,-0.2042,0.39029,-7.4767,-2.9545,-3.8806,-1.1194,0.87823,-0.53392,0.78452,0.69586,-0.14701
3,10.266,0.22111,1.4504,-0.33746,0.1397,0.20777,-0.75309,0.049718,-0.52038,5.8215,7.2023,3.5482,0.011956,0.19095,-0.45078,0.19464,-0.38689,-0.094115,5.0424,-5.1708,6.4166,0.07496,0.42872,0.97352,-0.025068,0.43482,-0.70166,-10.682,4.697,-0.81821,-0.59288,0.028367,1.3875,0.52675,-0.77643,0.027536,-10.874,1.2662,-2.248,-0.75018,-0.12976,0.79601,0.86275,0.40437,0.17029
9,15.65,0.03845,0.76832,-0.99331,-0.31665,-0.23066,-0.9689,-0.35202,0.18565,19.928,10.671,6.7594,1.1405,-3.8252,6.3895,-0.79984,-0.67397,-0.062388,5.5811,-11.005,13.148,0.231,-7.8863,-5.4912,0.16707,-0.10971,-0.94719,-9.3822,-0.10435,-1.4901,0.55607,0.31176,0.31969,1.0311,0.26712,-0.30777,-13.008,-5.0459,2.0972,-0.6337,-0.54434,0.30766,0.99022,-0.46463,0.19124
5,8.4592,-0.27391,5.3648,0.13574,0.63936,-0.46804,-0.64785,-0.0881,-0.011956,7.127,4.4085,5.4101,0.14847,0.23811,-0.090994,-0.89857,-0.003349,-0.097936,6.0151,-4.6594,6.4825,-0.008507,-0.045424,-0.010185,-0.78246,0.019028,-0.65818,-6.3648,13.666,-3.8355,0.62337,-0.42075,-1.9787,0.41142,-0.50563,-0.061233,1.1936,-8.242,0.069972,0.19875,0.038421,-2.3885,0.088748,0.61096,0.14164
1,7.5085,0.75174,3.1279,-0.17808,-0.16437,0.11522,-0.76007,-0.21479,-0.72214,0.010734,6.5541,7.1328,-0.075191,-0.39378,0.59453,0.23581,-0.64823,-0.814,2.0112,-5.349,7.0188,-0.16501,-0.086856,-0.48506,0.11753,0.47376,-1.1364,-12.244,-0.96238,-1.1918,-2.0128,0.3811,2.3617,0.37139,-0.62529,0.18399,-10.553,3.3048,-3.8576,-1.6366,0.13303,1.5782,0.40899,0.64787,0.033798
3,15.482,1.5319,-1.9718,-0.16383,0.059787,-0.072619,-0.89106,-0.20003,-0.33928,0.49238,6.2323,9.3022,0.50085,-0.3747,0.7995,0.64866,-0.34803,0.002206,2.6361,-8.6923,5.82,0.36504,-0.04412,-1.2908,-0.049238,0.52709,-0.54754,-13.986,-2.5196,-3.8071,-0.25038,-0.26667,0.19231,0.90056,0.13282,-0.28893,-10.301,-8.9687,0.31671,0.037231,0.26088,1.4687,0.37546,1.0332,0.22142
3,6.9703,1.4077,-2.0073,-0.48168,-0.16445,0.18424,-0.92064,-0.096577,-0.29347,4.2086,6.0268,5.6277,0.2739,0.2364,-1.287,0.46719,-0.51081,-0.021474,5.0914,-4.5806,6.7738,0.046149,0.94141,1.0365,-0.16487,0.47146,-0.6403,-11.591,3.1383,-2.0843,-0.41493,-0.15274,2.1223,0.87908,-0.26152,-0.19632,-8.1093,-4.8196,-1.724,-0.45507,0.034313,1.2782,0.6165,0.67734,0.58576
7,9.3851,0.13245,2.9135,0.079035,-0.15236,-0.033334,-0.81278,-0.027148,-0.67502,-6.431,4.4855,8.725,-0.15474,0.7221,-0.49979,0.70556,-0.24342,-0.53074,-5.7838,-0.68593,8.6014,0.22928,0.60245,0.38756,0.57781,-0.1726,-0.69046,0.3553,9.463,-0.23365,-0.013897,0.20404,0.69246,-0.57679,-0.71689,-0.090888,1.0825,-9.0611,-0.93392,-0.02866,0.27543,-0.72591,-0.60142,0.68056,0.19087
8,-8.0278,-1.6913,1.0695,-0.45861,0.25345,0.65353,-0.7832,-0.37179,0.14169,0.068891,1.7598,1.4509,0.69069,0.21432,1.3994,-0.68376,0.050851,0.41302,-0.97897,-4.2115,0.25541,-1.7156,-0.057704,-1.0889,-0.5522,-0.42058,-0.23294,2.4603,5.167,-0.86464,0.71767,-0.97464,-0.47093,0.47964,0.10675,-0.51669,4.0949,-0.66693,-1.49,-1.4243,-0.69843,0.30886,0.46978,-0.36949,0.46838
8,-3.8723,0.66976,0.23441,1.3136,0.37959,0.2943,-0.8292,0.01177,-0.75133,-2.4354,0.72925,-0.59641,-1.2497,-0.71587,-1.9268,-0.39696,-1.0798,-0.037863,-3.1603,0.13553,-0.53986,0.60845,-0.13984,1.6726,-0.29014,1.0625,0.015083,2.6414,3.4218,-0.75137,-0.12651,-0.67763,0.10876,0.97188,-0.58425,-0.078674,-0.77575,-0.45213,1.5921,-0.33538,0.050464,-0.21948,0.99961,0.50836,0.45133
0,7.2035,1.1669,1.591,0.57407,-0.59313,-0.13215,-0.65052,0.1973,-0.73982,3.3548,8.712,1.7591,-0.56739,-0.45077,0.25368,-0.37161,-0.38603,-0.56459,5.0492,-4.7124,5.9992,0.39186,-0.51672,-0.15685,-0.1157,0.70239,-0.94207,-16.4,-5.7016,-2.0941,1.1906,0.19272,2.3293,0.75617,-0.51335,0.075768,-10.659,-1.8575,-2.6201,0.18705,0.40229,0.86902,1.0216,0.39269,-0.24803
4,-5.6209,4.2517,2.3478,1.6238,1.1986,-0.053946,0.58058,-0.3,-0.52697,3.9425,9.5992,-2.8929,-1.1741,0.90426,1.098,-0.34175,-1.3888,0.21586,-8.2236,-11.546,2.1332,0.12644,0.032455,-1.3402,-0.016854,0.73945,-0.41794,-2.6819,-1.2069,1.6716,0.71429,0.86072,-0.63593,0.51325,-0.25541,-0.20484,-8.8149,-2.8098,-1.6093,0.204,-0.10322,-0.15921,0.63528,0.26481,0.17552
0,12.371,-0.011384,4.2938,0.061081,-0.022961,-0.34631,-0.85894,-0.22163,-0.66863,3.9375,6.8129,6.7207,0.35908,0.048824,-0.66485,-0.3985,-0.80238,-0.70844,4.9392,-6.7258,6.3936,-0.12709,0.36043,-0.60716,-0.3262,0.82619,-1.1112,-11.532,2.3086,-1.0375,0.9268,0.003632,-0.32218,0.5715,-0.37757,0.11826,-7.4788,-2.8581,-1.0549,-1.2441,0.084633,0.27136,0.26385,0.68801,0.21144
5,9.128,-0.74075,2.3796,0.030068,0.30655,0.29667,-0.84646,-0.24494,0.015654,-1.7988,6.7413,6.8771,-0.16332,-0.068955,0.046758,0.33677,-0.66586,-0.001176,-0.19629,-0.003997,9.84,0.045678,0.10548,0.088633,-0.58734,-0.18396,-0.62852,6.7551,-1.3671,3.0601,0.030193,-0.41678,-0.50726,-0.1901,-0.69819,-0.32235,-1.0708,-12.058,-3.5945,0.49253,0.65902,-0.88074,0.24071,0.30715,0.44271
9,6.9212,1.7295,2.242,0.20646,-0.035526,0.080168,-0.7103,0.19242,-0.32453,5.7606,17.131,-8.0521,2.3577,3.7155,4.5749,0.018252,-0.77858,-0.15105,2.582,0.69993,16.015,-2.4711,-7.9469,-0.29758,0.3358,0.062986,-0.70803,-6.6452,-1.6758,-1.932,0.15294,0.67945,-0.64998,0.71836,-0.22987,0.27002,-8.5081,-1.4591,3.0356,-0.55383,-0.08116,0.82128,0.71588,0.071991,-0.35828
7,9.1513,0.51109,4.3414,-0.10805,1.1735,-0.15206,-0.53288,-0.12877,-0.7931,-0.84534,0.090267,9.739,-0.000833,0.43376,-0.58121,0.50356,0.10273,-0.80635,-0.87916,0.1077,9.6378,0.021017,0.4574,0.4495,0.46707,-0.29459,-0.77119,-0.56861,10.138,0.033361,-0.20405,-0.10877,-0.37151,-0.37548,-0.85653,-0.20495,0.93903,-9.6875,2.2856,0.13839,0.005392,0.26577,-0.53245,0.79287,-0.16617
7,10.741,1.147,-0.45012,-0.23905,0.86333,-0.10635,-0.60174,-0.20551,-0.71134,4.6587,9.5395,-0.97326,0.13104,-0.027938,0.026777,0.41231,-0.84707,-0.037394,5.5242,-3.7102,9.0837,0.020165,0.054075,0.043722,0.26777,0.057719,-0.91833,-0.1837,8.6954,3.6426,-0.055048,0.06869,0.076431,-0.71307,-0.52494,-0.38546,-2.0672,-9.2707,1.6204,0.10479,-0.001772,-0.035256,-0.5823,0.77187,-0.074012
1,13.265,-0.39541,3.1466,0.034236,0.40765,0.07414,-0.71923,0.14553,-0.48454,-1.3088,8.3513,5.3641,-0.021155,0.046227,-0.034941,0.080635,-0.14273,-0.63099,-0.6274,-7.2788,7.187,-0.066459,-0.066744,0.36635,0.53006,0.81273,-0.56545,-13.191,14.223,-4.9759,-1.6441,0.17675,-2.2718,0.23047,-0.84683,0.26878,-12.617,-5.3989,-2.1067,-1.1618,-0.11843,0.8349,1.0986,0.24874,-0.04677
7,7.4924,-0.10219,6.6276,-0.076353,-0.45417,0.023107,-0.39366,0.014095,-0.96316,-5.0693,-3.4979,7.0409,-0.15196,-0.16906,-0.006668,0.71745,0.52602,-0.44273,-5.9473,2.3493,5.7043,0.081427,-0.056372,0.041978,0.75776,-0.52145,-0.4167,-1.4238,9.3599,0.65093,-0.061011,-0.07846,0.43905,-0.40204,-0.87005,-0.19497,-0.48316,-9.8395,-2.0566,0.24121,0.066559,-0.45468,-0.48963,0.83679,0.16971
5,9.3834,-0.45919,2.3617,-0.011734,0.26779,0.092085,-0.8287,-0.31855,0.004302,-1.1877,6.648,7.6716,0.028497,0.062183,0.025818,0.34599,-0.63623,-0.02036,0.047283,0.50415,9.5895,0.006269,0.00863,0.000182,-0.61338,-0.19531,-0.61659,6.2646,2.6889,2.5327,-0.018951,-0.13958,-0.061724,-0.18902,-0.71634,-0.29876,-1.2094,-13.982,-2.8803,-0.12452,0.12665,-0.51534,0.25289,0.3139,0.4173
4,20.846,-1.8763,9.0095,0.68364,0.66426,-0.005466,-0.75609,0.060593,-0.61752,-3.4687,11.265,-1.9307,0.65969,-0.20979,-1.6996,-0.095818,-1.1569,-0.29974,-5.3055,-6.7831,6.4176,-1.9799,1.5743,0.716,0.46408,0.36632,-0.69673,-18.032,-3.4247,-1.0011,0.045269,0.65972,-1.9728,0.54195,-0.25878,-0.18718,-14.055,-2.0747,1.8273,0.41497,0.83381,-1.7773,0.3622,0.37951,0.07515
7,11.144,0.89588,-0.94034,-0.13298,-0.096039,-0.15541,-0.69872,-0.2693,-0.59577,5.394,9.1758,4.6979,0.33456,0.014845,0.036026,0.32455,-0.72587,-0.50622,5.7465,-1.6759,9.3641,-0.1576,-0.091052,0.11585,0.21822,-0.040116,-0.92911,1.7247,8.9493,2.7901,-0.021331,-0.007959,0.12698,-0.68694,-0.59229,-0.33575,-0.27656,-8.9526,1.6376,0.17875,0.066888,-0.16739,-0.55632,0.79756,-0.049257
7,9.4438,0.23398,3.6123,0.081616,-0.28573,0.064207,-0.58682,-0.052394,-0.78085,-5.9153,-0.094502,7.6847,-0.21996,-0.5662,1.1768,0.67801,0.1192,-0.68318,-4.9249,0.57227,8.8207,0.35062,-0.68169,-0.71769,0.53944,-0.35028,-0.70858,-4.0358,8.4896,-1.6364,-0.064088,0.019151,-0.044071,-0.13379,-0.95063,0.018055,-3.1316,-8.2679,-4.5028,0.027099,-0.000433,-0.012274,-0.24217,0.78844,0.51243
2,3.8758,-5.7618,1.4921,-2.4612,2.1491,0.46805,-0.72404,0.13101,-0.80987,11.523,-2.1445,-4.0979,-2.6372,0.15465,0.41113,0.9851,-0.57167,-0.16457,-4.58,-0.13902,-1.227,3.4782,1.1709,-0.014064,0.68505,0.97663,-0.21376,8.5953,2.9117,5.1906,-2.2845,0.43549,-0.84468,0.18472,-0.7001,0.12343,-8.5182,-18.017,4.7716,0.17194,0.11855,2.4052,0.71259,0.25567,0.02091
6,9.4799,-0.69888,-1.0689,0.08562,0.001416,-0.51435,-0.93558,0.44715,0.42633,-2.4962,6.6459,6.1281,0.15555,-0.007029,-0.1943,-0.34706,-0.45867,-0.78716,-1.6695,-3.1943,9.1121,0.17487,-0.1242,-0.20565,-0.38763,0.60394,-0.65233,-6.9962,8.8443,-2.5868,-0.10018,-0.47486,-1.4134,0.49749,-0.39314,0.3237,-3.5854,-8.9109,-1.7191,0.13256,0.26099,-1.9308,0.36128,0.79602,-0.24116
2,16.026,-2.7815,-5.6998,2.6999,1.041,0.82653,-0.96106,0.17754,-0.44565,3.049,10.597,-1.4529,0.61328,1.0858,-0.24574,-0.68075,-0.6287,-0.26573,8.2248,-6.9653,5.786,-0.54467,-1.321,-1.4412,-0.53523,0.74538,-0.86037,-11.563,-10.442,-9.7535,-1.7941,0.080073,-3.3061,0.72898,-0.59008,0.034724,-20.556,12.29,-0.38236,-1.3612,1.0067,-4.1741,0.84653,0.5812,0.17253
5,8.9144,-1.233,3.2308,-0.044235,-0.11909,-0.067678,-0.61322,-0.094366,0.12091,6.3723,5.1543,5.2262,-0.044032,-0.039757,0.002369,-0.88058,0.02084,-0.21879,6.1829,-5.6433,4.8559,0.015977,-0.1931,-0.004269,-0.87718,0.12746,-0.56434,-6.182,10.215,-1.0048,-0.37226,0.056949,1.1211,0.51777,-0.41493,-0.11211,4.1758,-5.0964,-2.478,-0.53613,-0.12048,1.5241,0.096491,0.52716,0.28969
5,8.9611,-0.61013,4.351,-0.1413,-0.040731,0.15936,-0.7886,-0.088001,0.09057,-1.1236,8.5479,4.7834,-0.078317,-0.064833,0.066655,-0.088178,-0.50182,-0.056537,1.0022,-2.6466,9.3696,-0.11398,0.12433,0.11853,-0.54797,-0.11611,-0.5716,-2.431,10.579,1.5989,-0.97246,0.45176,2.2366,0.2438,-0.50034,-0.25462,-2.7047,-11.062,-2.9177,-0.12447,-0.88668,2.24,0.27352,0.40147,0.18936
8,8.9715,-2.5803,-3.9855,-2.4415,4.1792,-0.00901,-0.64522,-0.012616,0.001461,5.8228,4.0189,-3.0885,-1.5117,0.2353,-0.13587,-0.46096,0.050556,0.09302,10.988,6.3073,-4.4183,0.9817,1.8963,-0.17822,-0.41057,-0.18235,0.1412,-12.374,10.05,1.9067,0.59183,-3.6192,-2.7348,0.34593,0.2215,0.014001,-8.236,0.77983,0.68054,0.70269,-1.1258,1.6096,0.37225,-0.18112,0.10004
5,8.209,0.26059,2.1689,0.025565,0.13864,0.088566,-0.82024,-0.26785,0.053812,-1.2832,6.4203,7.0586,0.082331,0.22509,0.048129,0.34529,-0.66174,-0.011464,0.27684,0.16026,9.0521,0.097141,0.033717,0.11344,-0.60143,-0.19006,-0.61453,-1.0757,11.369,-3.4425,0.073936,0.17821,1.3052,0.047305,-0.68556,-0.15756,3.6606,-6.0548,-0.8372,-0.48258,-0.69771,1.7441,-0.15591,0.49891,0.43873
5,9.266,1.032,4.8938,0.01621,-0.01384,-0.00409,-0.62756,-0.21695,0.10744,4.1921,6.819,5.7296,0.057522,-0.11375,-0.012771,-0.82605,-0.44509,-0.25183,5.7085,-6.2333,5.7592,-0.21469,0.19196,-0.09586,-0.80901,0.251,-0.6254,-2.6202,6.5835,1.2124,-0.033497,0.037644,-2.0711,0.34131,-0.45446,-0.28663,-4.4344,-11.018,-0.55871,0.61671,-0.22104,-1.8914,0.34958,0.39899,0.12402
3,21.914,1.9461,-7.33,-0.10529,1.7678,-0.012011,-0.9293,-0.24509,-0.22346,-0.46628,11.058,6.1499,1.01,0.5876,-0.033656,0.68397,-0.3564,0.13343,1.9312,-11.062,5.2154,0.37963,0.12893,-0.261,-0.094133,0.55851,-0.52856,-18.942,-0.74372,-4.4864,0.044774,-0.52463,-0.33576,0.90204,0.10574,-0.30688,-8.7501,-2.9016,-0.69556,-0.30483,0.2118,0.71577,0.25462,1.0797,0.2132
4,9.9307,1.5573,0.32329,0.92988,0.20045,-0.12386,-0.81793,-0.32838,-0.27992,-8.6087,11.112,5.2067,0.18599,-0.25869,2.0727,-0.30339,-0.54852,-0.54815,4.4031,-8.042,6.8026,0.49516,-1.0179,-2.1532,0.11647,0.58563,-0.95993,-11.617,8.2329,-1.7953,0.055944,-0.11758,-0.096529,0.71226,-0.000687,0.019476,-6.5172,0.99835,0.21734,-0.081321,-0.70921,0.90641,0.35878,0.36906,0.26026
0,6.4,-0.67179,3.9557,0.35521,-0.25323,-0.018714,-0.61603,0.09263,-0.68105,7.5869,4.3533,1.3454,2.3326,-0.052493,1.0297,-0.60745,-0.41615,-0.83819,7.5543,-1.5136,1.0188,1.5942,0.79877,1.9503,-0.29811,1.1687,-0.29346,-9.1125,-0.49313,-1.6641,0.33749,-0.24377,-1.3696,0.67232,-0.4169,0.38317,-5.9402,4.6975,-2.477,0.82983,0.078331,-0.44658,0.63917,0.71656,-0.15153
7,9.2082,2.2877,7.2106,-0.13791,0.13616,-0.18959,-0.49598,-0.28806,-0.7756,0.81663,8.0341,4.497,0.52478,0.14858,-1.0689,0.46226,-0.69037,-0.46585,1.8231,-3.6958,9.7586,-0.63152,0.77019,0.35244,0.30732,0.10038,-0.90035,1.057,8.7403,3.5088,-0.1448,0.33557,-0.76829,-0.52245,-0.71491,-0.3976,0.13955,-8.7532,1.5403,-0.33537,0.007804,0.92747,-0.37513,0.90243,-0.032925
8,-1.9397,-0.083986,-0.23321,0.084568,-0.21628,-0.13487,-0.46495,-0.026743,-0.65922,-1.1194,2.238,-0.2179,-0.63403,-0.17837,-0.36882,-0.56432,-0.38859,-0.30701,-1.0884,-0.85567,-0.43777,-0.126,0.004927,0.21697,-0.51056,0.33394,-0.42725,-0.79069,-0.57315,-1.7713,0.21561,0.15461,0.45184,0.62991,-0.36143,0.025014,-0.62787,-0.054313,-1.288,0.32807,0.008934,-0.45034,0.63202,0.27696,0.281
0,8.4994,-0.12258,4.4194,0.26036,-0.17938,0.21224,-0.78593,0.024523,-0.92556,7.1512,2.2385,1.5947,0.28608,0.29268,-0.1804,-0.51014,-0.73423,-0.87411,8.8547,-4.1825,4.2533,0.43378,-0.0981,0.11809,-1.4327,1.2175,0.61218,-10.548,6.3963,-3.2334,2.6912,1.0682,-1.2503,0.17808,-0.80832,0.12988,-10.193,-0.43274,-2.4123,-0.75726,-0.17587,0.76731,0.76251,0.25154,0.30998
0,6.949,-0.61771,3.7153,-0.031241,-0.29957,0.11385,-0.76609,0.057049,-0.94049,7.1034,2.4832,1.2446,-0.65236,0.91097,-1.1605,-0.66082,-0.71415,-0.78009,7.3677,-4.6652,3.7545,-0.38006,-0.41169,-0.14802,-1.9415,1.1369,0.45536,-7.0285,-5.5766,-2.0555,-2.1959,0.3793,1.5115,0.12507,-0.80663,0.25529,-8.2237,-1.579,-3.1367,-1.3274,-0.10191,1.0206,0.69583,0.387,0.30545
6,9.7817,0.6155,0.33195,-0.21276,0.079057,0.19272,-0.77527,0.26218,0.30627,-0.1627,5.07,8.5447,-0.11226,-0.25572,-0.10776,-0.35716,-0.19356,-0.68783,1.6227,-2.5342,9.2827,-0.13495,0.24357,-0.061215,-0.43308,0.6035,-0.49228,-6.8091,8.6837,-3.6666,-0.4337,0.32052,1.4569,0.55537,-0.29712,0.36022,-7.271,-7.0886,-5.669,-0.97791,-0.39197,1.5282,0.60289,0.46843,-0.046054
5,9.1883,-0.021576,2.6711,-0.015643,-0.062249,0.026158,-0.59299,-0.18014,0.15165,2.5888,0.96463,9.4926,-0.037712,-0.026042,0.005089,-0.27272,-0.16667,-0.24254,1.1706,-1.1227,9.5743,-0.025382,0.00922,0.002085,-0.60389,-0.11364,-0.53688,3.1299,3.8303,1.3721,-0.4045,0.012376,1.3996,0.21737,-0.57913,-0.2963,-3.0639,-15.191,-6.281,-0.19837,-0.13186,0.97857,0.4216,0.28013,0.28646
2,-1.0089,4.7035,0.84417,0.76317,2.474,-0.62532,-0.7196,-0.43437,-0.67993,-7.0689,-1.0078,2.8386,-1.961,0.72318,-0.9512,0.52061,-0.57842,-0.69851,8.5536,0.095952,-1.465,-2.0938,-1.9501,0.36547,0.36825,0.66742,-0.89372,-0.59016,27.307,2.3008,-1.4773,0.30011,-1.0329,0.5836,-0.31604,0.068239,8.1447,-9.5008,1.7145,1.4656,0.19776,0.91582,0.40962,0.58196,0.034371
6,9.8699,0.21447,-0.22843,-0.01321,0.13026,-0.093305,-0.76379,0.28498,0.31781,0.33017,5.1028,8.363,0.040212,0.12468,-0.50978,-0.3445,-0.17828,-0.70034,1.7435,-2.1442,9.4162,0.13299,0.03119,-0.077122,-0.4244,0.56678,-0.52517,-7.7197,7.4401,-3.9518,-0.27396,-0.37948,0.34504,0.59008,-0.081256,0.2826,-1.7308,-7.2513,-1.652,-0.41513,-0.24,0.048788,0.45049,0.7027,0.003179
9,8.6906,3.0627,2.1085,-3.3234,-0.60568,-0.017131,-0.63488,-0.24301,-0.50165,6.5895,5.9027,3.4112,-2.2338,-3.9588,-1.4772,0.20476,-0.79823,0.044006,14.54,-11.248,-2.3208,0.30698,5.4843,0.77088,0.20957,0.66717,-0.45829,-8.6162,-7.5739,-6.7631,1.5802,1.3526,-1.1623,0.84328,-0.27308,0.20874,-9.0447,-7.8445,-1.73,3.5254,-0.73027,-0.38312,0.52865,0.58152,0.21787
4,9.1037,-5.6061,-1.8676,1.7601,-0.59527,0.53209,-0.69475,0.3597,-0.61669,5.433,8.7311,6.997,1.8093,0.85602,-3.8157,-0.1314,-1.1456,-0.21577,-7.5797,-8.2826,5.6878,0.37581,1.0539,3.2976,0.29784,0.45562,-0.62754,-8.0061,0.90905,-3.3526,-0.42061,0.42616,0.38468,0.478,-0.34748,-0.17503,-16.053,-2.2814,1.6678,-0.92527,1.0855,-1.9918,0.48114,0.3527,0.1509
7,10.134,-1.0957,-0.86389,-0.47824,0.029781,0.16743,-0.87407,0.31178,-0.50685,1.962,7.339,8.0232,-0.005247,-0.03032,0.087577,0.33105,-0.57615,-0.66666,4.7141,1.1491,9.2373,-0.21896,-0.030177,0.074457,0.091879,-0.17725,-0.91785,0.77621,9.0316,1.867,0.045094,-0.31406,0.77037,-0.53152,-0.76099,-0.25642,0.58359,-9.6817,0.63016,-0.15271,0.19606,-0.66316,-0.53736,0.8035,0.056177
5,9.6909,-0.73578,1.6529,0.051798,0.087304,-0.051921,-0.58734,-0.25845,0.19544,0.006659,7.6918,5.8454,0.037047,-0.012395,0.021327,-0.13385,-0.56128,-0.057343,0.80887,-2.7049,9.5803,0.016332,-0.05566,-0.005428,-0.43773,-0.11909,-0.59589,-5.1155,12.929,-0.21229,-0.008109,0.22959,-0.84535,0.3215,-0.49385,-0.1972,3.2392,-6.0599,2.0955,-0.079418,-0.25688,-0.98405,0.047132,0.61243,0.094284
5,8.3137,-0.69822,6.2035,0.42041,0.058005,-0.15321,-0.65064,-0.092481,0.048778,-0.24513,5.7885,7.5117,0.11758,0.041626,-0.096678,-0.19685,-0.41547,-0.28199,0.087189,-2.0271,9.1413,0.17926,-0.12234,0.01224,-0.51863,-0.087845,-0.59389,-2.5168,11.618,-1.9105,-0.78511,0.28808,1.2163,0.41726,-0.49996,0.007731,4.9706,-3.5734,1.5135,-0.65876,-0.039959,1.6723,0.053162,0.63027,0.043693
9,14.283,2.4386,-3.4525,0.37555,-0.038248,-1.1682,-0.76899,-0.50226,-0.14812,-3.9811,8.5404,-2.8507,2.6205,-0.58086,-0.47751,-0.011591,-0.90234,0.005518,-2.1265,-7.4263,-12.436,1.4116,-0.68945,-0.2382,-0.003136,0.69026,-0.58301,-17.736,-2.1583,-1.3706,-0.81857,-0.096807,2.2227,0.7573,-0.15457,-0.42673,-18.292,0.83836,0.13445,-0.98744,0.40403,0.30992,0.48878,0.42238,0.63909
6,8.3757,0.88856,2.1019,0.5699,-0.015172,-0.37891,-0.86683,0.31693,0.15985,-0.49602,5.1548,8.0044,0.29091,0.15564,-0.31478,-0.41033,-0.15726,-0.78972,-0.034831,-1.328,10.227,0.27133,-0.30195,0.07024,-0.32073,0.53075,-0.67822,-11.671,7.9552,-5.139,0.65713,-0.73723,-2.4267,0.52217,-0.15442,0.4142,-6.3721,-6.3988,0.02006,0.84143,-0.13227,-2.0752,0.53585,0.43654,-0.34605
6,9.4575,-0.71884,1.7266,-0.41268,-0.089157,0.23295,-0.84558,0.34223,0.22501,-0.62172,5.3254,7.8534,-0.017967,0.011019,0.082528,-0.39744,-0.15086,-0.80058,0.21735,-1.4338,9.064,-0.28646,0.30966,0.053275,-0.30986,0.53447,-0.67727,-6.7324,5.657,-3.2741,-1.3869,0.63187,2.0938,0.39508,-0.39043,0.48443,-10.643,-11.6,0.023523,-0.12058,-0.09499,2.0648,0.59759,0.20941,-0.39106
6,10.106,-0.95274,-1.3262,0.035941,-0.24079,0.12006,-0.94393,0.42819,0.43137,-2.4213,6.5257,7.1385,0.078692,0.27752,0.25079,-0.38358,-0.37822,-0.8741,-0.8515,-1.167,9.8677,0.11567,-0.003389,0.17116,-0.41729,0.5048,-0.80054,-0.50585,7.0107,0.079443,0.13803,0.086658,-0.087041,0.26689,-0.69445,0.35143,-6.772,-6.5692,-3.7405,0.055595,0.080578,-0.42743,0.60604,0.54417,-0.3179
8,13.658,-2.9368,4.6897,-0.05621,0.50106,0.003903,-0.70952,-0.35172,-0.34003,17.877,6.918,1.2645,0.29975,0.013896,0.040889,-0.42813,-0.5834,0.35668,16.892,-8.4968,7.13,-0.69958,-0.1933,-0.053691,-0.28797,0.15603,-0.73886,-18.533,-2.1218,-0.84423,-1.7735,-0.108,-0.24734,0.52531,-0.42188,-0.37239,-17.886,-11.859,4.4722,0.29775,-1.4724,0.65212,0.41578,0.27085,0.59613
0,8.2309,1.9072,3.4085,0.32068,-0.38065,0.027345,-0.80016,-0.19698,-0.69466,4.9146,5.5449,5.2842,-0.003626,0.45008,-0.54981,-0.42994,-0.80571,-0.73827,5.7908,-4.2045,5.8586,-0.09178,0.54441,0.39086,-0.43881,0.77213,-1.041,-6.2262,-2.8769,1.4526,-1.4791,0.41313,0.41695,0.087616,-0.78296,-0.096782,-10.179,-0.63756,-1.9341,-0.59018,0.025061,1.2391,0.63265,0.38559,0.11694
8,21.677,-2.2013,-3.3606,-1.0991,1.1565,1.0505,-0.57101,0.4122,0.37673,26.108,2.6544,-2.2432,0.94657,0.42523,0.92575,-0.61663,0.13644,-0.24845,25.106,-4.5632,2.6464,1.7102,-1.3917,-1.3953,-0.73267,0.37208,0.21817,-18.129,3.3277,-0.4869,1.0533,0.005764,0.50384,0.47771,-0.11606,0.73884,-22.604,3.6486,-1.7423,-0.33264,-0.008805,-0.005852,0.62275,-0.053255,-0.33635
9,2.8419,-0.27404,0.91743,0.6856,-0.059007,-0.14124,-0.76936,0.44647,0.082698,0.62102,0.065851,4.821,-2.1082,-0.78265,-0.96919,-0.78513,0.00422,-0.31549,9.1025,1.3332,0.53577,0.44653,-5.7099,-2.808,-0.51288,0.69414,-0.16303,-5.168,8.921,-0.64959,0.31633,-0.031857,-0.36369,0.49719,0.44018,0.53406,-3.2148,-11.748,-1.7022,0.67503,1.6112,0.29136,0.70724,-0.13315,-0.40327
7,8.3353,0.10167,5.6906,-0.058342,-0.32357,0.10074,-0.46122,-0.055007,-0.85779,-6.7184,0.061803,7.5485,0.62278,-0.56678,1.4627,0.71594,0.11518,-0.64591,-5.2465,-0.60152,8.6891,-0.12973,-0.89437,-1.1481,0.57631,-0.26109,-0.71747,-3.3791,9.1757,-1.4448,-0.045218,0.00505,-0.057595,-0.16795,-0.94575,-0.01826,-2.3225,-8.659,-4.4334,0.025356,0.017437,0.001927,-0.29064,0.79321,0.4787
4,6.4441,0.17435,1.5698,-0.63962,0.34586,-0.40113,-0.71349,-0.23496,-0.54077,-6.2812,7.689,3.2978,-0.09882,-0.33366,-1.9061,0.017206,-0.61685,-0.28552,0.68081,-5.4359,6.9333,-0.072773,0.43481,0.29554,0.28814,0.51646,-0.89902,-8.7771,-0.16932,-0.2584,0.61206,0.34442,1.8992,0.63496,-0.24756,0.045353,-7.8143,-2.3336,-1.9958,-0.16962,0.098828,1.7205,0.41905,0.4565,0.032231
0,7.8991,-0.3003,3.8056,0.097417,-0.15285,-0.034467,-0.61432,0.19711,-0.62867,8.2522,1.9292,0.046032,-0.055217,0.63136,-1.4202,-0.29806,0.022808,-0.99377,9.2434,-4.0967,3.3339,-0.33894,-0.64701,-2.0643,-0.69565,0.52829,0.42512,-4.9952,1.6157,1.0025,2.2558,-0.51605,-0.3507,0.36864,-0.71595,0.38814,-10.339,-1.8649,-0.98054,0.091649,-0.053935,1.3154,1.1022,0.34411,-0.19215
1,8.3976,-1.5283,3.3386,0.54968,0.020421,0.10148,-0.81996,-0.04592,-0.74604,10.185,1.5319,3.8961,-0.39959,-1.3077,0.86388,-1.0134,-0.50166,-0.090783,10.538,-1.0873,0.38382,0.25374,0.58994,2.4731,-1.1141,1.5424,0.87404,-10.551,-0.011335,-2.0427,0.58067,0.52528,-1.9266,0.25138,-0.54424,0.04842,-17.356,3.7844,-0.56962,0.17344,0.41061,-2.9335,0.58716,0.3639,0.13977
8,0.56354,-0.58317,-0.58669,-0.13371,-0.29607,0.015208,-0.72987,-0.31673,-0.30316,-0.49776,3.1871,-0.57301,-0.68146,-0.13813,-0.063118,-0.40727,-0.55165,0.41661,0.62438,-0.41394,0.85771,-0.40539,0.40356,-0.26953,-0.46665,0.020873,-0.61779,1.5941,5.0832,-0.89427,0.16632,0.3842,0.29039,0.45771,-0.23896,-0.52277,-0.22506,-2.9862,0.15262,0.12465,0.054468,-0.003788,0.48915,0.16118,0.58406
8,11.632,0.73863,7.0805,-0.95738,-0.55124,-0.79595,-0.97538,0.09519,0.44561,4.0478,3.9227,7.9177,-2.837,3.6308,-1.5377,-0.90847,-0.45706,0.062436,0.18731,-3.2812,5.4055,-1.5887,0.1809,-3.6277,-0.89231,-0.19832,0.30859,-3.318,1.7595,-0.18106,1.68,-2.5588,0.2389,0.87299,0.4276,0.29973,-8.5003,-0.93747,1.0696,0.54832,0.067515,0.52135,0.82357,-0.30647,-0.40951
3,17.821,-4.5903,6.1995,-0.4189,-1.5746,0.17258,-0.71956,-0.12713,-0.61746,-1.5017,4.098,10.352,0.50156,0.11087,-0.6388,0.014386,0.018658,-0.70273,0.039698,-5.5855,11.533,-0.35108,0.76991,-0.09644,0.12289,0.24174,-1.0419,-14.624,0.97453,-3.7337,0.29295,0.045472,0.058362,0.81706,0.039913,-0.52452,-11.434,-3.5059,0.25483,-0.32448,0.22308,-0.34909,0.80576,0.82444,-0.036679
0,8.2894,0.039254,3.2522,-0.045815,-0.50886,0.010604,-0.7864,-0.22582,-0.72342,5.2847,4.8615,5.9953,-0.096684,0.1188,-0.26134,-0.48545,-0.74402,-0.71843,5.8099,-5.4673,4.5796,0.12129,0.10098,0.3601,-0.36869,0.83096,-1.187,-10.916,-0.9218,-0.23899,0.35991,-0.00811,-1.5592,0.45332,-0.52711,0.07402,-6.5656,7.3794,-0.72333,1.1034,-0.089272,-0.29608,0.29577,0.66704,0.17356
0,9.6303,0.30424,0.80444,-0.024786,0.44723,0.075696,-0.75205,0.24166,-0.64456,4.4453,9.7267,-0.84042,-0.28797,-0.22762,0.007917,-0.489,-0.55689,-0.42761,5.2561,-4.8305,6.934,0.030433,0.072918,-0.057067,-0.10562,0.73806,-0.90476,-8.2697,2.18,-1.2011,-0.13489,0.098213,-0.31262,0.68869,-0.57767,-0.051935,-13.651,1.575,0.32088,0.012531,1.7949,-2.6753,0.91919,0.50227,0.1985
5,6.9565,-2.5188,3.539,-0.31431,0.2171,0.055129,-0.81369,-0.021505,0.010522,0.017569,7.8863,4.965,-0.084988,0.007811,0.036724,-0.17006,-0.47889,-0.10235,0.75878,-3.4625,8.9472,-0.37198,0.43487,-0.050804,-0.50294,-0.099514,-0.60311,5.0991,2.5873,0.98946,0.94678,-0.018605,-2.0698,0.1333,-0.57903,-0.31618,-3.9544,-13.61,-0.75661,-0.80844,-0.018639,-1.4229,0.32476,0.29934,0.19842
6,9.2671,-3.2104,3.0232,0.79757,0.027238,-0.45616,-0.93091,0.61833,0.19255,0.29026,8.2923,4.9159,-0.014969,-0.020143,0.016607,-0.62028,-0.46397,-0.6902,1.1139,-2.1877,9.2529,0.26124,-0.3609,-0.020713,-0.51264,0.58696,-0.65921,-9.2414,5.0347,-0.082496,0.20841,-0.21414,-2.6759,0.54882,-0.4281,0.30533,-9.1479,-9.8303,-0.60828,0.14436,0.37828,-1.5781,0.59295,0.45147,-0.33063
3,7.8404,-1.6854,-2.8288,0.31483,-0.43646,0.15715,-0.8973,-0.098527,-0.31303,7.3233,5.5473,2.6047,-0.063964,-0.043198,0.78523,0.36426,-0.66725,-0.26827,8.3561,-3.0509,3.845,-0.17229,-0.68426,-0.13534,-0.40142,0.28487,-0.57398,-7.0936,2.7485,-1.5426,0.55318,-0.029772,-1.0216,0.82501,-0.41343,-0.19534,-9.1842,-1.3126,-1.5421,0.70139,0.28655,-0.99635,0.78782,0.25035,0.56061
2,1.0297,-0.24355,-2.342,1.0545,0.17581,0.32746,-0.67112,0.20278,-0.58917,7.2565,-0.86835,0.22002,0.46674,1.685,1.1855,0.15877,-0.75206,-0.073343,-6.1914,-0.43127,0.79128,0.89135,-1.0348,1.882,-0.059293,0.99934,-0.29839,1.5692,-10.286,1.4923,0.96072,-0.044508,0.34687,0.44488,-0.59587,0.35574,-1.4651,-3.878,-0.93192,-1.0027,0.56869,-1.8534,1.1424,0.39803,-0.19548
1,8.9717,-0.50016,6.0439,0.21222,-0.4583,0.14125,-0.63202,0.23094,-0.69902,0.67373,9.2252,1.9799,0.050718,-0.13479,-0.36229,-0.099228,-0.52881,-0.50421,0.62228,-5.9523,9.1976,1.6542,0.1778,0.59366,0.27979,0.68511,-0.79997,-9.1521,3.153,-2.43,0.82971,0.43302,-1.1076,0.33828,-0.83988,-0.1037,-10.68,-4.6145,-3.2875,-1.5702,-0.1648,0.87689,1.1237,0.32862,-0.034344
7,3.3686,-3.0487,10.042,0.44193,1.8991,0.4521,-0.27749,0.33995,-0.97189,-1.1898,7.7689,8.2343,0.69362,-1.6136,-1.4391,0.43874,-0.29957,-0.80005,-2.2462,2.9557,11.068,0.8042,0.90591,2.4471,0.39528,-0.46009,-0.73979,-2.8772,4.3162,0.70128,-0.45948,0.20219,0.82436,-0.25405,-0.87125,-0.30383,-3.0824,-7.5018,0.51028,-1.8196,0.58686,-0.36143,-0.24177,0.92488,0.16095
0,9.1835,-1.9382,2.1043,0.13211,0.020359,-0.16756,-0.86442,0.11123,-0.55506,8.6591,1.7535,4.5083,0.018993,-0.49696,0.66098,-0.38284,-0.26951,-0.75631,8.1924,-2.5404,1.8062,0.77571,0.47399,0.46149,-0.95828,1.2372,-0.5733,-9.3527,-2.7145,-2.4078,0.20565,-0.05467,-1.137,0.70104,-0.13806,0.51991,-4.6448,5.4615,-2.2236,0.27528,0.27437,0.38681,0.74854,0.64468,-0.45459
4,8.0218,0.3519,1.1962,-0.31004,0.27416,-0.044479,-0.85369,-0.20187,-0.43253,-0.55215,8.2235,5.6644,-0.36813,-0.3967,-0.85441,-0.40147,-0.49324,-0.45267,2.0908,-5.9854,8.4757,-0.097563,0.44117,-0.30109,-0.056314,0.49801,-1.087,-9.0471,1.4648,0.10054,-0.24098,-0.54209,1.5504,0.64433,-0.11635,-0.083212,-7.9017,-2.7226,-1.8953,-0.76267,-0.18001,1.2062,0.42926,0.33795,0.18362
4,8.7915,-0.064249,1.5481,-0.48581,0.52807,0.14171,-0.76112,0.014248,-0.55129,1.7391,6.8937,6.5369,0.79866,0.24421,1.3189,-0.16147,-0.80517,-0.85103,-7.5337,-5.1233,7.2188,-0.92456,0.15795,-0.75399,0.2521,0.53436,-0.58093,-9.0016,0.91189,-2.0056,0.6622,-0.23537,-1.0346,0.45415,-0.24051,-0.16154,-9.0771,-2.2676,-0.040795,-0.86567,-0.20458,-0.46135,0.6758,0.12658,0.086726
2,12.984,2.5584,3.145,2.4734,0.52101,0.070588,-0.74415,-0.061755,-0.51179,-2.1067,12.941,-6.261,1.8766,4.0481,-0.02664,0.11551,-0.71178,-0.083878,8.2422,-13.704,-0.29341,1.0894,-1.7881,1.5912,0.20585,0.97601,-0.48855,-22.412,5.9015,3.5135,0.20607,-0.73759,-2.8958,0.71764,-0.36643,0.3155,-15.12,5.985,4.3652,1.6483,1.0966,-1.1758,0.85625,0.77951,0.008083
5,9.653,0.34714,2.4346,-0.10597,-0.00585,0.06348,-0.57589,-0.19711,0.17804,2.3897,0.93653,9.4939,-0.001199,-0.01782,-0.031995,-0.26563,-0.16845,-0.24833,1.4531,-0.51965,9.8281,-0.023503,0.036951,-0.043671,-0.62475,-0.14543,-0.51135,-3.2246,11.454,0.94139,-0.71011,-0.33615,1.6188,0.35041,-0.5267,-0.2225,-0.84439,-8.9493,-2.3389,-1.4215,-0.62933,1.657,0.2622,0.46769,0.30042
6,9.1076,1.2183,2.823,0.89459,0.36844,-0.38061,-1.0276,0.46962,0.037951,-1.2989,8.7211,4.4098,0.10926,0.037122,-0.33768,-0.50289,-0.57604,-0.63413,1.6924,-3.3204,9.157,0.17928,-0.096874,-0.23299,-0.53109,0.62958,-0.6498,-10.796,14.939,0.25181,-0.33982,-0.2942,-0.27481,0.62601,-0.20175,0.25766,-3.7453,-1.3232,-0.65621,0.10243,0.25504,-1.201,0.45077,0.5953,-0.37393
5,9.2312,-0.31173,2.9228,-0.17893,0.059213,0.25162,-0.60016,-0.19059,0.11645,3.0093,0.49235,8.9384,-0.041421,-0.051287,0.034906,-0.28711,-0.1523,-0.23536,1.6506,-1.116,9.7427,-0.083159,0.12802,0.020056,-0.62841,-0.11773,-0.52347,3.8838,5.3605,0.58212,0.28503,0.13325,-0.79129,0.1672,-0.62216,-0.26571,-2.5659,-10.577,-3.4615,0.85808,0.31784,-0.60611,0.40419,0.32382,0.28736
1,6.2835,-0.18744,1.2968,0.70479,-0.028284,-0.25655,-0.7306,0.060874,-0.51804,6.0764,4.7534,0.020631,1.4602,-0.10216,0.38135,-0.39317,-0.49926,-0.8929,7.2114,-2.4126,2.0584,0.10808,0.89735,1.9911,-1.0362,1.2231,-0.56818,-9.5607,1.7324,-1.1333,0.54241,0.15522,-1.2967,0.72607,-0.41886,0.32298,-7.3804,3.6536,-0.16762,1.4356,0.17342,-1.6509,0.78515,0.93141,-0.12722
6,8.1132,2.6764,4.5234,0.26092,-0.20248,-0.19448,-0.92175,0.18568,-0.20977,0.08427,8.8299,4.8898,0.17091,0.12571,-0.27559,-0.64834,-0.61957,-0.52246,0.87267,-5.2498,8.777,0.043349,-0.067975,-0.041051,-0.63076,0.69063,-0.55936,-8.9615,9.3484,0.52823,0.21937,0.031423,0.014294,0.68615,-0.17252,0.21069,-0.86343,-0.70786,-0.90046,0.56052,0.36149,-0.25696,0.5067,0.71988,-0.10903
8,7.4693,-0.53018,1.72,-0.19605,-0.3675,0.129,-0.77908,-0.38126,0.17252,8.2835,2.2529,1.5016,-1.1366,-0.20862,0.13626,-0.6053,-0.1178,0.49074,8.4046,-0.66682,1.0965,1.2866,0.052275,0.28668,-0.56574,-0.45877,0.032594,-8.5216,5.5697,-4.595,-0.19464,0.48876,1.2124,0.47983,0.16297,-0.51142,-8.2505,-4.4343,-2.1359,-0.30724,0.14558,-0.48201,0.43589,-0.39614,0.48524
7,10.015,0.2228,2.0136,-0.29552,-0.16366,-0.057712,-0.76401,-0.11749,-0.58453,-0.82942,4.3566,7.7449,-0.18544,-0.48966,0.22377,0.50962,-0.23954,-0.77632,0.022731,-2.1384,7.3228,0.16255,-0.66382,-0.88623,0.25004,-0.011745,-0.91861,-1.4532,9.3375,0.60169,0.039007,-0.20058,0.45101,-0.33149,-0.88154,-0.18755,-0.77712,-10.601,-0.19253,-0.28448,-0.001635,-0.57879,-0.39036,0.8886,0.050675
4,2.6064,-1.5722,-0.95065,-0.42783,1.1205,0.42186,-0.7398,0.23672,-0.68407,6.0575,8.1471,4.3772,0.37748,-0.8066,-0.99967,-0.074852,-0.80803,0.27921,-4.0235,-5.3493,6.5712,1.4152,-0.65063,0.62224,-0.10039,0.52558,-0.58574,-7.6814,8.0174,4.5241,-2.2464,1.3397,-1.215,0.50297,-0.16222,-0.16083,-6.9185,-3.8602,0.51353,-3.4258,0.62983,-2.4052,0.61185,0.21231,0.081588
5,9.7607,-0.057026,1.3339,-0.26734,-0.086268,0.20295,-0.58279,-0.26418,0.20216,-0.50325,8.4994,5.3218,-0.21426,-0.1417,-0.11102,-0.10516,-0.56847,-0.028013,0.76689,-5.1499,8.7686,-0.11989,0.07918,0.04575,-0.39031,0.024253,-0.6388,-2.3948,9.322,-0.56818,-0.48578,-0.10359,1.5562,0.27748,-0.53847,-0.28563,-1.4806,-10.334,0.90501,-0.28218,-0.074169,1.609,0.19701,0.48877,0.18944
3,6.0062,-0.99483,-0.86082,-0.29365,0.16552,-0.017281,-0.96656,-0.001994,-0.41098,2.2773,8.7594,5.2704,1.6328,-0.32227,-0.54374,0.42166,-0.24446,0.2752,3.537,-11.601,16.029,-2.6077,0.030541,-0.27162,0.32641,0.52918,-0.56141,-7.2628,3.6134,-1.582,0.48417,0.79063,1.6128,0.59471,-0.60105,0.15216,-7.2326,-2.1423,0.057265,-0.081726,-0.1129,1.6764,0.75596,0.55249,0.026378
8,23.618,-2.964,-4.31,-1.3032,1.0078,1.6651,-0.56212,0.27873,0.48709,22.361,-0.40712,-0.86584,0.21677,0.53408,-0.57669,-0.61039,0.30898,-0.13043,26.105,0.99836,-4.8666,-0.53984,0.97364,-0.033479,-0.7372,0.28735,0.27449,-17.057,-4.8684,-2.6079,0.068161,-0.63868,0.40812,0.56901,-0.11503,0.72454,-22.992,1.6943,-0.61992,-1.0509,-0.12354,-0.1365,0.62345,-0.089862,-0.35553
6,8.9134,1.1496,4.1916,-0.58955,0.04821,0.26849,-0.92815,0.26277,-0.038673,2.9222,7.304,5.9919,-0.30143,-0.24503,0.19136,-0.80271,-0.39458,-0.55675,1.9147,-3.8026,8.665,-0.15584,0.19051,0.054941,-0.70145,0.62346,-0.57818,-9.8825,8.3622,0.79555,-0.32745,-0.65714,2.0298,0.68421,-0.33205,0.16214,-8.781,-6.867,-4.6194,-1.166,-0.67967,2.3206,0.62918,0.55413,-0.062013
7,8.4441,-0.16969,3.9301,0.57744,-0.27399,-0.16223,-0.48588,-0.11812,-0.82036,0.55874,10.844,0.10926,-1.0535,1.1951,1.3061,0.54913,-0.75914,-0.15492,1.0628,-4.6782,9.4104,0.90867,-0.84944,-1.096,0.40858,-0.056403,-0.86542,0.98628,9.2434,3.9857,0.16909,-0.12647,0.47405,-0.63955,-0.61352,-0.38533,-0.28205,-9.7802,1.404,0.17009,0.094511,-0.50791,-0.49338,0.83839,-0.005269
9,3.2503,1.8882,-5.9379,-1.1875,-0.646,2.2463,-0.64528,0.021274,-0.57377,2.4623,5.1393,4.1287,-0.87924,0.13983,1.9078,-0.48337,-0.57702,-0.36974,29.131,1.0326,3.6016,-4.4791,-5.853,-4.8662,-0.20566,0.3594,-0.74582,0.37948,-7.2105,0.84916,-3.1889,-2.6681,-0.37988,0.45345,-0.73615,-0.11894,-8.3579,-4.2582,8.1769,0.68166,-0.72245,0.63813,0.73436,0.42837,-0.19821
2,18.209,4.606,-2.6056,0.36334,-1.6878,-2.7124,-0.69663,-0.063658,-0.53708,-9.0134,9.2455,-9.9675,-1.1476,-2.5013,-0.1466,0.24119,-0.57715,0.011743,8.8743,-12.773,-0.24174,-1.5123,1.1163,-1.5726,0.12568,0.88987,-0.53891,-24.561,4.9447,-3.1906,0.075609,0.9693,3.4532,0.76539,-0.40566,0.18063,-27.095,12.66,20.919,-0.008342,2.3432,-3.0556,0.90917,0.78233,0.037619
5,7.8814,-1.2171,5.2717,-0.13885,-0.18026,-0.065502,-0.66103,-0.035503,0.011653,-0.15418,5.3863,7.9552,-0.000636,-0.067782,0.017503,-0.20501,-0.39337,-0.30391,-0.31456,-2.429,9.5896,-0.012902,-0.015973,-0.10627,-0.5023,-0.08045,-0.61811,6.3077,2.4769,0.94757,0.99207,-0.34637,-0.86019,0.094185,-0.66781,-0.1436,-3.209,-11.686,-0.14969,0.84646,0.48312,-0.7986,0.41827,0.38475,0.16372
1,13.366,0.58314,1.7309,0.33129,-0.13179,0.53467,-0.73544,0.15406,-0.46664,11.997,4.3901,-0.75831,0.65975,-0.16583,2.1104,-0.17069,0.15951,-1.3621,11.797,-2.6792,5.287,-0.27437,0.19703,0.68152,-1.1424,0.45213,0.22051,-5.2385,-7.9753,-0.37478,0.74208,0.36555,-1.1205,0.40277,-0.79696,0.14471,-11.525,-10.324,-0.97452,-1.3969,-0.27691,-0.52203,1.1476,0.28395,0.008874
7,9.9778,-0.045304,-2.1546,-0.069134,0.41941,-0.18041,-0.9626,0.29829,-0.47081,1.9724,7.4169,7.8451,-0.071295,-0.054472,0.02563,0.34259,-0.57113,-0.66405,4.5454,0.78585,9.8436,-0.041008,-0.0442,-0.055276,0.088129,-0.17507,-0.91905,0.76489,9.226,0.69888,-0.15766,0.054879,0.71386,-0.62116,-0.70678,-0.21266,1.5554,-7.9238,-0.95611,-0.00837,0.087695,-0.56868,-0.64094,0.72403,0.073953
4,12.026,-1.6587,4.2549,1.4395,0.28544,0.63049,-0.73239,-0.14847,-0.51422,-1.8575,7.5232,6.5425,-0.1998,0.18124,-0.71898,-0.008029,-0.73205,-0.70199,-0.41095,-10.064,3.723,0.45386,-0.28428,-0.32068,0.47474,0.37283,-0.78738,-13.429,-0.60144,-1.788,-0.090077,0.033041,-2.0133,0.61338,-0.23172,-0.12303,-12.298,2.5132,-1.1024,-0.76825,-0.011884,-2.5896,0.43278,0.38276,-0.051402
6,9.5709,0.60946,-0.12219,0.14456,-0.15208,0.02319,-0.78124,-0.001023,0.3663,2.1601,1.3495,9.3112,0.002667,-0.065003,0.11626,-0.4864,0.072008,-0.60708,0.49689,-0.97721,9.5495,-0.018268,-0.019213,0.18298,-0.45119,0.45284,-0.61376,0.51009,-1.9384,1.628,-0.25363,0.059762,0.7255,0.69857,-0.32783,0.13418,-5.7695,-13.279,-4.8955,0.22122,0.076012,-0.27454,0.62969,0.31515,-0.20733
9,10.709,3.1667,-2.4763,-0.36325,-0.051489,-0.13816,-0.8057,0.21124,0.38113,10.568,4.5965,-0.62913,-0.40453,-0.15893,0.16713,-0.76429,0.1094,-0.47401,9.577,-0.89738,4.1179,0.12243,0.14612,-0.097519,-0.86047,0.16483,0.10296,-10.488,-0.10342,-0.43782,0.16739,-0.29767,0.41323,0.71892,0.20445,0.4616,-9.8225,-2.3498,-0.085808,0.041806,0.053717,-0.12801,0.82762,-0.024788,-0.33808
7,2.8077,0.71525,13.047,0.21683,0.54153,0.29013,-0.13276,-0.056239,-0.96348,-13.429,8.2548,9.1479,-0.77623,0.019096,-0.84787,0.80529,-0.42058,-0.34911,-9.9969,-3.2014,11.44,-0.069528,0.46686,0.38448,0.57944,-0.031427,-0.77,0.54723,9.842,4.1445,0.13614,-0.79527,0.81481,-0.33387,-0.77277,-0.4724,-2.5901,-9.7614,2.0295,0.46083,-0.37088,-0.96238,-0.094591,0.96878,0.062342
7,10.83,-0.50732,-0.31441,0.010412,1.9726,0.040289,-0.9687,0.020121,-0.40296,-1.4765,3.9964,7.5321,0.34599,0.19556,-0.9059,0.61794,-0.22965,-0.63035,1.0374,-1.1942,9.4274,0.77695,0.26814,0.30716,0.40714,-0.10251,-0.77197,-0.35723,11.347,-0.050131,0.21188,-0.20607,-0.87629,-0.4709,-0.78966,-0.09283,1.3299,-10.508,-2.6226,-0.34061,-0.35147,0.91967,-0.49114,0.7432,0.26633
5,8.1237,-1.2262,4.0995,-0.13225,-0.020081,-0.057321,-0.80492,-0.067329,0.060078,-0.94869,8.7155,4.9942,-0.040276,-0.006774,0.014731,-0.098913,-0.50041,-0.057661,0.44565,-2.7116,9.1905,-0.085045,0.002561,0.061657,-0.51697,-0.089928,-0.57973,-4.0676,14.16,-0.31831,-0.27084,0.26411,0.81636,0.28972,-0.43106,-0.16796,5.1836,-1.8263,1.2284,-0.21768,-0.49678,1.1755,0.091492,0.56263,0.1781
1,8.8797,0.47184,-5.2642,0.89384,0.47114,-0.39132,-0.80958,-0.07494,-0.31533,7.9191,2.6023,5.8745,0.48421,-0.52429,0.004308,0.89959,-0.11056,-0.28679,10.058,0.15092,3.1706,0.98565,-0.51121,-2.1537,-1.7161,0.29386,-0.61337,-10.312,1.1345,-2.5722,0.64446,-0.16545,1.5019,0.8957,-0.16451,0.24523,-9.6712,-4.2368,-1.6852,-1.682,-0.22998,1.3492,0.72628,0.86222,-0.22894
9,8.8064,1.1512,4.5299,0.30811,-0.16708,0.042314,-0.74348,0.27137,-0.25445,-0.35352,11.466,5.9731,-2.2933,-1.4391,0.70196,0.11192,-0.75425,-0.28945,7.5969,-4.0026,7.3251,0.94174,1.331,1.6589,-0.6518,0.42035,-0.39924,-9.2395,-0.3826,-0.24013,-2.0917,0.74319,0.15804,0.72199,-0.32412,0.23918,-10.379,-1.5413,-2.1153,-1.0545,0.60555,0.26581,0.82489,-0.10265,-0.05481
4,-9.1569,6.1105,4.2996,0.072806,0.054404,-0.47336,0.52039,-0.24737,-0.55659,0.7314,8.5801,-5.7464,-0.30437,0.84347,0.24265,-0.29085,-1.1536,0.16619,-0.712,-8.3652,3.5108,-0.36436,0.31846,-0.44751,0.17784,0.71041,-0.5654,-10.002,2.1521,0.48127,-0.32361,0.10938,1.1097,0.51765,-0.30246,-0.22773,-12.948,-2.7595,-2.2793,-0.26431,-0.48845,1.0689,0.61018,0.316,0.17843
7,9.8816,-0.30396,0.62153,0.095172,0.51251,0.073876,-0.71379,0.026872,-0.64738,4.3204,-0.20889,7.1626,0.37256,0.63916,0.12585,0.21056,-0.13007,-0.91729,5.0741,-0.28304,6.3791,-0.19722,0.848,0.15316,0.14977,-0.043958,-0.92438,-1.4986,10.046,1.5751,-0.12307,-0.1389,-0.083207,-0.52775,-0.77117,-0.23532,-0.24982,-9.7334,1.0275,0.095351,-0.38886,0.064119,-0.59742,0.76537,0.059596
8,9.5803,-0.087721,1.7972,-0.25435,0.018903,-0.000101,-0.76707,-0.41459,0.12341,9.3963,3.1963,1.911,-0.32553,0.011131,-0.31189,-0.66425,-0.006649,0.42363,9.123,-2.1822,1.8892,-0.95048,0.12962,-0.19967,-0.55365,-0.40421,-0.22478,-9.5624,0.82871,-1.2879,0.21027,0.13635,0.074962,0.4626,0.13144,-0.52631,-9.2773,-0.90277,-2.0049,0.048061,0.079247,0.059645,0.41932,-0.34268,0.533
6,9.6785,-4.9163,1.7742,0.4734,0.12733,-0.37314,-0.90961,0.60857,0.23485,-0.41965,9.0505,4.3716,0.16848,0.36995,-0.10173,-0.56092,-0.59144,-0.66641,-0.57532,-3.1031,9.9534,0.10055,-0.18292,0.002815,-0.40135,0.63433,-0.64813,-6.829,5.9502,0.9724,0.13929,-0.20262,-2.5911,0.52555,-0.46802,0.31566,-10.982,-9.5516,-1.3175,-0.019601,0.4279,-1.5179,0.59553,0.41852,-0.32478
4,11.016,-0.6014,4.8524,-1.1827,-0.16317,-0.35076,-0.68325,0.021207,-0.52895,-4.1591,6.7895,5.212,-0.46748,-0.55418,0.71567,0.094254,-0.75802,-0.61574,-4.4468,-5.5237,5.466,-0.22226,0.51516,0.55023,0.50392,0.3978,-0.64395,-10.915,4.6557,-2.9176,-0.74275,0.72483,1.9927,0.37253,-0.43656,0.088777,-12.065,-0.23749,-1.8752,0.76127,0.13247,1.4725,0.60214,0.29291,0.067943
5,8.3087,-1.334,3.9984,0.18389,0.15592,-0.14679,-0.6555,-0.064424,0.044084,0.088001,5.6208,8.0865,0.006335,0.034727,-0.088634,-0.19585,-0.40142,-0.29689,0.042812,-1.9792,9.6361,0.095412,-0.008855,-0.001772,-0.5118,-0.098367,-0.60636,-2.6934,9.9,-1.7474,0.69619,-0.71062,-2.6338,0.30905,-0.57839,-0.046622,-0.43801,-12.411,0.58249,-0.29433,0.1053,-2.2901,0.25452,0.55078,0.11893
7,8.7215,1.6212,3.1622,0.17284,-0.47956,0.15855,-0.54469,-0.24136,-0.75911,-5.3576,3.3746,8.3158,0.40096,-1.1868,0.75882,0.81276,-0.27554,-0.44612,-2.3896,-3.5297,9.9804,-0.15789,-0.64337,-0.72138,0.65391,0.21424,-0.66967,-4.0753,10.69,2.1847,-0.03129,0.17177,0.3937,-0.1493,-0.89519,-0.30147,-2.9847,-9.8715,2.6171,-0.10331,-0.052471,-0.32432,-0.2064,0.93786,-0.1326
1,12.83,0.005324,2.3207,-0.33239,1.0317,-0.26441,-0.67915,0.14917,-0.52903,-1.7121,9.2626,5.6596,0.087483,0.084785,0.48842,0.078899,-0.14897,-0.6326,-1.1365,-8.1157,7.871,-0.13839,-0.32684,-0.1874,0.55536,0.80795,-0.54706,-5.7619,-6.2494,-1.7919,0.83979,-0.037595,-0.8245,0.27341,-0.86274,0.21332,-9.993,-8.1454,0.28748,-0.33107,-0.40705,-0.95947,1.1175,0.24567,-0.049292
1,8.4889,-0.71246,1.0614,0.16323,-0.036982,-0.20987,-0.75899,0.081015,-0.47329,4.2077,8.476,3.5708,-0.19394,0.10208,0.38547,-0.28034,-0.27625,-0.56739,3.6491,-6.359,6.3807,-0.042092,-0.29112,-0.26515,-0.030831,0.89179,-0.82473,-9.3014,0.2908,-2.6076,0.45754,0.23189,-1.2464,0.58347,-0.59054,0.30166,-11.59,0.14377,1.0259,0.94826,0.7388,-2.1615,0.91137,0.849,-0.035679
7,9.9426,-0.33315,-0.45616,-0.042981,0.042034,0.012865,-0.79551,-0.031614,-0.55231,3.6485,2.6805,8.7875,0.16129,0.000949,0.10836,0.28293,-0.16514,-0.88122,2.6123,-0.92219,8.9341,-0.074699,0.13617,-0.057404,0.28395,-0.13772,-0.88181,1.4752,9.1273,-2.0925,-0.17364,-0.051729,0.002724,-0.71207,-0.64791,0.047491,1.6759,-8.0059,-5.253,-0.04339,0.057176,-0.10609,-0.73192,0.51855,0.35964
0,6.6965,-0.18181,3.6166,-0.24956,-0.18408,-0.033721,-0.76902,0.006865,-0.94304,6.9375,2.4953,1.3979,-0.89896,0.49127,-1.1195,-0.67351,-0.72683,-0.65252,7.0139,-3.479,3.0024,-0.70644,-0.20722,-0.080798,-2.2946,1.393,0.018317,-6.5611,-5.6115,-2.2376,-2.2025,0.3851,1.9089,0.073173,-0.75714,0.3268,-8.4977,-0.69164,-3.0415,-1.6386,-0.34233,1.1984,0.65898,0.46236,0.28181
1,8.4496,1.5114,3.3496,-0.46401,-0.033029,-0.090458,-0.82098,-0.14167,-0.74514,9.4647,1.5591,1.725,-0.75639,0.47238,-1.1678,-0.80944,-0.93324,-0.002121,9.3606,-2.0815,2.4444,-0.54185,-0.49578,-1.5923,-1.225,1.2624,0.62265,-16.128,-4.432,-2.8516,-0.30516,0.21598,2.2233,0.48457,-0.34612,0.16245,-10.332,-0.85063,-1.6531,-0.055056,0.27328,2.0212,0.25188,0.62068,0.042513
8,9.29,-1.5483,-0.97489,-0.27502,-0.049885,0.01426,-0.62411,0.32356,0.38049,9.5571,1.4542,0.77344,-0.002832,-0.33518,-0.15945,-0.62495,0.10789,-0.23006,8.5132,-0.99899,2.643,-0.26108,-0.062967,0.22061,-0.77083,0.27597,0.064946,-9.436,2.7566,-2.4427,0.35405,0.072916,0.40912,0.60494,0.081548,0.57778,-9.6438,-0.15676,-0.55824,-0.062325,-0.013386,-0.048448,0.61786,-0.24947,-0.22477
4,1.7178,-0.89429,-2.0119,2.6314,0.6399,0.28568,-0.7804,0.31371,-0.59024,9.2116,22.963,9.7739,1.933,-0.41974,-5.3208,-0.40149,-1.574,-0.12605,-9.0147,-5.7802,4.2181,0.3532,0.94935,4.7367,0.22938,0.48969,-0.63979,-10.035,3.1443,-4.9123,-0.69109,1.1957,-0.5187,0.48654,-0.22583,-0.22965,-11.967,-5.268,0.85608,-0.23205,1.2959,-1.7534,0.49292,0.33413,0.11673
5,9.3802,-0.2135,4.3274,0.79961,0.2469,-0.39871,-0.79766,-0.076499,0.080793,-0.98767,7.6202,5.0911,0.76605,0.34072,-0.11252,-0.0677,-0.50295,-0.052686,0.59207,-2.536,9.8702,0.097563,-0.13578,-0.16802,-0.53238,-0.10799,-0.58224,-4.6612,14.23,1.4451,1.0963,-0.1771,-0.28338,0.2919,-0.42997,-0.18813,4.1217,-2.6958,0.94048,0.31345,0.052082,-1.0903,0.07309,0.57975,0.1757
0,7.4492,-1.432,3.3718,-0.020677,-0.011996,-0.11107,-0.58802,0.10225,-0.68305,0.4975,8.3078,5.5892,0.009035,-0.14045,0.60968,0.002703,-0.24916,-0.6474,1.3479,-4.9551,7.6172,0.034906,-0.88893,-0.058496,0.3396,0.72182,-0.85558,-12.735,-1.6051,-2.6547,1.2648,-0.27204,-1.7259,0.43193,-0.71801,0.25978,-15.655,2.0643,-2.9965,0.13213,-0.73315,-2.5988,1.0081,0.4107,-0.12491
4,5.7137,-1.9201,0.90588,0.33979,1.2381,0.013187,-0.69535,0.006361,-0.62005,4.6816,3.9007,7.4912,-0.70822,0.68286,0.26887,0.013924,-0.65564,-0.79887,-5.6098,-7.1045,5.5871,-0.344,-0.19446,1.4155,0.14414,0.60235,-0.55449,-7.2045,0.67626,-2.9788,0.89686,-0.057639,-1.6041,0.46331,-0.22536,-0.17188,-9.3154,0.73917,1.1768,-0.60136,-0.49222,-1.417,0.61764,0.2083,0.047105
6,9.4159,0.71821,2.3218,-0.36582,-0.14062,0.067842,-0.93317,0.28211,0.16941,1.8274,1.3683,9.6461,-0.15139,-0.10167,-0.10878,-0.80276,-0.05286,-0.76916,1.479,-1.0592,9.649,-0.02089,0.05998,-0.089594,-0.5885,0.55028,-0.73347,-9.0211,7.1063,-2.5147,-0.76617,-0.15485,1.3349,0.61984,-0.23297,0.31008,-5.5978,-6.2416,-2.4361,-1.0823,-0.43013,1.5832,0.61425,0.54364,-0.13166
0,9.5104,-3.2914,1.24,0.52425,0.28818,0.41567,-0.73489,0.31653,-0.60328,12.64,5.9905,1.6453,0.70399,0.20277,3.8913,0.012196,-0.09868,-0.96398,13.025,-4.5447,2.6657,0.99493,-0.22736,-0.44294,-1.1491,0.42662,0.22186,-9.5013,-6.0767,-2.0763,0.091443,-0.018587,-1.0578,0.72565,-0.64443,0.30073,-13.212,-3.2599,3.1068,-0.57662,-1.0849,-1.4997,1.2472,0.41969,-0.18144
6,9.7271,0.93251,-1.201,0.081277,-0.071942,-0.3655,-0.98695,0.41352,0.37705,-1.6285,6.6924,6.8971,0.057347,0.012533,-0.15401,-0.45153,-0.38196,-0.85435,-0.31274,-0.89411,9.8383,0.15777,-0.11037,-0.14856,-0.48407,0.46496,-0.80165,-6.3241,10.141,-3.8385,0.071654,-0.22871,0.021271,0.55145,-0.31534,0.26745,0.93891,-3.6504,0.31966,0.30958,0.35307,-0.33764,0.27552,0.84916,-0.23529
8,18.238,0.66324,4.1652,0.40783,0.10913,-0.08519,-0.78416,-0.36721,0.13684,15.69,7.0166,4.8249,1.5118,-0.77471,-0.50914,-0.69902,-0.071142,0.34822,18.355,-1.1815,2.5592,-0.093866,-0.80839,-0.093713,-0.58766,-0.41556,0.034275,-20.487,-10.781,2.8642,0.1801,0.065442,0.48022,0.52325,0.11569,-0.46422,-12.381,4.1183,1.796,-1.8036,-0.36623,-0.55982,0.43447,-0.31399,0.53362
1,6.9317,-0.22286,-0.90319,0.39999,-0.14641,-0.092892,-1.2186,0.10839,-0.31635,7.0511,2.0026,2.0386,1.2207,0.26724,0.91241,-0.6404,-0.061113,-0.41843,6.4887,-2.252,1.5154,1.2698,-0.20361,0.31729,-0.076523,1.1182,-0.20528,-9.4969,0.37905,-1.6302,-0.012981,-0.2451,-1.7294,0.51096,-0.5408,0.33858,-7.7161,1.3566,-1.3702,0.81381,0.40508,-1.795,0.24542,0.74719,0.17995
9,1.4444,-1.0293,-2.0515,1.4418,2.1782,0.066816,-0.79694,-0.24133,0.4884,4.513,-1.7644,1.2279,0.069301,1.4031,-0.77938,-0.68042,-0.27355,0.56461,6.778,-2.4253,-5.9765,0.1412,-2.6636,2.4908,-0.23435,0.67711,-0.65242,4.7014,-5.206,4.1114,1.3482,-0.86155,0.37598,0.89762,0.33624,-0.20741,-5.486,-8.4393,-0.8037,-1.4726,0.27784,-0.74969,0.71839,-0.48438,0.37404
8,6.0861,-3.3297,2.2253,0.14934,-0.37078,0.14573,-0.95681,0.15634,-0.68348,0.12026,8.1625,0.63626,0.46892,-0.14048,-0.28942,-0.66096,-1.0197,0.1075,24.165,-0.6915,-0.43637,-0.16496,-0.13924,-0.072874,-0.75946,0.82431,0.031513,0.54819,9.5991,4.2759,-1.2604,-0.872,0.74165,0.95877,-0.75822,0.10054,-0.079962,-0.22857,-0.38129,0.52567,-0.40743,0.67212,0.88762,0.74241,0.25184
2,12.328,1.3662,1.331,2.0098,-0.2237,-0.31665,-0.89657,0.080028,-0.44741,-3.3644,12.173,1.3079,0.31142,1.502,0.92036,0.079996,-0.74863,-0.23661,8.0212,-11.319,1.0426,-1.348,-2.1178,2.6318,0.57186,0.97352,-0.1981,-21.786,2.1195,-2.57,-0.12193,-0.84154,-4.3563,0.72049,-0.20877,0.47778,-7.5362,9.1691,-2.6304,0.22748,0.30815,-1.5967,0.97057,0.64146,-0.32944
0,10.419,2.135,4.9499,0.078349,-0.48342,0.18453,-0.76878,-0.23141,-0.75211,4.2945,6.5132,6.4933,0.17305,0.90178,0.022524,-0.4008,-0.78293,-0.73717,-8.3954,-5.4038,3.0541,-0.76725,0.23247,-0.23019,0.76419,0.25468,-0.78188,-12.415,12.449,-4.3669,-0.49524,-0.092409,0.31176,-0.037528,-0.804,-0.14727,-10.32,-4.4913,-0.32144,-0.77659,0.066106,0.90732,0.65854,0.32397,0.11399
2,0.2965,-1.2049,-2.6151,0.98906,0.46323,0.13868,-0.89893,0.14481,-0.48991,8.968,3.202,-0.56171,-0.67775,0.41244,1.5928,0.12413,-0.69985,-0.48518,-4.2421,-1.3504,-0.13782,0.22029,-1.3797,1.443,-0.031707,1.2504,-0.20512,5.7303,-12.782,16.744,1.2946,-1.1158,1.1563,0.57671,-0.45959,0.44623,-3.6127,0.3477,5.8618,1.1992,-0.75155,-2.4341,1.0004,0.2083,-0.11641
3,-6.446,13.294,3.4217,-0.66605,0.31313,0.26494,0.55424,-0.38698,-0.73554,4.8459,9.0021,-5.4555,0.73006,0.26105,-0.60023,0.89864,-0.44881,0.43723,4.4052,-10.476,4.1963,-0.088271,0.047217,-0.029604,-0.18041,0.59428,-0.49968,-18.475,0.91814,1.2038,-0.17391,-0.32276,-0.38765,0.87793,0.12729,-0.40816,-13.099,-6.8741,-2.6242,-1.866,0.28466,0.36243,0.50998,0.9822,0.30423
3,6.1952,-1.4784,0.8984,0.2861,-0.35618,-0.2093,-0.66967,0.14257,-0.63444,7.2195,3.7785,4.4113,-0.10153,0.086756,0.68829,0.14094,-0.37292,-0.18707,4.6716,-5.2677,5.6944,-0.19446,-0.53576,-0.24758,0.045858,0.45861,-0.69495,-6.5,5.2543,-0.10663,0.020582,-0.03158,-1.2942,0.62625,-0.66122,0.14404,-9.2449,0.88361,-2.0248,0.23908,0.19476,-1.6713,0.84831,0.38644,0.14489
1,13.868,0.80548,1.4646,0.090191,-0.006971,0.35491,-0.80979,0.097834,-0.3482,1.8856,9.9433,2.9614,-0.046156,0.20721,0.32993,-0.29916,-0.3068,-0.55633,2.3074,-7.5674,7.4015,-0.37844,0.03319,0.36168,0.065782,0.925,-0.77631,-16.43,-0.12667,5.9159,-0.28091,0.42693,-0.66546,0.40329,-0.7812,0.15221,-13.102,-5.8678,-2.2982,-0.93973,-0.25044,-0.007162,1.1356,0.32598,0.007916
5,6.4085,-0.34711,5.9256,0.24846,0.046726,-0.14324,-0.79243,-0.068964,-0.010626,5.8411,6.8165,0.38495,0.13937,-0.24048,-0.28935,-0.80916,-0.25209,-0.22498,7.3611,-4.1891,5.2639,-0.061361,0.15018,-0.024424,-0.98567,-0.039033,-0.66043,0.000932,5.3025,0.73552,0.85135,0.44325,-3.0836,0.18852,-0.5432,-0.27039,-3.3506,-13.402,-2.1801,0.92125,0.63765,-1.9078,0.30127,0.33442,0.21669
9,9.6881,-0.50619,0.65086,-0.8355,0.45594,0.008949,-0.98047,-0.3517,0.047192,-1.8196,4.0322,2.7256,1.1173,-0.25042,-0.69468,0.19656,-0.74423,0.60225,-3.0575,-8.5357,-2.0186,1.6462,-0.9532,1.3691,0.003561,0.92246,-0.45989,-10.649,1.8815,1.1349,1.0763,-0.12362,0.49442,0.98394,0.020002,-0.47902,-8.6032,-3.5032,-1.7861,0.42202,0.42062,0.18136,0.94666,-0.061573,0.42014
7,9.9854,-0.527,0.14226,0.000889,0.091324,-0.008804,-0.76922,-0.044752,-0.58097,2.4794,4.2246,8.2079,0.20759,0.069659,0.13303,0.32894,-0.17919,-0.86488,2.2986,-1.7732,8.9272,-0.6217,-0.003355,-0.16273,0.25843,-0.14553,-0.88988,1.0834,9.4988,-1.3997,-0.013502,0.15923,-0.043043,-0.65405,-0.70523,-0.057949,1.1377,-8.4824,-4.3864,0.19481,-0.005782,0.017925,-0.67468,0.59309,0.36328
5,8.0873,0.96566,5.1847,-0.65476,0.29183,0.12478,-0.63736,-0.19931,0.058913,4.0983,7.1162,5.86,-0.1342,-0.16782,0.13839,-0.82253,-0.47113,-0.27684,5.7276,-5.6433,4.7276,-0.33164,0.45232,0.28616,-0.79226,0.24834,-0.62203,-0.96523,7.099,1.3204,-0.91379,-0.54942,2.0174,0.32437,-0.46575,-0.35227,-8.6936,-14.291,1.0131,-0.26443,-0.69641,2.3219,0.35158,0.3483,0.16477
9,12.672,-4.6089,2.1377,-0.39215,-0.054839,-0.41783,-0.76228,0.49458,0.22215,17.332,2.7753,4.4276,-2.7914,-0.3443,-3.6937,-0.84728,0.31707,-0.13949,23.223,-2.278,3.7306,4.2585,-6.8579,-1.8786,-0.87164,0.28312,-0.014931,-13.956,-5.7018,-2.521,0.9309,-0.51849,-0.99456,0.78238,0.18815,0.47126,-19.193,5.6628,-2.5424,1.1337,1.5103,-2.4934,0.80391,-0.15611,-0.43859
6,9.9549,-2.3734,1.6654,0.021029,0.0977,0.13648,-0.88119,0.36615,0.27307,3.0073,1.2975,9.1483,0.030522,-0.07665,0.10212,-0.88698,0.023332,-0.6919,0.40237,-1.585,9.7573,-0.029862,0.014885,0.144,-0.48446,0.60084,-0.7526,-2.3901,5.6024,0.68989,0.70936,0.225,-0.78895,0.54305,-0.55279,0.22645,-8.1635,-6.9127,-4.2324,0.61406,0.26408,-0.50355,0.72797,0.32862,-0.12904
6,8.7886,0.47333,3.089,-0.67362,0.18171,0.55966,-0.81939,0.15862,0.22693,-0.52729,5.5766,8.82,-0.14351,-0.27932,0.20262,-0.32236,-0.21895,-0.67282,0.98335,-1.3068,9.1242,-0.26911,0.67813,0.12672,-0.52103,0.44271,-0.56875,-9.152,7.7027,-3.7667,-0.42688,0.49592,2.0196,0.58076,-0.12068,0.30882,-10.817,-7.2417,0.39852,-0.61372,-0.49372,2.6278,0.64701,0.21929,-0.28337
2,28.388,-6.2328,2.8838,0.49447,-0.473,0.84857,-0.96915,0.16675,-0.76452,2.816,17.238,2.9799,0.065628,1.6682,1.6169,0.32933,-1.0204,-0.52382,-2.7021,-17.563,5.9531,2.035,-1.1658,3.101,0.68137,1.0473,-0.67368,-3.7249,-23.161,4.2901,1.1967,0.18552,-0.44921,0.30409,-0.76429,0.141,-30.996,0.33836,-7.0148,1.7611,0.86072,-3.7823,0.66072,0.43023,0.33552
4,8.1823,1.8325,3.9076,0.040385,0.38685,0.27568,-0.71531,-0.40345,-0.49034,-5.7537,11.667,4.0206,0.64394,0.067313,0.53641,-0.14312,-0.62426,-0.28914,3.9639,-4.7527,8.201,0.078761,-0.36611,-1.1065,0.18326,0.65261,-0.86256,-10.386,3.2393,0.16864,0.74243,-0.24124,0.47977,0.68466,-0.06991,-0.14382,-8.1839,-0.14059,-0.59168,-0.69884,0.061398,1.0361,0.36909,0.4611,-0.030397
5,9.6247,-2.335,3.4348,0.061644,-0.043835,0.068291,-0.63167,-0.039582,0.076982,7.8884,3.7306,4.9069,-0.074265,0.024028,-0.005749,-0.88143,-0.000849,-0.19508,6.5267,-4.3726,5.5253,-0.92556,-0.044758,-0.16029,-0.7269,0.29322,-0.63582,1.5995,6.7781,0.68383,0.73004,0.48853,-1.3023,0.35983,-0.53802,-0.25584,-0.44716,-11.42,-2.7765,1.6529,0.15974,-0.96095,0.34191,0.41178,0.24502
2,3.3988,1.0529,14.601,2.6869,4.4355,-0.11508,-0.89587,0.049271,-0.5711,-0.15548,13.645,-0.49128,-0.017679,0.30936,0.84131,-0.65116,-0.69495,-0.23032,6.7786,-7.8774,6.3655,-0.84048,-1.3224,-2.0638,-0.66679,0.47757,-0.95042,-18.694,7.0358,2.4365,-2.3778,1.1524,-4.9934,0.76568,-0.50045,0.10253,-13.188,11.789,2.7008,-0.60303,1.2987,-2.7868,0.74765,0.65364,0.16563
7,9.2675,-1.5999,-1.065,-0.79222,-0.93817,0.006704,-0.90712,0.30164,-0.59626,2.0574,7.5009,4.9269,0.97061,0.17885,1.1086,0.45807,-0.43182,-0.70654,1.8833,-2.6159,8.8319,-0.51164,-1.0634,-0.66127,0.35014,-0.077602,-0.8807,0.91921,9.1003,3.0638,-0.53088,-0.045158,0.77966,-0.62618,-0.67901,-0.2692,2.9972,-9.6004,-3.0919,-0.15333,-0.16352,-0.49966,-0.67398,0.68578,0.14
7,8.2652,-1.4212,5.1176,-0.026493,-0.85359,0.24008,-0.49719,0.1115,-0.90772,4.1323,0.41252,11.303,-0.69791,0.94492,-1.3313,0.24835,0.24064,-0.90917,3.1082,-2.4113,14.289,0.20257,1.1461,0.92441,0.33271,-0.11641,-0.91813,-2.5816,8.4888,-0.50384,0.018093,-0.01075,0.015995,-0.26191,-0.92806,-0.15057,-1.743,-10.449,-1.5909,0.001044,-0.011543,0.044408,-0.35733,0.89729,0.17992
8,4.1771,-0.4422,-0.44586,3.0723,-0.18643,-0.3665,-0.88894,0.15249,0.41818,12.488,4.8633,1.3174,1.4896,-0.74679,5.2383,-0.82837,-0.03277,-0.088169,0.801,-2.2821,0.94415,0.74924,-0.64883,1.2342,-0.92984,-0.099733,0.30981,-8.0473,1.5508,-0.28945,-0.34441,0.90748,-0.73817,0.86147,0.4021,0.28444,-7.0949,1.676,-3.6667,-0.2112,-0.15378,0.20775,0.85223,-0.28871,-0.3281
0,12.116,1.3088,3.75,-0.10469,0.14093,0.055225,-0.66934,0.12821,-0.58849,10.328,2.2442,-1.1316,0.58033,0.26468,0.71803,0.2737,0.26092,-0.73105,10.845,-4.8956,6.0322,0.74045,-0.18413,0.41807,-1.2927,0.57707,0.28729,-6.0375,1.616,-2.6512,1.1854,1.1204,0.25722,0.4488,-0.65837,0.29018,-11.259,-3.0723,-1.7499,-0.81191,-0.32221,0.15606,1.1478,0.35527,-0.089432
1,7.1464,-0.56503,1.1838,0.82242,0.057042,-0.13829,-0.76366,0.059532,-0.48003,6.3937,4.9422,0.01909,1.4944,-0.031167,-0.20415,-0.28009,-0.54481,-0.87933,8.0098,-2.256,2.2591,0.85367,0.76404,1.764,-0.97594,1.1898,-0.65754,-9.4046,2.2317,-2.4653,1.0341,0.2826,-1.4066,0.6919,-0.45324,0.28431,-8.027,2.8626,-0.10142,1.3262,0.15562,-1.7291,0.74681,0.93212,-0.13148
1,6.4944,-0.20392,3.8262,-0.14594,-0.37147,0.071026,-0.84854,-0.035543,-0.71975,6.039,2.2744,1.8791,-0.77042,0.44773,-0.70967,-0.7727,-0.68984,-0.39378,7.4658,-3.4715,2.1686,0.034919,-0.085073,-0.13152,-1.6054,0.086304,0.99593,-6.6034,-1.0553,0.27363,-1.4446,-0.16962,2.0178,0.05883,-0.59245,0.15272,-9.1848,-0.22358,-2.0247,-1.6996,-0.17989,1.7787,0.61795,0.29632,0.12235
4,-6.2669,7.0556,6.8033,-1.3376,-1.2197,1.362,0.50631,-0.22085,-0.62101,2.4819,9.0155,-2.7028,0.12632,-0.64007,-0.67326,-0.27999,-0.99922,0.26199,0.15453,-10.413,2.8923,0.71837,-0.64406,1.2687,0.12811,0.7221,-0.60658,-14.239,2.8386,-1.1946,-0.16851,-0.57034,-1.8303,0.61503,-0.24034,-0.10784,-15.331,0.84317,-0.25839,-0.21237,0.73568,-2.577,0.51385,0.3731,0.10937
4,5.8745,-0.84105,1.1095,0.5722,0.16044,0.30721,-0.70314,0.14824,-0.54918,1.2116,6.7696,4.2023,0.36966,1.1562,-1.2081,-0.1048,-0.92062,-0.69405,-6.6086,-6.1659,4.342,0.26498,-0.46313,2.3277,0.38733,0.45609,-0.56067,-8.8598,1.2725,-1.9885,-0.12219,-0.39392,-1.5131,0.53466,-0.32709,0.12254,-8.2351,-0.37915,-0.089749,-0.88836,-0.75333,-2.2233,0.55983,0.3045,0.032667
9,11.398,-4.6645,-11.736,4.0925,3.3547,0.039762,-0.89323,0.37761,-0.30138,10.575,7.1464,-6.0221,0.45166,0.13722,-0.37193,-0.20209,-0.77636,0.42156,-1.5463,1.0795,-3.7828,-13.017,0.87253,3.3268,-0.67996,0.57734,-0.053535,-16.776,-1.2643,-4.6211,0.97103,-0.6161,0.96769,0.65482,-0.40264,0.45217,-11.895,6.5911,-3.1311,-0.98004,-0.31391,0.36841,0.54153,0.71215,-0.062566
7,9.4447,-0.10419,2.2175,0.13928,-1.0238,0.093138,-0.68933,-0.058966,-0.66316,-3.792,3.8367,7.3144,-0.042515,-1.3832,0.73399,0.78526,-0.16314,-0.50492,-2.1625,-0.21233,9.8287,-0.10774,-1.3687,-0.48567,0.59794,-0.25045,-0.68056,2.1054,9.5358,-0.72951,0.059484,0.049754,-0.035118,-0.65318,-0.67452,-0.18971,2.691,-9.4893,0.92612,-0.006728,-0.10372,0.059263,-0.75053,0.60263,-0.026571
4,9.2298,-1.8109,1.7096,-0.53727,0.18324,0.088934,-0.72795,0.21295,-0.50922,1.1779,7.2502,6.5396,-0.24252,-0.22639,1.3319,-0.088295,-0.89046,-0.87665,-9.6388,-5.2179,6.798,0.005741,-0.11805,-0.66311,0.3491,0.34508,-0.57934,-7.6521,2.0903,-2.2661,0.91688,-0.59101,-1.6444,0.38407,-0.4128,0.087261,-9.2182,-2.075,-0.29478,-0.40398,-0.20308,-0.38426,0.64716,0.15819,0.083705
9,8.7977,-2.5113,0.97854,0.25752,-0.60547,-0.24769,-0.83988,-0.15943,0.26626,-1.9663,-7.6541,-2.3268,2.0277,-1.6424,1.4063,0.076576,-0.6115,-0.61181,7.785,-4.1853,3.0424,-1.7489,0.22262,1.1486,-0.73316,0.065635,-0.5093,-8.2325,2.2611,-2.5442,0.18518,-1.3498,-1.4542,0.78221,0.48002,-0.28479,-9.2199,2.1473,-2.0864,1.9423,0.26194,-2.0093,0.84632,-0.3072,0.15196
0,9.2888,-3.3091,0.21321,0.34932,0.040028,-0.098245,-0.78185,0.3513,-0.53802,13.69,3.5428,2.2212,1.3396,-0.043565,3.2787,-0.32229,-0.05361,-0.86891,11.991,-3.7378,0.93602,1.8193,0.2842,1.1363,-1.81,0.85155,0.2537,-10.311,-2.8308,-2.2507,0.43744,0.36397,-1.3428,0.74308,-0.56501,0.24584,-13.507,2.9556,1.3859,-0.96822,-0.17217,-2.4061,1.1058,0.64356,-0.19732
6,9.6729,0.4503,-1.6867,-0.040471,-0.13885,-0.40263,-0.93274,0.37737,0.46473,-3.4281,6.9624,5.876,0.05681,0.10622,-0.37974,-0.24945,-0.46898,-0.78861,-1.5448,-2.1367,9.2985,0.052057,0.019331,-0.24069,-0.39104,0.55051,-0.70556,-7.3368,9.6163,-2.7896,0.14911,-0.1567,-0.50739,0.54254,-0.32879,0.28343,-1.5887,-3.0409,0.32519,0.77847,0.36039,-1.0501,0.32053,0.82496,-0.22029
2,2.5032,-0.92356,-0.63937,1.5399,0.8641,0.28822,-0.69429,0.4132,-0.66741,7.3425,2.6803,-2.5416,-0.1114,0.48154,-0.026647,-0.80416,-0.5,-0.23037,6.7852,-1.8187,4.8159,-0.009973,0.10608,0.48868,-0.52701,0.28945,-1.0146,-4.9717,12.38,0.70202,0.15174,1.4567,-1.4491,0.50295,-0.70036,0.10855,1.785,-21.18,4.0092,-3.164,0.45517,-2.6912,1.1346,0.0926,-0.2282
9,7.5458,-6.1492,0.68972,-1.4276,1.9659,0.33397,-0.96815,-0.1114,-0.1067,9.1111,6.5529,-7.9373,-0.22817,-1.2342,2.3943,0.0517,-0.54155,0.7135,14.598,-21.05,-15.895,-0.6764,-4.3385,0.48385,-0.4846,0.78733,-0.30394,-9.8756,1.2379,-0.4803,0.31549,0.032926,0.18513,0.76155,-0.23429,-0.49634,-8.5246,-0.37666,-0.8581,1.8436,0.32937,0.084069,0.6572,0.35762,0.56778
5,8.0782,-0.4929,5.3451,-0.096649,-0.26202,0.14471,-0.65497,-0.074722,0.030998,-0.081936,5.3829,7.6518,-0.27446,-0.10747,-0.021352,-0.19039,-0.40713,-0.29544,0.11618,-2.1984,9.7681,-0.13731,0.10321,-0.057452,-0.50864,-0.098122,-0.60381,-0.86646,9.0302,-1.8523,-1.1488,0.46113,2.5413,0.20419,-0.63025,-0.075507,-4.1423,-13.529,-1.5899,-1.4305,-0.028773,2.4457,0.38501,0.4348,0.13353
8,18.971,0.019307,-0.72095,0.038336,-2.0837,0.14309,-0.93875,0.07266,0.39121,26.492,2.9301,3.801,0.56473,1.9249,-4.135,-0.62351,0.55674,0.21206,5.917,-8.0491,3.2493,1.2265,-1.2757,2.2913,-0.87859,0.48073,-0.085852,-9.0106,-0.31288,-7.6477,1.3651,-0.73404,0.08345,0.8611,0.3863,0.25664,-6.4228,9.9203,-1.9032,1.0852,0.6449,-0.084375,0.91761,-0.34825,-0.26413
5,9.972,-0.8877,4.7415,0.71652,0.50051,-0.63266,-0.80678,-0.073146,0.024227,-0.10832,8.8701,7.1065,2.2931,0.24384,-0.065483,-0.11641,-0.48361,-0.11778,0.32203,-2.2091,10.556,0.6179,-0.26714,-0.029077,-0.54564,-0.16364,-0.55527,-9.3446,13.629,-0.21398,0.59383,-0.32359,-2.7402,0.28845,-0.43704,-0.20648,-4.2488,-14.518,-2.8379,0.15116,0.93434,-2.5051,0.237,0.45662,0.20568
0,9.1649,-1.7957,2.0093,-0.17156,-0.13995,-0.10513,-0.81665,-0.12756,-0.7515,4.953,4.9031,5.6164,-0.2512,-0.27869,0.42868,-0.52789,-0.80363,-0.69697,5.4459,-6.0039,5.641,0.49052,-1.2156,0.078486,-0.37302,0.86586,-1.223,-10.705,0.3452,-4.4986,0.58836,0.21978,-1.619,0.11634,-0.78405,-0.20574,-17.148,1.3453,-2.4294,-0.46485,0.48197,-2.1727,0.60192,0.33809,0.19248
1,4.8335,0.66722,1.2674,-0.46554,-0.089768,0.16475,-0.87542,-0.025853,-0.52073,5.4435,1.8751,2.2674,-0.38887,0.28806,-1.3574,0.34131,0.13593,-0.86347,4.4354,-2.3784,2.7028,-1.6609,0.47033,0.15928,-1.038,1.0008,-0.17933,-7.1657,-3.9326,-2.0063,-2.1837,0.22362,2.339,0.50808,-0.51949,0.46745,-9.0123,-0.63122,-0.57305,-0.65433,-0.25281,2.0104,0.95906,0.4897,-0.063293
0,10.91,1.4886,3.8829,0.021945,-0.012453,0.14174,-0.67254,0.12287,-0.58079,10.253,2.6133,-1.2135,0.82791,0.25765,0.66056,0.41857,0.19355,-0.8183,8.7286,-5.4256,6.6861,0.9106,-0.32122,0.38905,-1.175,0.37727,0.18295,-9.4734,4.2196,-4.1941,0.59161,1.2147,0.58644,0.49882,-0.63816,0.28269,-9.7182,-4.5948,-1.6488,-0.33221,-0.35675,0.33486,1.1433,0.36167,-0.078088
8,21.685,0.43594,7.2229,-0.004714,0.9909,0.13392,-0.60148,0.46747,-0.26656,0.12745,19.587,15.557,-2.1389,-0.058455,-0.38309,-0.3891,-0.28491,-0.61393,4.1464,-27.399,-4.6716,-0.34147,-0.38149,0.67789,0.018866,0.54056,0.5335,-23.624,-2.2495,-0.096188,0.043578,-0.31228,-0.82376,0.42734,-0.067892,0.54513,-25.515,-1.9372,5.4675,-0.83695,-0.68714,0.85837,0.42405,0.11885,-0.48488
1,7.5297,0.64329,0.01589,0.13068,-0.21515,0.1079,-1.093,0.083077,-0.38002,1.7482,8.0749,4.463,-0.38973,0.059515,-0.69351,-0.2564,-0.62104,-0.7638,1.7639,-6.1475,7.3515,0.026259,0.55291,0.55759,0.078025,1.0016,-0.78909,-7.0842,-0.089856,-1.2451,-0.88442,0.28558,1.7043,0.10464,-0.77449,0.31453,-9.7278,-2.0748,-1.4345,-0.095514,-0.38757,1.4934,0.81878,0.53274,0.025092
9,11.138,-1.787,-0.58482,-0.15689,-0.35131,0.55054,-1.0176,-0.16124,0.28439,-2.2336,9.2706,-0.59187,-0.18936,-0.53669,0.6418,0.031026,-0.88114,0.43173,0.51152,4.6162,-2.7238,0.082,-3.0911,-1.6801,-0.19211,0.23042,-0.94461,-10.239,-1.7154,-0.82583,-1.0173,-0.12725,-0.61841,1.0535,0.12215,-0.33529,-10.419,-1.0511,-2.1313,0.31308,0.47269,-0.43508,0.93539,-0.033221,0.53714
6,9.6004,-0.68014,-0.64223,-0.061263,0.018253,0.38799,-0.74677,0.32473,0.33171,1.9123,3.4659,8.8166,-0.2635,-0.33479,-0.053969,-0.4998,-0.061474,-0.62122,1.4833,-1.7865,9.2359,-0.20185,0.34499,0.048401,-0.43387,0.54766,-0.54466,-4.0164,3.9143,-2.065,-1.0221,0.035117,1.9232,0.50591,-0.46031,0.35661,-8.3926,-9.594,-9.3764,-1.5163,-0.2325,0.86764,0.62837,0.36861,-0.037823
4,10.483,-0.90072,2.8851,-0.19445,0.44164,0.21593,-0.72069,0.18647,-0.50199,2.2272,6.7226,9.7661,-0.86916,-0.58718,1.6644,-0.21526,-0.84597,-0.71896,-7.9229,-7.8628,6.1899,-0.012484,-0.58739,-0.76453,0.28659,0.46903,-0.52615,-5.5852,2.1112,-3.0472,1.8586,-0.51999,-1.2141,0.39384,-0.40954,0.07072,-9.819,-0.7606,-0.92424,0.33412,0.054605,-0.21753,0.63929,0.19476,0.06554
5,8.7466,-1.7082,4.0739,-0.14216,-0.040644,0.067053,-0.62503,-0.058864,0.077784,6.9485,5.6979,3.763,-0.11612,-0.13808,0.030265,-0.89373,0.015743,-0.14534,5.113,-6.6466,4.8515,0.84122,0.33353,0.08302,-0.84495,0.20004,-0.58419,0.26654,5.946,0.97338,0.80822,0.62258,-1.6128,0.38697,-0.52295,-0.2344,-0.42855,-9.7871,-1.8005,0.8263,-0.035872,-1.3022,0.32585,0.43546,0.23123
8,-0.70446,-0.38517,5.4572,0.86115,0.60588,0.038008,-0.97135,0.1479,0.39299,2.7636,-0.99418,0.57165,-1.3215,1.0127,-2.5234,-0.69815,0.21347,0.28342,-0.13977,-9.9123,-2.0047,0.83255,-0.13174,-0.092654,-0.89787,0.36561,0.26771,-20.655,5.6115,-0.60624,1.6723,-0.24231,0.14164,0.84889,0.34458,0.37617,-9.0884,-4.8043,6.6182,0.55075,0.74357,-0.63826,0.87576,-0.29052,-0.21219
6,9.6495,-0.11741,-2.3247,-0.52712,-0.046717,0.52466,-0.91475,0.44287,0.45867,-3.7155,7.0911,6.3414,-0.060051,-0.26458,0.06738,-0.27629,-0.46858,-0.78672,-1.6946,-2.8302,9.2203,-0.39418,-0.004096,-0.055004,-0.36577,0.59196,-0.67922,-6.3791,9.5005,-2.7555,-0.42049,0.31524,2.0282,0.4556,-0.48145,0.34063,-6.0493,-8.2473,-2.3491,-0.26971,-0.59545,2.2062,0.46381,0.71449,-0.21484
1,9.0902,-0.72593,2.8295,0.16627,-0.27086,0.17658,-0.84185,-0.14881,-0.68156,-1.8122,7.0865,5.5236,0.11638,0.29953,-0.51591,0.41714,-0.89251,-0.68453,-1.5354,-7.9357,5.992,0.46262,1.2443,0.31555,0.44936,0.68896,-1.2159,-11.204,1.1269,-0.66417,0.87344,0.006881,-1.9026,0.56455,-0.45582,0.1068,-7.0481,-0.64092,1.2348,0.053633,0.9812,-1.0086,0.16731,0.69906,0.19459
4,-8.8782,4.9416,6.8928,-0.037258,0.18423,-0.26618,0.5689,-0.20396,-0.55847,0.66337,8.6067,-5.1669,-0.40518,0.97836,1.2306,-0.28295,-1.3415,0.22706,-1.8032,-9.2525,2.6337,-0.41295,0.33831,-1.5272,0.15768,0.72084,-0.5171,-8.0959,0.89393,-0.8464,-0.74659,0.18038,0.33792,0.53091,-0.22159,-0.26503,-12.775,-4.1762,-1.9323,0.30871,-0.47548,1.1823,0.62488,0.27825,0.18227
4,8.4662,-1.5532,3.5422,1.1995,-0.70371,0.33308,-0.6808,0.073958,-0.56079,-1.4922,7.6082,4.328,0.14524,1.1091,-1.5136,-0.001598,-0.89047,-0.63421,-6.2038,-6.9959,5.5948,0.37184,-0.10062,1.2043,0.4975,0.38558,-0.62918,-9.9499,1.6054,-3.8786,0.2592,-0.27758,-1.0331,0.58669,-0.27999,0.10079,-13.448,-2.8703,-2.7618,-1.2064,-0.18038,-2.9778,0.46459,0.38247,0.013389
9,9.0179,0.29649,0.28741,0.060089,0.23138,0.1789,-0.73044,-0.10244,0.48057,6.0428,0.44099,1.8762,-0.59846,0.14822,-0.35992,-0.71852,-0.40285,-0.25694,-1.0671,-7.2734,6.8449,0.089391,0.77636,1.9773,-0.7845,0.16667,-0.30272,-21.744,38.945,-0.80515,-8.6603,2.9044,1.3305,0.93093,0.068401,0.29304,-11.683,-10.03,0.79676,-0.12737,-0.48304,1.0398,0.59001,-0.68904,0.17926
5,9.5627,0.43406,2.7161,0.039284,0.074873,0.031045,-0.58566,-0.18911,0.15206,2.3973,1.0658,9.5511,-0.000272,0.005985,0.032067,-0.25345,-0.18559,-0.24659,1.1896,-1.115,9.6949,-0.030994,0.002833,0.02504,-0.60198,-0.12818,-0.53543,3.0539,3.343,0.80176,-0.098039,-0.20655,1.5201,0.20015,-0.59086,-0.29282,-2.9146,-14.685,-6.5714,-1.0357,-0.033754,0.83835,0.41422,0.29537,0.28718
2,1.6068,-1.096,0.050854,1.2922,1.5229,0.80686,-0.83378,0.13424,-0.61619,5.119,6.5596,-1.8399,-0.40271,-0.5469,0.42967,-0.69344,-0.53808,-0.32836,9.4354,-0.88177,-0.45734,0.13563,-0.50259,-1.201,-0.83326,0.52608,-0.81182,-3.0625,27.095,-2.3762,1.6905,-0.59893,-1.4577,0.8715,-0.14803,0.19936,5.5332,2.7942,-7.1535,-0.99254,-1.6517,2.7531,0.76453,0.64567,-0.18413
4,24.605,4.8558,11.038,-3.8021,-2.76,1.7274,-0.82811,-0.029217,-0.53244,-8.075,7.9796,-3.5643,-1.3599,0.32801,-2.2705,0.1932,-0.68944,-0.19757,-2.9089,-11.795,9.7563,1.0066,0.78122,1.013,0.37577,0.50316,-0.69856,-13.832,-3.8208,-0.6582,-0.9257,-0.439,2.2187,0.4497,-0.16897,-0.14413,-19.878,2.7672,-3.9383,-0.99116,-0.091554,2.6275,0.54115,0.35692,0.080619
8,0.63623,-0.35934,0.26478,0.21504,-0.46446,-0.063315,-0.73124,-0.31048,-0.31615,1.2652,0.97378,-0.34694,-0.22867,0.28923,-0.2858,-0.39142,-0.60148,0.35795,0.50844,-1.3394,0.72879,0.10604,0.16604,0.060772,-0.45148,0.004078,-0.63716,1.031,2.6436,0.29874,-0.3312,0.28857,-0.016498,0.46592,-0.27142,-0.51233,0.66864,-0.84262,0.43358,-0.39495,0.13657,-0.098229,0.46969,0.18026,0.59968
2,8.1509,0.26228,3.3112,2.1782,0.23851,-0.014968,-0.69071,-0.014859,-0.56147,-4.5219,9.3573,-4.2287,1.3169,3.3687,-0.46028,0.15418,-0.66152,0.024086,5.9451,-7.055,-0.18496,0.68268,-1.5228,1.2548,0.25648,0.89249,-0.47088,-12.465,1.6662,-0.28828,1.2013,-2.02,-2.313,0.76509,-0.26085,0.32881,-7.4902,9.1291,4.6999,3.1066,0.35454,-0.11337,0.8852,0.79163,-0.14414
1,9.3772,-0.12131,-0.52487,1.5977,0.64202,0.16377,-0.73404,0.23005,-0.68076,3.1632,8.2157,0.68264,-0.077348,-0.05222,0.089987,-0.37724,-0.5509,-0.40499,3.8649,-5.3978,6.298,0.19712,-0.68888,-0.46682,0.0279,0.82711,-0.77078,-12.425,-1.5347,-1.5534,1.4824,-0.19735,1.5448,0.86362,-0.34698,0.14832,-7.2181,-5.0955,-2.4266,-0.97179,0.16036,1.5634,0.89258,0.53948,-0.2022
0,8.1971,1.0887,2.3271,-0.49171,0.063835,0.23115,-0.64443,0.038879,-0.60523,10.041,2.8703,-1.4344,-1.1602,0.65629,-1.125,0.067678,0.029643,-1.1124,9.231,-1.9816,3.4151,-1.3171,-0.91075,-1.5704,-1.1182,0.86245,-0.40477,-11.068,-4.4685,-1.3846,-1.0214,-0.67259,2.411,0.52477,-0.55296,0.3433,-9.4636,-0.057148,-1.7465,-0.66771,0.20214,1.4299,1.0586,0.68235,-0.24497
6,8.796,-0.74186,4.9221,0.88111,-0.1197,-0.35449,-0.8758,0.47412,-0.14164,-0.18533,4.8123,8.7421,0.40492,0.063407,0.093859,-0.53724,-0.16058,-0.84957,1.3819,-2.6357,9.3904,0.34486,-0.27943,-0.28085,-0.46887,0.63804,-0.58391,-10.363,12.055,0.22135,-0.44943,0.056079,-1.5576,0.57955,-0.36826,0.26794,-3.8196,-5.2358,-0.61526,0.10871,0.053322,-2.3586,0.37956,0.68628,-0.45565
9,9.5914,-1.8123,0.87313,-0.67016,0.66462,0.10073,-1.0103,-0.26583,0.076126,-3.2757,11,2.4522,-2.103,-0.74778,-3.3246,0.47872,-0.83038,0.13318,-4.8608,-8.5962,7.7067,1.6827,2.0266,2.5986,0.17329,0.35833,-0.90834,-9.8814,0.73676,-1.5583,0.6199,0.09427,0.081051,1.0314,0.092793,-0.30279,-9.2587,-1.9861,-0.52434,0.77329,0.89507,0.74152,0.9851,0.11049,0.31163
2,2.8321,-0.16068,-0.041429,0.070631,-0.20099,-0.61805,-0.84901,0.14368,-0.4701,-7.5612,0.79777,-1.0798,0.30035,0.81111,0.29567,0.277,-0.67268,-0.21834,2.3479,2.0483,-0.31045,0.6454,-1.9165,-0.84468,0.20699,0.92488,-0.48096,-5.798,14.587,-4.0216,0.99743,-0.42857,-1.432,1.0214,-0.030013,0.34241,1.3202,13.249,-4.13,-1.5668,-0.47527,0.36258,0.7897,0.92924,-0.55365
3,5.5983,-0.68544,1.4543,0.47722,1.555,-0.27093,-0.88894,0.18895,-0.58272,4.7279,6.3607,0.45893,-0.43296,-0.5116,-1.4882,0.69424,-0.32767,0.24806,5.536,-4.0032,5.8418,-0.28194,0.93966,0.73777,-0.14143,0.41095,-0.62953,-4.9023,-0.91767,0.80377,-0.065362,-0.37598,1.7591,0.84509,-0.25355,-0.38792,-7.9284,-2.4922,0.36667,0.074598,0.19462,2.1269,0.8431,0.40623,0.44777
8,-0.19885,-0.28844,-0.1893,0.022847,-0.026331,0.012778,-0.43998,0.056008,-0.67852,-0.003579,1.8199,1.6231,-0.30494,0.32086,0.096954,-0.55265,-0.38388,-0.35308,0.26355,0.24524,0.99277,-0.34137,0.070432,0.19974,-0.49158,0.39341,-0.40114,-0.41422,1.5111,-0.10303,-0.15219,-0.21001,0.74267,0.66449,-0.30641,0.042384,-0.42469,-3.4792,-0.22747,-0.22879,0.22063,-0.79562,0.66011,0.22174,0.28844
1,11.539,-1.5938,1.2122,0.64113,-0.38472,-0.24945,-0.93926,0.096386,-0.41964,9.611,1.0998,5.0929,1.7549,-0.25264,-0.25209,0.13926,-0.38424,-1.0876,11.562,-2.1421,0.7766,0.95072,-0.42432,-0.52109,-0.51748,1.1583,-0.035889,-11.492,2.8385,-3.7066,0.78009,0.13836,-0.75373,0.77065,-0.051784,0.42209,-7.4483,-7.8453,1.5063,0.64639,0.75844,-0.72169,0.69435,0.93708,-0.24031
8,11.972,0.56622,-0.049991,-1.2852,1.2017,-0.12158,-0.95024,0.23339,0.36841,7.9676,1.314,0.971,-1.3916,0.74051,0.54882,-0.76347,0.33799,0.30484,6.7534,-2.8623,2.7301,-0.5162,1.5987,-1.2666,-0.78913,-0.23932,0.43018,-5.9701,0.71133,-0.50764,-1.1724,-0.83355,-0.87424,0.85246,0.47406,0.28052,-21.425,0.24061,-0.46988,-1.3355,0.60894,0.36827,0.85529,-0.3303,-0.37026
6,10.577,-1.0689,0.7152,0.51646,0.24149,-0.16953,-0.76796,0.31303,0.27778,0.91958,4.518,8.9952,0.23047,0.095513,0.33652,-0.41951,-0.12328,-0.66937,1.9084,-1.7289,9.9123,0.20038,-0.27508,0.030146,-0.46112,0.5206,-0.54274,-6.5564,7.5002,-4.6563,0.065021,-0.42759,-1.8357,0.55024,-0.28779,0.36939,-7.0965,-6.9438,-5.3143,0.6246,0.646,-1.5121,0.59182,0.49948,-0.065314
2,10.383,-5.3209,3.4942,3.5493,-0.76772,-0.59976,-0.68667,0.065897,-0.60002,7.452,7.6508,-7.5916,0.32736,2.8667,0.33153,0.036289,-0.72615,-0.021531,-5.4569,-7.8136,-0.16385,0.98709,-1.7026,1.7001,0.091564,1.0419,-0.29289,-27.924,12.936,-5.5628,-0.97195,4.1907,1.063,0.44132,-0.63984,0.31417,-10.322,2.221,-7.1686,0.097874,1.5065,-2.4793,1.1375,0.42446,-0.19097
8,13.842,-1.5373,5.6768,0.35416,-0.0823,-0.023771,-0.80469,-0.33293,0.15037,12.536,4.2956,3.0969,0.019856,0.40979,-0.41859,-0.68691,0.041378,0.3815,12.787,-3.6742,0.32757,-1.3963,0.46612,-0.63486,-0.5953,-0.40215,-0.018,-9.855,-0.48907,-1.9453,-0.31044,-0.12354,-0.25906,0.43244,0.23137,-0.50045,-8.7348,-3.1442,-2.5994,-0.35218,-0.13124,-0.20867,0.42845,-0.43479,0.43878
2,8.4699,1.5026,0.20784,-1.9655,-0.50937,0.15321,-0.75456,-0.17204,-0.45197,10.494,4.2398,-7.1037,-0.012831,-2.6733,-0.24985,0.12023,-0.70993,-0.006312,-3.9125,-9.6299,3.6493,-0.33545,1.9479,-1.6357,-0.029314,1.0247,-0.21527,-3.7423,-11.221,1.6411,-1.375,0.63262,-0.054694,0.45363,-0.67478,0.30234,-14.593,-5.5938,-4.6382,-1.1789,-1.5808,2.4493,1.1547,0.45071,-0.10821
9,8.9011,-2.3281,2.1623,-0.7919,0.37938,0.55555,-0.84059,0.11325,0.16772,6.7143,11.676,-15.378,-4.5632,-5.0134,-1.5289,-0.2139,-0.78813,0.22156,8.1259,-3.0773,6.1861,-1.4579,-0.008245,-0.91291,-0.88718,-0.062013,-0.16004,-10.505,1.442,-2.8802,0.27162,0.34475,-0.64436,0.83331,0.1742,0.19504,-11.814,-3.8768,2.7574,0.82341,-0.96522,-0.05349,0.75739,-0.45299,-0.15302
4,-10.026,6.5727,7.2421,0.82873,0.6137,-0.45362,0.515,-0.15343,-0.58656,0.23068,7.4233,-6.2014,0.072636,0.6517,0.10163,-0.18972,-1.0526,0.094336,-0.2303,-8.3249,4.1191,-0.19043,0.54258,-0.16764,0.18801,0.72151,-0.5641,-10.36,-0.19913,2.548,0.084025,0.039514,1.4038,0.51397,-0.27846,-0.24987,-13.583,-1.3526,-2.5373,-0.14827,-0.35551,1.049,0.58463,0.34447,0.18616
4,10.763,0.80447,0.066947,0.755,0.29572,-0.17526,-0.86253,-0.27443,-0.21234,-7.2601,10.47,5.4473,0.30532,-0.35478,1.6162,-0.30567,-0.52825,-0.68526,2.4535,-9.676,6.5619,0.90057,-1.2207,-1.8033,0.19198,0.6433,-0.93859,-11.978,4.8198,-2.0875,-0.36537,-0.42148,-0.70421,0.71343,0.000488,-0.006116,-6.922,-0.70952,0.90056,-0.18136,-0.61023,0.7338,0.37036,0.37489,0.23522
7,9.8975,-0.39156,-0.20817,-0.041112,0.035368,0.016894,-0.77294,-0.0469,-0.57603,2.1896,4.6632,8.2519,-0.15163,-0.041971,0.053596,0.32573,-0.17736,-0.86677,2.1628,-2.3512,9.3435,-0.27627,-0.037516,-0.083019,0.25642,-0.17708,-0.88508,1.038,9.5517,-1.5357,0.083222,0.10458,0.002472,-0.65336,-0.70349,-0.053754,1.3025,-8.2727,-4.779,0.18208,0.000753,0.034193,-0.67329,0.58467,0.37191
0,8.6972,-0.63215,1.8865,0.45276,0.040038,0.017311,-0.81856,0.16061,-0.59273,9.2205,0.55029,4.1591,0.21446,-0.8035,1.4441,-0.012722,-0.070585,-0.67691,10.332,-1.2883,1.581,0.50034,1.048,1.0231,-1.1893,1.1652,0.063182,-9.3719,-2.7109,-2.8371,0.87749,-0.020987,-1.5016,0.63279,-0.40335,0.42407,-11.095,4.3301,-0.69173,1.0877,0.19012,-2.2272,0.92571,0.63366,-0.36023
9,17.203,-0.3448,-7.8383,1.8126,1.2498,0.45809,-0.81325,-0.33093,-0.24984,4.2147,2.5355,21.522,-1.7417,-5.5669,-4.3495,-0.072191,-0.70844,0.55554,34.841,2.3583,57.64,16.513,-1.3083,3.2287,-0.041975,0.080168,-0.87931,-20.749,-17.981,11.447,1.457,-0.16125,0.03013,0.62858,-0.69641,-0.16875,-28.826,-0.3167,-5.2442,-0.23125,-1.1421,-2.1227,0.71393,0.46308,0.47072
9,7.683,1.3554,-0.19919,-0.74235,0.85806,0.59856,-0.7785,0.24285,-0.22976,5.3529,4.6197,-8.5647,-3.659,-1.1796,-4.6268,0.26886,-0.69657,-0.31612,3.7613,-5.0317,1.7924,-0.35591,1.6751,-0.74165,-0.017351,0.79447,-0.24012,-8.8009,-1.0606,-1.037,-0.080548,0.20413,0.65682,0.60619,-0.6331,0.34689,-9.3812,-0.85653,-2.3536,-0.30306,0.020712,0.5155,0.75828,0.38043,-0.045277
1,7.1745,-1.4326,1.4282,0.38319,-0.14666,0.011528,-1.1171,0.13345,-0.40086,1.6864,7.6436,5.2249,-0.13495,0.38167,-0.64184,-0.179,-0.60429,-0.81509,1.3024,-5.0479,5.66,-0.035386,0.56406,0.3897,0.13981,1.0133,-0.86902,-9.3409,1.45,-2.3457,0.34565,-0.1426,-1.4928,0.54238,-0.52289,0.38322,-7.6784,2.1159,-1.722,0.73662,0.36043,-1.4663,0.31416,0.73154,0.1037
4,5.3906,-0.48715,0.081111,0.94504,0.37877,-0.22725,-0.82796,-0.10489,-0.36561,6.263,3.5421,8.0139,0.18362,0.21253,0.30349,-0.3537,-0.6812,-1.1286,-6.8182,-9.5824,4.9695,0.14687,-0.39879,0.40648,-0.021605,0.51936,-0.62062,-7.0786,-2.3595,-2.1884,1.3525,-0.12155,-1.7791,0.55346,-0.23466,-0.033683,-8.0819,-3.2619,0.7995,0.40764,0.3728,-2.3935,0.60885,0.1203,0.20856
4,-7.3024,5.5301,6.8163,-0.76393,1.2438,0.73455,0.57273,-0.10125,-0.55113,-3.3815,8.6585,-5.3506,0.73599,1.1168,0.74006,-0.22146,-0.75383,0.28866,2.3909,-10.094,2.9669,0.62536,0.002026,-1.3154,0.13834,0.78568,-0.70202,-13.034,1.2832,-1.019,-0.24799,-0.11793,-1.2214,0.65344,-0.16668,-0.16258,-10.893,-6.5184,-0.53501,1.1229,0.39493,-1.0974,0.38841,0.47684,0.12763
0,8.3501,-1.78,2.6404,-0.34931,0.67209,-0.002018,-0.81458,-0.18962,-0.73674,5.9111,4.2735,6.4317,-0.24247,-0.50934,0.46803,-0.47621,-0.76771,-0.71249,5.5667,-5.7425,5.9066,-0.022899,-0.59843,-0.077051,-0.39336,0.82977,-1.0918,-11.111,-2.3652,-3.7622,0.68068,0.43588,-1.5477,0.095421,-0.78942,-0.23914,-12.3,4.4801,-4.067,-0.58753,-0.019018,-2.1052,0.64732,0.31639,0.1525
1,6.858,0.30881,1.8738,0.58294,-0.1224,-0.29467,-0.73076,0.034281,-0.49679,6.3117,4.9986,0.38337,0.48533,-0.3379,0.25691,-0.32223,-0.59093,-0.9755,7.8712,-2.1619,1.6442,0.59572,0.80391,1.7311,-0.75667,1.1004,-0.54359,-9.2637,1.3366,-1.6963,0.21754,0.35936,-1.2968,0.78165,-0.4197,0.28098,-4.8755,6.1647,-0.14386,0.53047,-0.19209,-1.0128,0.71779,1.0366,-0.20011
0,6.8796,-0.23503,1.8256,-0.79063,-0.077799,0.03624,-0.81261,0.05366,-0.6082,8.194,0.12137,2.64,-1.4736,0.76022,-1.2472,-0.056709,-0.02683,-0.78851,7.0448,-1.4706,1.8565,-2.0857,0.48586,0.16137,-1.3016,0.9688,-0.18461,-8.6063,-4.33,-2.3327,-2.2006,0.19858,1.8056,0.52181,-0.44259,0.47051,-8.278,1.1386,-1.5174,-0.53716,0.11951,1.4434,0.9251,0.4629,-0.18992
8,22.858,-1.6189,11.29,0.24587,0.58142,0.27509,-0.59489,0.50281,-0.2451,-6.825,23.489,-1.4255,-1.0666,-0.21546,-1.0024,-0.21097,-0.68463,-0.30996,-2.9562,-20.915,-9.4989,1.6178,-0.31605,0.96512,0.21531,0.43837,0.6008,-23.343,6.5549,-5.9094,0.096903,-0.52361,-1.306,0.42258,-0.039234,0.56293,-25.126,-7.2502,-4.5879,-0.69134,-0.55804,1.0812,0.45125,0.086412,-0.47657
7,2.8757,-2.4756,8.4977,0.019564,0.24686,0.30805,-0.093388,0.13237,-1.024,-2.6309,-1.584,7.6027,-1.2049,0.34021,-3.1526,0.33257,0.23465,-0.88282,-5.9045,13.609,-3.7588,1.5575,3.7315,1.6538,0.50157,-0.82288,-0.046791,-3.217,11.364,2.9185,-0.36829,-0.043768,0.22271,-0.25573,-0.863,-0.32462,-2.1865,-11.553,0.28163,0.28644,0.058822,-0.4172,-0.29338,0.91324,0.15328
1,9.4493,0.58166,2.2294,-0.067474,0.076458,0.052702,-0.66696,0.14497,-0.57818,-0.13298,8.142,4.832,0.38029,-0.10603,0.70234,0.061473,-0.18053,-0.61943,0.59216,-6.633,7.0149,0.23279,-0.70693,-0.43972,0.46568,0.81326,-0.64796,-8.9395,-0.034761,-3.6493,0.55203,-0.48307,-1.9412,0.4963,-0.66978,0.38732,-15.418,-0.47555,-1.926,-0.83956,-0.2338,-2.9431,0.96147,0.54925,-0.11595
6,9.3828,-5.2318,0.6983,-0.082113,-0.38251,-0.11925,-0.89899,0.61986,0.28949,0.70628,8.3792,4.9747,0.18513,0.27381,-0.30617,-0.64312,-0.44519,-0.69766,1.5226,-2.3423,10.308,0.13877,-0.0235,0.1698,-0.49424,0.59576,-0.66038,-0.011401,2.4241,-0.066779,0.66702,0.42249,-1.1476,0.45737,-0.61736,0.2447,-8.7194,-8.5602,-1.255,-0.013966,0.35391,-0.80664,0.61189,0.35079,-0.40024
0,9.6578,-0.86708,4.628,-0.21254,0.12736,-0.078025,-0.77875,-0.077205,-0.9388,10.928,3.3079,3.7986,-0.36866,0.21798,-0.20061,-0.7507,-0.58536,-0.25033,9.4446,-2.2727,2.4354,-0.75257,-0.39853,-0.82762,-0.73603,1.3975,-0.92822,-11.514,-0.69686,-3.1692,0.90862,-0.14367,-0.4102,0.64795,-0.28206,0.34885,-3.0153,5.1349,-0.66382,1.5112,-0.68354,-0.27611,0.27513,0.71368,0.33574
4,8.8062,0.70166,1.0925,-0.000616,0.12205,0.060647,-0.8204,-0.26026,-0.41792,-1.215,9.5418,4.8377,-0.14659,-0.75418,0.12802,-0.30381,-0.57204,-0.36802,2.8278,-6.1768,7.6124,-0.37277,0.25383,-0.55506,-0.19167,0.48642,-1.0922,-9.1106,-0.99284,-0.5884,-0.41622,-0.36114,0.62728,0.6558,-0.14915,-0.054643,-7.1245,-4.2357,-1.5889,-0.8003,-0.2853,0.7657,0.39492,0.40282,0.20301
7,4.8624,1.3067,8.3858,-0.61311,0.31201,-0.33366,-0.30834,-0.15611,-0.89825,1.1332,8.3937,0.73188,0.85393,-0.52577,-0.28915,0.58974,-0.7442,0.083032,2.7781,-1.149,5.9256,0.31206,0.35686,0.52291,0.41934,0.068332,-0.86308,1.9931,8.4538,3.4183,-0.23106,0.34117,-1.0577,-0.53098,-0.69346,-0.40796,1.1484,-9.794,0.14659,-0.56343,0.20325,1.1071,-0.38016,0.89653,0.044845
1,7.4866,0.13672,4.5337,-0.35777,-0.37399,0.086235,-0.87232,-0.031499,-0.70392,6.9095,1.7676,1.8048,-0.85327,0.19076,-0.5706,-0.6632,-0.66406,-0.15464,8.3249,-3.5829,2.9436,0.031583,-0.28425,-0.36227,-1.282,0.46575,1.0019,-7.1105,0.93518,-0.49352,-1.3442,0.15669,1.7082,-0.038815,-0.62865,0.15423,-9.2066,-0.19824,-1.3515,-1.0013,-0.31702,1.6572,0.64426,0.20939,0.14839
3,5.8413,0.18677,0.88754,-0.26399,-0.44051,-0.46815,-0.69701,-0.14225,-0.63508,2.4626,3.4541,4.9947,1.2755,-0.04026,-0.35296,0.1273,-0.49668,-0.8064,6.5794,-4.9327,6.8889,0.48094,-0.89792,-1.2618,-0.15112,0.33802,-1.0055,-11.518,1.9927,2.6764,0.43433,-0.75643,1.596,0.8308,-0.12272,-0.42176,-8.0547,-6.6322,0.48735,0.5489,-0.10021,1.6062,0.78526,0.64451,0.23926
0,12.518,-0.73748,0.67443,-0.74311,0.22773,-0.34286,-0.77926,0.089867,-0.6015,12.234,5.5078,1.8942,-0.86473,-0.7364,-0.18035,-0.29392,-0.73023,-1.2617,12.448,-4.2134,2.5949,-0.66238,-0.22231,-2.0223,-1.1536,1.1074,-0.19435,-14.347,4.4442,2.0207,0.81618,-1.1492,0.90266,1.0394,-0.025594,0.26361,-12.115,1.3384,4.1153,0.98033,0.42901,0.28083,0.82158,0.81749,-0.46472
5,8.1598,-2.4492,2.3236,0.42335,-0.33088,-0.74572,-0.80318,-0.053891,0.093228,-1.4713,4.9288,6.9589,1.5874,0.61889,-0.26904,-0.07643,-0.51455,-0.053023,-0.59718,-2.7847,9.4276,0.14275,-0.1418,-0.11709,-0.47051,-0.075359,-0.61898,-3.8269,13.52,2.2081,0.15998,-0.26707,-1.8257,0.28745,-0.44168,-0.1973,0.18777,-9.8492,-0.44793,0.24473,0.44475,-2.2937,0.20652,0.48518,0.20501
6,9.1257,0.96955,-0.14831,-0.14267,-0.23169,-0.022304,-0.76764,-0.000778,0.38524,1.4009,2.049,9.6203,0.024665,-0.010747,-0.11782,-0.46483,0.015785,-0.62299,1.8879,-3.6789,10.189,0.075851,0.19088,-0.057474,-0.70549,0.52287,-0.45784,-11.686,9.2503,-2.8225,-0.70407,-0.2249,0.31431,0.6227,0.14152,0.14305,-0.46084,-0.83339,1.4559,0.23105,0.12525,-0.48513,0.42587,0.66756,-0.14803
9,9.3862,-1.4944,0.64328,-0.062633,-0.19798,0.52025,-0.77446,0.59288,-0.43745,2.2833,11.048,-0.9593,2.114,1.07,2.0206,0.60036,-0.4287,-0.5089,-7.3518,-10.467,9.2274,-0.37911,2.1768,1.1047,0.17422,0.76072,-0.47433,-4.9024,-22.431,-12.433,2.3631,0.33992,0.60604,0.56781,-0.55167,0.44978,-21.114,-3.5691,-5.7961,2.0443,1.7168,-2.7892,0.63288,0.42224,-0.47157
7,5.8555,0.39288,8.9245,-0.52884,0.51037,0.12807,-0.25508,-0.001991,-0.93652,-9.3883,7.4545,0.67789,0.65169,-0.3787,-0.80334,0.74943,-0.60842,-0.008956,-7.3518,-1.6994,10.745,-0.52073,0.20148,0.14063,0.52066,-0.10122,-0.81649,-2.4799,9.1658,2.7502,-0.85903,-0.68819,0.91553,-0.34789,-0.77494,-0.44707,-4.3511,-9.7348,-1.0802,-0.49703,-0.21276,-0.71142,-0.11382,0.96243,0.08917
2,14.462,-1.4381,2.3255,-2.6155,1.8932,0.14554,-0.82153,0.11043,-0.59816,1.6239,13.991,-0.44934,0.46605,-0.15274,1.9369,-0.53996,-0.76885,-0.22607,4.279,-5.0791,13.987,-0.57109,-0.41637,-0.59437,-0.05442,0.53264,-0.97314,-13.013,-13.994,2.2107,1.0695,-0.50436,4.1702,0.5458,-0.71253,-0.03236,-16.545,2.58,-2.2053,3.1557,-0.67526,3.4831,0.99861,0.52115,-0.002067
9,13.475,-1.6162,4.6682,-0.68028,0.73003,1.1246,-0.72219,-0.019354,-0.71961,11.426,29.909,7.5044,5.6318,0.47752,5.1409,-0.96762,-0.029009,0.15324,8.4903,2.1078,12.17,-1.7207,-0.83896,0.58326,-0.3329,-0.25547,-0.81349,-10.696,6.533,4.092,-0.3631,0.32671,-0.58149,0.91492,-0.18759,0.06295,-6.6115,-2.5996,-9.8449,-4.4339,1.0235,0.99779,0.55685,0.76276,0.030297
1,13.924,-1.0978,2.4378,0.56923,-0.093098,-0.51282,-0.92527,0.053038,-0.44624,11.453,0.57074,4.8086,0.49596,-0.50644,0.62589,-0.05213,-0.22056,-1.35,12.27,-2.6795,2.0616,0.015017,-0.27912,-0.8768,-0.50097,1.1807,-0.18995,-13.502,0.21123,-2.4403,0.759,-0.096834,-0.83759,0.7798,0.005324,0.41568,-5.1987,-1.7355,-2.021,1.9111,-0.38005,0.64999,0.69687,0.86377,-0.23414
7,8.9202,-1.1778,1.5463,-0.88092,-1.1918,0.053382,-0.80815,0.14103,-0.74093,-1.2722,8.623,6.0586,0.31116,0.12712,1.4681,0.57785,-0.289,-0.69201,0.13552,-4.0023,9.5801,-0.51567,-1.5246,-1.0691,0.53897,-0.065751,-0.78019,1.6313,9.3031,1.7126,-0.25062,0.21349,0.51859,-0.62614,-0.69171,-0.23619,2.1456,-9.0285,-1.1982,-0.14452,0.34568,-0.41266,-0.65722,0.70091,0.11771
7,9.9525,-1.6505,-0.89602,0.13576,-0.009439,-0.12545,-0.83916,0.36653,-0.63233,3.5326,7.4161,5.8876,0.11264,-0.25595,0.15918,0.44135,-0.59636,-0.58101,6.0901,0.093513,7.9095,0.25417,-0.17197,0.17308,0.2037,-0.1417,-0.9038,1.2586,9.2241,1.83,0.054148,0.17608,0.01267,-0.73997,-0.58929,-0.19758,1.699,-8.9049,-2.1753,0.2945,0.16698,-0.013371,-0.73791,0.58871,0.21706
1,8.3497,-0.046932,-1.296,-1.2207,1.4146,-0.032251,-1.1136,0.1257,-0.41346,2.2571,7.5094,5.1287,0.019027,0.2009,0.39271,-0.2613,-0.58835,-0.76588,1.8331,-6.4838,7.4189,0.092668,-0.27659,-0.009297,0.11442,0.99865,-0.8494,-8.9626,0.56734,-2.0719,-0.035979,-0.17856,-1.6652,0.32291,-0.69076,0.34198,-10.415,-2.6531,0.96824,1.1469,0.74279,-2.5349,0.58889,0.64927,0.1682
2,-3.9852,-2.6106,3.639,0.30619,-1.5315,-0.54529,-1.1253,0.23383,-0.55254,11.518,2.0661,1.4334,0.6209,-0.88053,0.01508,0.7856,-0.53495,-0.71545,-6.2352,0.089345,3.9346,1.151,0.40332,-2.8804,-0.1087,1.1726,-0.49654,4.2554,4.4452,-9.0818,1.8674,0.087976,-2.0615,0.089466,-0.72492,0.29061,7.8649,-26.273,-7.428,-1.3302,-0.6415,0.060995,0.90086,0.17353,-0.054954
2,12.194,-0.76154,3.1165,-1.5475,0.59402,0.18869,-0.92163,-0.036546,-0.80735,1.8098,11.257,1.2089,-0.19978,-1.3748,0.66461,0.60036,-1.0037,-0.56396,-1.897,-11.45,3.9957,-0.41,1.231,-0.37486,0.30593,1.2284,-0.62641,-9.604,-8.7468,-0.57931,-2.6613,-0.68125,2.4024,0.27413,-0.84151,0.12056,-20.49,-0.33969,-2.1267,-1.553,-1.1901,3.4216,0.61655,0.43667,0.36666
9,9.1486,-1.5678,-0.83506,0.023349,0.96748,-0.39926,-0.72904,-0.00065,0.48888,7.0965,6.5932,-2.2362,4.6174,2.5114,1.7255,-0.82919,-0.035376,-0.086476,7.2243,-6.508,3.3358,0.6297,-7.3603,-3.6498,-0.59008,0.45537,-0.46118,-10.649,0.65554,-2.1463,0.71672,-0.1052,-1.0999,0.60932,0.59337,0.16323,-6.5578,0.58163,-0.32764,1.181,-0.92461,-2.2013,0.75446,-0.27719,-0.22137
5,7.6832,-1.56,6.7602,0.055917,-0.28205,0.030592,-0.78378,-0.069887,-0.050189,6.5372,6.9308,1.8374,-0.12173,-0.094899,0.17301,-0.83347,-0.094123,-0.26691,7.6774,-3.8595,5.612,-0.058534,0.077641,0.039125,-1.0111,-0.081979,-0.61086,7.8883,-9.564,-1.6717,0.14498,-0.069193,1.5883,0.088893,-0.61095,-0.33325,-4.8958,-18.24,-4.6876,-0.30939,-0.27112,0.92374,0.33638,0.28106,0.17526
7,0.88453,-3.7976,9.6304,1.0811,2.1739,0.9002,-0.15917,0.37439,-0.96204,-2.1156,6.5909,9.1591,1.3412,0.38198,-2.2876,0.64804,-0.24265,-0.6615,-0.73259,0.46446,7.1786,-0.11032,1.4728,1.2472,0.55433,-0.28067,-0.72135,-1.8178,17.782,-1.1222,-0.01908,-0.16586,-0.39391,-0.2312,-0.89161,-0.26138,-0.46248,-18.906,-4.2843,-1.6215,0.20236,0.36017,-0.23699,0.93237,0.12405
3,7.6885,-0.57416,-0.70107,0.25101,0.023794,-0.08183,-0.86368,-0.090152,-0.41586,6.8286,2.5145,6.424,-0.16504,0.18284,-0.009009,0.17216,-0.48205,-0.25205,5.4052,-6.7358,3.7666,0.047399,-0.13242,0.070677,-0.21654,0.61139,-0.49682,-8.733,-0.16879,-1.333,-0.10081,-0.079079,-1.1763,0.90403,0.030063,-0.25341,-6.752,-5.4844,-0.64798,0.94377,-0.045228,-0.99943,0.63889,0.80694,0.41536
5,8.4513,2.1496,4.8217,0.019987,-0.28736,0.058965,-0.62159,-0.2152,0.12882,3.2409,7.5622,5.9294,0.034604,0.068827,0.063331,-0.79697,-0.49958,-0.29841,6.4687,-4.5969,5.2094,0.08396,-0.11854,-0.027768,-0.84459,0.1636,-0.56918,-5.8346,10.154,1.7442,-0.62504,-0.20609,1.3993,0.39784,-0.36773,-0.21546,-0.17135,-6.6886,1.0281,-0.47138,-0.16798,2.026,0.22229,0.53759,0.11433
3,8.6358,-0.27768,-2.1852,-0.1425,0.093451,0.14205,-0.96108,0.013808,-0.36468,1.6994,8.3549,5.1154,-0.16781,-0.61174,0.66242,0.56258,-0.21629,0.20302,1.5868,-7.711,8.7133,-0.22525,-0.53546,-0.86358,0.42525,0.47941,-0.56534,-8.7779,3.2272,-0.77081,0.03633,0.26653,0.76327,0.69928,-0.43434,0.12369,-8.2585,-4.4174,-2.2552,-0.040135,-0.1492,1.4849,0.59821,0.69375,0.1052
6,9.1727,-0.2139,2.5588,0.22826,-0.077053,-0.30092,-0.92794,0.28995,0.18659,2.1662,0.76842,9.397,0.081082,0.20658,-0.20008,-0.83315,-0.011265,-0.74368,1.4705,-1.6425,9.6708,0.021337,-0.20444,-0.25884,-0.58758,0.5695,-0.72147,-8.9121,10.093,-4.3471,0.14466,-0.29984,-0.92112,0.61733,-0.088258,0.31241,-2.867,-5.0782,-0.88077,0.63263,0.29067,-1.2151,0.57521,0.60818,-0.19142
4,9.4568,2.0183,1.1141,-2.5899,-0.96283,0.076277,-0.76724,-0.32464,-0.43165,-2.3194,7.8753,5.3542,-0.93163,-0.14926,-2.8819,-0.20931,-0.58983,-0.70185,1.7117,-4.2548,7.8699,-0.146,0.35686,1.095,0.19078,0.38985,-0.93168,-12.505,-3.6815,-0.72113,-0.69627,-0.45766,2.3715,0.48431,-0.077962,-0.13601,-11.247,4.0608,2.0096,0.71118,0.29164,1.9209,0.58832,0.30128,0.1453
0,12.437,-0.085658,5.2862,-0.30866,0.65992,-0.26023,-0.63127,0.14298,-0.61633,-0.40229,8.5054,5.5485,-0.020015,0.43924,-0.26687,-0.049905,-0.23041,-0.65316,1.2673,-5.7566,8.1317,-0.10172,0.2791,0.38785,0.35915,0.72035,-0.81909,-14.009,1.1573,0.68927,-0.5579,0.17621,-1.1904,0.37825,-0.74696,0.34419,-11.709,-6.061,-2.4739,-0.82835,0.023349,0.34471,1.1374,0.22898,-0.094052
5,6.7275,1.1186,7.1538,0.12572,0.085896,-0.10454,-0.65327,-0.21022,-0.099496,4.3442,7.4446,-4.6412,0.031547,-0.025243,-0.072216,-0.75151,-0.3432,-0.10583,5.7515,-7.9005,1.7072,0.048968,-0.065114,-0.069702,-0.88434,0.37963,-0.66126,-5.2616,13.915,5.3224,0.69673,0.423,-0.88442,0.33605,-0.41552,-0.30954,2.033,-5.4778,-4.0744,0.1607,0.83194,-1.3476,0.1324,0.42755,0.40706
5,9.8282,0.27367,3.8229,-0.13136,0.11459,0.18707,-0.5923,-0.15407,0.14812,5.8167,4.947,6.5294,0.035656,-0.046156,0.084363,-0.87916,0.029264,-0.25243,6.1905,-5.8017,4.8918,-0.013008,0.063626,0.070446,-0.83554,0.12219,-0.6271,-7.8756,9.4919,-0.11876,-0.79937,-0.47136,2.2437,0.47813,-0.42843,-0.18703,-0.65897,-7.6174,-3.9589,-0.69491,0.06679,2.6327,0.20134,0.48436,0.29952
9,11.945,-0.42648,2.622,-0.15145,0.006939,-0.095741,-0.74757,0.3704,0.38687,5.961,4.5929,-2.9973,1.2801,1.3331,-3.5691,-0.51845,-0.42765,-0.56504,8.4897,-4.2227,-1.8279,-4.0677,2.0341,-0.72068,-0.83096,0.33789,0.11673,-11.748,5.6654,-4.8754,1.2053,-0.010454,-0.17717,0.33532,0.73471,0.36749,-8.8663,0.46821,3.6696,1.0721,0.71106,0.49808,0.82892,-0.075911,-0.28792
4,8.0756,0.25005,2.4662,0.7602,0.008387,-0.26451,-0.82667,-0.18266,-0.43216,0.057584,10.928,3.6504,0.22052,-0.45894,0.30984,-0.47288,-0.52231,-0.23628,4.104,-5.5719,3.8153,0.91981,0.13261,-1.01,0.019143,0.80362,-0.70608,-8.3757,5.7911,-0.502,-1.35,0.31782,0.48111,0.66563,-0.30689,-0.048284,-7.5833,-2.7644,-0.34839,-0.95903,-0.83694,0.93252,0.41651,0.47148,0.14336
7,11.03,0.32831,-5.1206,0.30744,-0.70584,0.10577,-0.71249,0.27892,-0.73504,7.1199,4.6021,3.1704,0.69496,-0.19953,-0.71731,0.4958,-0.44893,-0.66674,7.074,-1.0912,5.2752,1.9142,0.048275,0.37879,0.28307,-0.038781,-0.8951,0.75053,8.8559,1.726,0.62266,0.50351,-0.20802,-0.70015,-0.6128,-0.25363,0.64517,-9.917,-1.6428,0.23165,0.085506,0.006895,-0.71614,0.63262,0.15124
1,7.8293,1.9865,0.98126,-0.78166,0.053933,0.12966,-0.7332,0.044354,-0.48892,8.5136,2.9585,-1.8871,0.75235,1.0793,-1.5534,-0.03625,0.06645,-1.5073,7.8325,-3.3852,3.9384,-1.3962,-0.66697,-0.87444,-1.354,0.54829,-0.062502,-9.7393,-2.9502,-0.96616,-0.62829,0.10852,2.312,0.56712,-0.61158,0.27225,-8.9466,-0.44682,-0.76986,0.025627,-0.19894,1.7618,0.9824,0.68389,-0.064929
5,8.8623,0.15513,2.8488,-0.078398,0.03975,0.092311,-0.59182,-0.20122,0.13471,3.0027,1.2064,8.9045,-0.13165,-0.029645,0.045663,-0.31599,-0.19254,-0.22733,2.392,-0.44258,9.6992,-0.021064,0.045256,0.046646,-0.66766,-0.18448,-0.46429,3.741,4.8087,0.62305,0.20297,0.27571,-0.84135,0.17337,-0.63068,-0.24998,-3.2806,-10.705,-4.368,0.35652,0.18525,-1.0557,0.42578,0.27248,0.28969
9,20.304,3.2648,4.9778,-0.46993,0.23397,0.2688,-0.52903,-0.22983,-0.65314,27.569,39.145,0.16499,1.6854,0.74346,8.1679,-0.032952,-0.84132,0.030541,12.933,-38.484,6.9716,-5.6339,-4.4209,-10.402,0.64746,0.16866,-0.51867,-16.129,3.5101,-0.4488,0.98234,0.61034,0.54184,0.73304,-0.66862,0.13539,-19.33,12.527,-8.1226,-1.0422,-1.8443,0.64241,0.45168,0.75996,0.18133
2,20.678,3.2287,3.3737,-2.3822,0.54769,-1.008,-0.70423,0.016993,-0.53196,1.2142,33.359,-22.001,-2.8439,-6.178,-0.96554,0.15451,-0.54923,-0.21706,4.5271,-15.761,12.254,4.2714,0.57955,-3.5657,0.29256,0.62908,-0.70521,-27.049,-7.0407,-1.7123,1.013,0.030967,3.4813,0.61059,-0.58489,0.12616,-22.13,21.249,-4.4346,0.36219,-1.1519,2.487,1.0108,0.72793,0.018988
3,9.334,-1.2665,0.90866,0.20551,0.17853,0.21542,-0.72502,0.093928,-0.56036,6.1031,5.9281,4.6308,-0.096299,0.23574,-0.25147,0.20978,-0.40635,-0.13032,4.2944,-5.9271,6.2603,-0.06285,0.25825,0.61424,0.056326,0.44726,-0.68679,-9.0368,2.3941,-1.9554,0.043016,-0.003746,-0.70784,0.64677,-0.57556,0.15852,-10.619,-4.9177,-3.2815,0.23638,0.33039,-1.4163,0.66592,0.59367,0.23536
5,9.5932,-0.76736,1.4255,-0.02876,0.015246,0.00122,-0.5891,-0.25013,0.19609,-0.19819,8.4304,5.0512,0.040958,-0.01727,-0.005717,-0.12953,-0.56588,-0.015924,0.78095,-4.79,8.5354,0.17084,0.020784,-0.026412,-0.4011,0.01528,-0.63424,-3.1735,10.262,-2.1152,-0.28582,-0.068529,1.3644,0.29813,-0.51897,-0.25909,-0.69349,-9.3649,0.16042,-0.50253,0.028884,1.7872,0.1608,0.52527,0.17528
9,10.011,-1.1087,3.0492,-1.0483,-0.013319,-0.72625,-0.68903,-0.52808,-0.18982,-4.3809,8.9696,4.095,0.48756,-1.0898,-2.9863,0.38107,-0.76179,0.18687,-7.0218,1.0665,11.602,2.6688,1.0234,1.0445,0.067586,-0.56122,-0.63879,-9.2668,-0.30837,-2.1612,-0.67916,0.69461,0.19491,0.85963,0.094561,-0.13296,-8.4891,-4.1481,3.3245,-0.99557,0.26914,-0.063444,0.7662,0.29757,0.38035
3,5.8874,0.25493,0.45514,-1.0333,-0.21348,0.19468,-0.67083,-0.16101,-0.65514,3.3916,5.003,3.1547,0.42849,0.32759,-0.92391,0.30355,-0.46201,-0.29975,7.1229,-2.1251,4.5736,0.19163,0.89305,0.35556,-0.25166,0.40269,-0.69036,-6.972,-0.058392,-0.84711,-0.27177,-0.00763,1.7944,0.91525,-0.21208,-0.34843,-7.0694,-4.2289,-0.013997,0.35153,0.2104,1.0691,0.83128,0.49171,0.28903
4,14.945,-3.6895,-3.8032,2.2397,1.4992,0.55806,-0.9298,0.04803,-0.38813,-3.2192,8.4359,-0.79181,-0.59672,1.0816,-0.1273,-0.098874,-1.4124,-0.4463,-1.6507,-8.0284,7.0105,-0.34526,-1.0843,-2.3354,0.53899,0.3215,-0.8237,-19.405,0.97744,-0.010391,-0.77985,0.17208,-1.9778,0.59867,-0.20488,-0.12551,-14.205,0.37901,2.9926,1.2197,1.6204,-0.73177,0.34169,0.40047,0.042046
9,10.078,-2.9878,0.48982,-0.31143,-0.42212,0.48649,-0.67998,0.56844,0.012687,7.2269,7.0983,-2.384,-0.9136,-1.445,0.81536,-0.24142,-0.76858,0.22442,10.788,-4.1837,2.3272,0.92139,-1.3403,1.2782,-0.79934,0.34316,0.12834,-9.4837,-1.9638,-2.0906,-0.13303,0.18664,0.022796,0.66313,0.11805,0.55794,-10.286,0.53335,1.565,-0.73222,-0.19423,-0.61981,0.66199,0.22325,-0.48399
4,11.441,-4.1588,1.8033,1.0326,-0.14201,0.10167,-0.83285,0.12079,-0.39896,3.1636,7.6953,4.3459,-0.53307,-0.60413,0.64897,-0.45531,-0.70189,-0.49511,-2.3404,-8.9591,5.0911,-0.18018,-0.010373,-0.48561,0.37983,0.56613,-0.69185,-13.798,0.035735,-2.3768,-0.22748,-0.30166,-1.7466,0.59209,-0.35029,0.044726,-11.063,-1.673,-1.1678,0.24964,0.73222,-1.0358,0.45298,0.38815,0.1617
2,22.507,-5.4221,1.8846,2.4602,0.93116,0.35663,-0.88633,0.13188,-0.45607,6.4342,22.779,3.1919,2.9755,2.5391,1.5823,0.18685,-0.66577,-0.31348,4.5791,-22.421,-2.4258,-0.8892,0.34401,4.1095,0.41584,1.1003,0.036826,-19.855,-9.789,-11.074,-0.7703,-1.0127,-3.544,0.66696,-0.325,0.47946,-25.968,7.718,-6.6424,-0.88993,-0.18329,-2.6346,0.96586,0.6295,-0.21952
1,12.965,-1.1532,2.7618,0.049357,-0.035116,-0.1444,-0.74964,0.14222,-0.47181,-1.1923,8.7343,5.5804,0.22134,0.17064,-0.60577,0.076992,-0.16865,-0.62441,-0.52894,-7.3515,7.9796,-0.057102,0.44134,0.091827,0.50007,0.83279,-0.60386,-10.443,3.4693,-4.4471,0.01457,-0.2476,-1.2448,0.81505,-0.24572,0.388,-5.5287,-9.1772,-5.5994,0.15925,0.97602,-0.20093,0.50997,0.93536,-0.12387
5,9.1845,-0.10124,1.9329,0.16891,-0.030792,-0.18023,-0.83183,-0.25257,0.04311,-1.2237,6.6688,7.3366,0.13317,0.11296,-0.026055,0.34189,-0.6399,-0.013816,0.095569,0.59668,9.5939,0.072667,-0.040628,0.034629,-0.61154,-0.20118,-0.60858,-0.85408,13.073,-4.5933,0.14648,-0.017391,1.117,0.034535,-0.69552,-0.15058,5.6311,-1.5201,0.33946,-0.44322,-0.4003,1.4067,-0.17817,0.51865,0.41627
5,9.5546,-1.1522,3.3195,0.31157,0.049934,-0.12316,-0.60783,-0.13143,0.12002,6.5258,4.406,6.036,0.050381,0.048193,-0.069636,-0.89113,0.072184,-0.22338,5.2307,-6.305,5.3752,0.036419,-0.14747,-0.14045,-0.79458,0.17028,-0.67008,-7.333,8.0142,-1.3968,0.52024,0.32278,-2.8742,0.48024,-0.46955,-0.093777,0.20646,-11.114,-0.91133,0.15047,-0.34359,-2.2466,0.2144,0.52583,0.21088
6,9.9074,0.55203,2.2629,-0.025998,-0.027329,-0.063342,-0.9275,0.27852,0.20606,1.725,1.4269,9.6303,0.05583,0.052539,-0.22039,-0.81632,-0.048897,-0.75821,1.7717,-0.97402,9.6293,0.069028,0.03073,-0.17602,-0.61122,0.54861,-0.71976,-8.3721,5.8977,-3.1462,-0.67326,0.024751,0.37473,0.62827,-0.090068,0.29173,-1.9362,-5.028,0.80703,-0.13741,0.08508,0.070305,0.5578,0.63102,-0.20363
7,9.2273,-1.0776,2.4413,-0.12193,-0.34787,-0.11522,-0.68254,0.14142,-0.7332,-0.89949,-1.8781,7.9096,0.6097,-0.92132,0.4827,0.61335,0.3433,-0.66841,-1.7007,-0.041768,8.1944,-0.16067,-0.79908,-0.66632,0.62669,-0.32113,-0.65978,1.7011,9.5218,0.18949,-0.13714,-0.024039,0.34092,-0.65475,-0.69871,-0.18662,2.4383,-9.3958,-1.1557,0.076001,0.10584,-0.26711,-0.71606,0.66475,0.080972
0,10.472,0.07871,3.9978,-0.45517,-0.05487,-0.35811,-0.79162,0.19389,-0.61429,3.9765,9.5682,-2.3774,-0.49484,-0.46779,-0.19251,-0.49924,-0.62126,-0.3064,5.8754,-4.1294,6.7138,0.45885,-0.067303,0.48916,-0.15649,0.65236,-1,-13.15,6.8002,-1.3588,-0.31398,0.74403,-0.56014,0.39653,-0.77496,-0.14314,-10.241,-2.2805,-2.4154,-1.2998,0.007641,0.85818,1.136,0.20287,-0.081131
3,9.3449,0.68888,1.2222,-0.43441,0.14379,0.00784,-0.72137,-0.021237,-0.57344,5.7356,6.7716,4.396,0.065615,0.22887,-0.73043,0.18856,-0.34395,-0.15928,5.8029,-5.1503,6.2222,0.02439,0.63137,0.64732,-0.067758,0.42292,-0.7056,-9.7399,2.971,-1.3604,-0.21966,0.14204,1.5996,0.56857,-0.71756,0.095832,-8.9844,-2.6446,-1.3316,0.083387,-0.14378,0.69005,0.7668,0.5442,0.16603
0,7.337,-0.37761,3.8638,-0.061065,-0.098391,0.10008,-0.76474,0.011235,-0.94108,6.9917,2.2492,1.438,-0.72123,0.77914,-1.0873,-0.5823,-0.70786,-0.83678,7.6632,-3.8136,3.6616,-0.25073,-0.22021,-0.11198,-2.0666,1.3071,0.081278,-6.7584,-6.1043,-1.591,-1.7833,0.14572,1.1086,0.076693,-0.82083,0.21447,-9.77,1.2301,-1.9539,-0.75311,-0.22187,0.98199,0.71265,0.36562,0.31978
0,6.3392,-1.1342,1.7261,0.29335,-0.29767,-0.2186,-0.82311,0.12325,-0.58843,6.2491,1.2323,3.0538,1.1937,-0.30067,0.35768,-0.14731,-0.17894,-0.74184,6.4808,-2.0354,1.5791,0.12221,0.73254,1.3035,-1.0233,1.1239,-0.2857,-8.635,-1.6752,-2.3061,0.96866,0.009549,-1.4421,0.67953,-0.24681,0.47864,-6.3627,4.2976,-1.6857,1.4044,0.71351,-1.3081,0.83982,0.6801,-0.49965
2,21.294,-4.8714,4.7109,1.6788,-0.55783,0.56551,-0.95471,0.11253,-0.78971,3.7288,21.935,6.7976,1.6419,1.2568,0.29801,0.34271,-1.0726,-0.38561,4.7967,-21.55,3.8281,0.74651,-0.85269,1.3559,0.72005,0.8611,-0.87582,-21.741,-8.3011,-7.8308,1.0109,-0.056881,-2.6523,0.30594,-0.74449,0.19677,-30.032,10.681,-4.9401,1.1589,1.5141,-2.8529,0.54761,0.53714,0.36657
7,6.4878,-0.44012,6.9678,0.090323,0.051421,-0.008289,-0.24321,0.018974,-0.9305,-9.4784,-0.43075,3.5757,0.36422,-0.024251,0.26227,0.93694,0.19185,-0.16112,-7.4866,1.5317,5.9721,0.005046,-0.084501,-0.63254,0.76354,-0.3781,-0.43505,-0.20738,9.6848,0.90459,0.097476,0.02121,0.35842,-0.40402,-0.82562,-0.26303,1.3133,-9.4852,1.5902,0.047262,0.041508,-0.31644,-0.5509,0.79106,-0.097533
7,8.361,-1.6243,6.9697,0.55846,-1.7079,-0.1501,-0.54993,0.12189,-0.93099,-2.0363,7.0869,7.0317,-0.18134,0.31084,1.4584,0.42093,-0.1497,-0.85122,-1.9583,1.4129,8.9322,-0.038046,-1.8304,-0.99686,0.33409,-0.5305,-0.72059,-1.3323,10.331,3.5813,0.7295,0.032828,0.41674,-0.3446,-0.8086,-0.38024,-0.48419,-10.077,0.24968,-0.63536,0.27888,-0.76928,-0.37857,0.89328,0.072577
7,8.4366,-0.48521,5.8008,-0.14742,1.2357,-0.13235,-0.55698,-0.012255,-0.8033,7.26,2.7171,7.9873,-0.030528,0.38194,-1.9106,0.20537,-0.33953,-0.8625,7.9769,-1.7076,7.7748,0.076974,1.1086,1.5386,0.1455,0.061676,-0.93764,-4.0872,8.5473,-1.1274,-0.56032,0.26536,-0.14471,-0.12458,-0.95191,0.031898,-4.0952,-7.8656,-2.7117,0.16174,0.33908,-0.17996,-0.21581,0.79281,0.51544
4,9.172,0.047775,2.6879,0.39825,0.198,0.011712,-0.78011,-0.18944,-0.48576,-2.4968,10.382,5.6383,0.31321,-0.1357,0.42637,-0.31996,-0.56877,-0.36453,2.5687,-6.8397,7.043,-0.15493,0.059386,-1.0455,-0.073835,0.49334,-1.1005,-8.9831,1.3,-1.6839,-0.59772,-0.19667,0.14351,0.66799,-0.080201,-0.038128,-6.7026,-2.8408,-1.5407,-0.89142,-0.27821,0.69698,0.39666,0.40241,0.17392
8,-7.4892,1.315,-2.3843,0.79522,0.95469,-0.13284,-0.58016,0.42385,-0.42618,-0.77951,-3.2347,-1.8083,0.84446,0.32294,-0.15922,-0.2945,-0.29012,-0.68409,-3.9877,0.18027,-1.0888,-1.1868,0.59026,0.20752,-0.52624,0.26182,0.475,0.80629,8.3029,-0.35123,0.82555,-0.35434,0.61417,0.54591,-0.10331,0.41104,1.5581,-8.6153,2.7138,-0.49052,-0.036839,0.39048,0.53123,0.21084,-0.3194
0,13.862,-0.97622,5.4038,-0.33739,0.611,-0.037569,-0.61596,0.17519,-0.64089,9.2283,3.5024,1.5847,0.161,-0.18954,0.74875,-0.34985,-0.16256,-0.84284,12.669,-2.3481,3.7826,-0.34905,-0.02618,-0.009438,-0.56482,0.62577,0.36476,-18.537,12.838,-1.3611,0.17946,0.054049,-0.90234,0.38342,-0.74074,0.31706,-12.456,-6.5016,-0.071271,-1.1164,-0.18156,-0.08161,1.1171,0.21701,-0.098328
9,11.185,2.2562,3.0127,-0.60018,-1.7586,-0.1718,-0.80816,-0.35666,-0.40227,3.3221,9.5403,-11.549,-3.7593,-2.5518,0.19467,-0.64315,-0.49073,0.4214,6.8364,1.4669,4.2711,-0.32065,0.54995,0.8577,-0.17743,0.063198,-0.87103,-12.75,-1.6096,0.34549,4.9704,-0.95259,1.1109,0.74539,-0.029573,-0.52958,-12.453,-6.8987,2.9932,2.5413,0.21776,0.39324,0.77098,0.12424,0.45286
3,15.022,-0.08361,4.2174,0.26971,-0.43004,0.024655,-0.69583,-0.16131,-0.62418,-0.87399,8.1324,7.8863,0.54868,0.17248,0.14883,1.043,-0.012828,-0.16077,-2.8827,-5.4535,10.193,0.07312,-0.083102,-0.54711,0.41043,0.054093,-0.56852,-11.22,-6.8438,-3.7874,-1.1065,0.23498,0.18123,0.91257,-0.045147,-0.38128,-5.7881,-5.4542,0.083855,-0.52545,0.14783,0.43026,0.41183,0.91687,0.16214
5,9.3066,-2.9374,4.1073,-0.28584,0.004481,0.23216,-0.63347,-0.057127,0.05591,6.6264,5.0002,5.3262,-0.10401,-0.020155,0.19168,-0.88899,0.064523,-0.22312,4.9485,-6.9978,5.1045,0.011235,0.36412,0.14125,-0.78728,0.25073,-0.64681,8.7017,0.72074,1.1074,0.30685,0.077467,0.25226,0.29172,-0.54637,-0.32603,0.43504,-16.939,-4.9668,-0.6018,-0.059741,-0.49003,0.37889,0.34802,0.26648
2,21.239,-8.8483,-9.7329,0.98635,-1.4532,0.47678,-0.84387,0.35773,-0.40525,18.731,29.445,0.39046,2.4592,1.8374,1.0678,-0.15472,-0.50513,-0.742,22.165,-19.656,-2.0897,1.2773,-0.34086,2.4306,-0.028833,1.3238,-0.036171,-13.865,-11.386,-10.12,0.30667,-0.14498,-1.9497,0.80911,-0.54814,0.36632,-27.776,7.1973,-3.725,-1.2391,0.30998,-3.4311,1.1397,0.56659,-0.13478
0,8.157,-0.60395,3.5068,-0.17442,-0.20574,-0.20483,-0.63613,-0.011688,-0.62947,8.0092,5.5312,1.349,0.080977,-0.26688,0.6155,-0.49564,-0.56661,-0.7129,6.6904,-2.6629,1.6252,-0.072483,0.82985,1.2097,-0.34058,0.98711,-0.80795,-9.615,-1.5869,-1.5026,0.55404,0.10672,-0.82624,0.73331,-0.34398,0.32573,-7.0772,1.7906,5.9404,0.047425,-0.54523,0.93087,0.82575,0.82535,-0.3371
3,9.5875,0.55629,0.011297,0.13909,0.53115,0.13949,-0.89857,0.068828,-0.51003,-0.61676,8.7048,4.1209,0.16199,0.42296,-1.1437,0.69496,-0.27014,0.080519,1.3067,-5.072,8.413,0.37832,0.78605,0.69622,0.44792,0.46694,-0.57342,-9.8435,3.2704,-2.6803,0.065354,0.50237,1.5794,0.49837,-0.71642,0.10766,-8.858,-2.5256,-1.7445,0.035064,-0.062676,0.54055,0.87244,0.38086,0.018391
2,2.5197,-0.085505,-2.8412,-2.0827,3.5992,1.1122,-0.64295,0.15545,-0.64153,3.5726,3.9097,3.2841,-0.13512,-0.14117,0.5113,-0.15295,-0.19704,-0.64966,3.5009,-4.3639,5.9228,0.060528,-0.51336,-0.012722,0.14885,0.71095,-0.89762,3.2812,-0.29431,-0.65251,0.17217,-0.2193,-0.8817,0.35448,-0.68367,0.36108,-1.0005,-14.403,-2.2753,-1.9108,0.062432,1.7322,1.0772,0.27284,-0.155
7,9.0037,-0.64919,3.2553,-0.037378,0.71884,-0.005631,-0.64971,0.080656,-0.7866,4.2652,-1.571,6.9633,-0.36501,0.047936,-0.042936,0.14393,0.11673,-0.93818,2.2094,-2.9871,6.7548,0.062459,-0.045244,0.29017,0.22186,0.018678,-0.93266,-0.15673,9.6981,1.2622,0.2033,0.043837,-0.5268,-0.47066,-0.81958,-0.24663,0.96998,-9.8675,-0.85457,0.016415,-0.090154,0.48673,-0.56162,0.80586,0.035439
3,9.6169,1.5247,1.5064,-0.21764,0.12706,-0.30406,-0.69485,-0.10734,-0.64866,0.32433,5.0398,8.0697,-0.84615,1.2926,-0.92378,0.56733,-0.11318,-0.024022,3.1361,-3.8021,8.293,0.64563,0.83905,0.89335,0.15037,0.37244,-0.69878,-8.1775,4.4566,1.6223,-0.53604,-0.077489,0.88962,0.84761,-0.45724,-0.45165,-9.4006,-0.11825,-1.5679,-0.051643,0.097384,0.84046,0.7386,0.34187,0.47883
3,-6.629,7.1225,5.8278,-0.71598,0.23191,0.17024,0.55194,-0.10354,-0.8075,3.8005,8.4556,-2.5844,0.29658,-0.10184,-1.1168,1.084,-0.12421,0.40231,4.3612,-8.3797,4.2847,0.14049,-0.052945,0.62947,0.010121,0.58096,-0.47087,-14.777,5.0843,2.6529,-0.16574,0.46289,-0.42768,0.84047,-0.007102,-0.48065,-8.8292,0.95273,-2.546,1.4118,-0.15936,-0.88557,0.42045,0.95198,0.41017
5,8.7929,-1.3829,3.8417,0.16572,0.084325,-0.25436,-0.61466,-0.08766,0.10073,6.3934,5.5738,4.706,0.002688,-0.11458,-0.17783,-0.87583,0.0353,-0.23168,5.7963,-6.2947,5.0743,0.014951,-0.16729,-0.034417,-0.81291,0.16467,-0.63115,-8.6198,16.71,-3.2965,1.0215,0.30806,-0.25133,0.57814,-0.35219,-0.084799,4.3375,-3.5072,-0.18328,-0.05644,-0.062821,-1.0898,0.037984,0.5611,0.25657
2,5.7487,-0.043561,2.5538,-0.90622,-0.69349,0.24834,-0.7404,0.1542,-0.52476,-0.74289,9.2768,3.5681,0.48784,-1.3344,1.4757,-0.10076,-0.18173,-0.66229,0.79826,-5.5906,6.6214,0.16073,-1.0803,-1.0957,0.28159,0.68871,-0.85801,-1.9354,-13.949,-1.8841,-2.7166,-0.62592,-1.112,0.29538,-0.73202,0.38554,-15.173,-9.1508,2.3041,-1.1748,-0.36584,3.5408,1.0168,0.45027,-0.063923
8,-4.386,-0.064946,2.0328,2.0139,-2.0028,-2.3817,-0.76006,0.42265,-0.34955,-2.3187,-8.1953,-3.4077,3.313,1.1429,0.019006,-0.64219,-0.19011,-0.26455,-3.5153,4.5629,2.0495,3.1927,0.12896,0.34795,-0.74756,0.34456,0.098765,-0.61051,15.31,-0.46198,1.4749,1.1661,0.006927,0.68333,0.045809,0.47778,-3.2106,-6.2769,1.1526,0.67938,-0.28323,-0.74943,0.62638,0.044348,-0.35435
8,0.66583,-0.36024,0.19354,0.164,-0.11992,-0.017663,-0.39447,-0.012211,-0.70026,1.1399,0.61985,0.06215,-0.031969,-0.044741,-0.24256,-0.49047,-0.45188,-0.30638,0.32326,-0.90427,1.0284,0.40331,-0.019574,0.053676,-0.45948,0.36693,-0.44299,-2.5744,8.0384,-1.3489,-1.2923,0.051561,1.2205,0.60512,-0.36232,0.006101,-1.2059,-5.4525,-2.6781,0.066272,-0.17422,-1.0376,0.60743,0.27735,0.28502
6,9.5963,-0.48308,0.68919,-0.18401,0.045346,0.38841,-0.76395,0.29894,0.29755,0.33626,4.3113,8.6456,-0.040021,-0.17725,0.13887,-0.40233,-0.16015,-0.67294,1.382,-1.502,9.492,-0.17415,0.25984,0.074854,-0.44151,0.527,-0.55706,-3.6731,5.4489,-2.788,-1.0756,0.028714,1.4865,0.50347,-0.47424,0.34458,-7.3079,-6.4605,-8.4707,-1.5476,-0.14709,0.6316,0.62661,0.37365,0.002213
2,2.9435,-1.4822,1.0693,-2.8027,-0.75757,0.033988,-0.70914,0.29426,-0.71577,7.0858,8.5891,-0.74633,0.85175,1.0415,0.77618,-0.75499,-0.55971,-0.25417,7.8339,-2.6076,4.8657,-0.034908,-0.37585,0.15317,-0.27761,0.60373,-0.9412,7.4081,-6.0227,-6.1785,0.5093,0.18033,-2.5652,0.38873,-0.77607,0.088335,4.8152,-31.983,-4.0799,-3.5872,-0.038384,0.44045,1.1345,0.036973,-0.24145
0,7.6544,0.25433,-2.7279,0.4337,0.19929,-0.31466,-1.0761,0.044331,-0.59061,2.6038,7.8143,4.2131,-0.043618,-0.24245,-0.066487,-0.42844,-0.65359,-0.7566,2.7031,-5.9798,6.7907,0.18083,-0.31174,0.047505,-0.008624,0.95061,-1.0423,-11.376,1.3146,-1.9297,1.8597,-0.002344,-1.439,0.24657,-0.70071,0.25669,-12.131,-0.14545,-2.1814,-0.85949,1.3347,-2.4108,0.55563,0.51323,0.24128
0,12.251,-3.77,3.9184,-0.39499,0.3897,-0.2809,-0.83123,0.23807,-0.58565,2.2587,10.376,-0.10714,0.007816,0.16631,0.37828,-0.40849,-0.70425,-0.4167,4.1884,-5.4169,7.7726,-0.094446,-0.046397,-0.80508,-0.057606,0.69237,-0.96659,-12.622,5.3438,1.7248,1.5372,-0.41173,-0.49923,0.88448,-0.28107,0.162,-13.786,4.1642,1.5665,2.4438,0.013415,1.2552,0.83553,0.6199,0.028968
6,9.1627,0.22212,-0.35806,0.11336,0.07405,0.39985,-0.76359,0.27353,0.33012,0.59682,4.8825,8.9979,-0.12228,-0.48703,0.29079,-0.42326,-0.17013,-0.65407,2.6344,-2.2877,9.655,-0.006992,0.031617,0.04657,-0.51742,0.54698,-0.4779,-2.0669,4.5688,-2.1401,-1.0446,0.001716,1.4947,0.50361,-0.48282,0.3365,-6.9917,-7.0865,-8.1773,-1.1022,-0.041508,0.65085,0.62497,0.38116,-0.002434
9,20.182,3.567,7.3925,-1.3154,-2.6441,-1.5868,-0.62891,-0.20444,-0.72482,1.0862,1.1305,1.3956,4.2967,0.668,4.5631,0.86817,0.22432,-0.048286,8.0509,-0.98898,2.6619,-1.6475,-3.6231,1.1675,0.77154,-0.44978,-0.21764,-23.333,-4.1707,2.6401,1.8964,0.86315,1.0717,0.72126,-0.27061,-0.47697,-11.514,-1.8829,3.5842,-2.1405,0.038257,1.2603,0.66508,0.41247,0.44206
6,8.9988,0.20573,3.2378,0.82999,-0.086261,0.34151,-0.99784,0.53047,0.031033,0.035944,8.0516,6.0456,0.13927,-0.11814,0.083237,-0.57176,-0.48131,-0.76458,3.4133,-2.3642,10.403,-1.3186,0.24967,0.086201,-0.65336,0.46311,-0.68542,-9.4526,7.5585,-1.4096,0.003422,0.1793,1.2628,0.61731,-0.27266,0.26916,-4.3731,-3.9428,0.98376,-1.2216,-0.82846,1.4394,0.48744,0.57505,-0.35985
6,8.5623,0.31327,5.3199,0.47561,-0.12113,-0.12997,-0.91719,0.30164,-0.082129,1.8828,7.9981,4.6807,0.13067,0.23661,-0.099708,-0.7486,-0.54955,-0.49717,0.31002,-4.7272,8.7077,0.074497,-0.21199,-0.11911,-0.59537,0.70254,-0.56803,-7.9391,5.1474,0.49603,0.82625,0.84891,-2.455,0.6457,-0.38786,0.1997,-9.9943,-9.3266,-5.8229,1.015,0.46496,-1.9369,0.67591,0.49181,-0.071459
0,8.9611,-1.4214,2.0516,0.2978,0.019676,-0.013181,-0.85702,0.077586,-0.56104,8.4102,1.2219,4.4029,0.36944,-0.34868,0.41259,-0.35606,-0.24555,-0.78401,8.446,-1.8004,1.4215,0.26475,0.37403,0.35494,-0.97285,1.2754,-0.53593,-9.7605,-1.513,-2.5579,-0.046995,-0.25113,-1.1215,0.68441,-0.12025,0.44739,-7.8203,-2.0873,8.3769,0.78954,0.56478,1.3072,0.76522,0.63556,-0.35129
0,8.277,0.071552,3.9857,-0.40443,-0.09475,-0.1598,-0.73024,0.01589,-0.97061,10.237,2.4152,1.8981,-0.90076,0.61481,-0.80394,-0.92257,-0.8079,-0.48641,9.3464,-2.3892,3.0599,-0.11037,-0.33069,-0.39579,-1.4393,1.4407,0.036037,-13.108,-4.1695,-1.4635,-1.2951,0.42145,2.9279,0.34404,-0.6437,0.38178,-10.381,4.6771,-1.4722,-0.86184,-0.16582,1.8341,0.52012,0.60462,0.23149
7,9.0485,-1.1937,2.2148,0.18949,-0.083234,-0.1971,-0.76634,0.1104,-0.66655,4.2955,-1.2655,9.9031,0.19073,0.099539,-0.16715,0.13679,0.13568,-0.9345,4.2377,-1.953,9.1685,-0.093535,0.14619,0.19032,0.13969,0.10761,-0.9406,0.32313,7.8162,1.3793,0.46671,0.21181,-1.08,-0.49924,-0.79538,-0.26677,0.30533,-9.3181,0.82574,0.22029,-0.096076,0.9876,-0.5792,0.79582,-0.007184
5,10.115,-1.0347,1.2023,-0.1319,0.010178,0.033677,-0.60388,-0.22331,0.18049,0.28088,8.2825,5.8973,0.069566,-0.002134,-0.03846,-0.16511,-0.55328,-0.060705,1.2663,-2.8905,9.714,-0.068823,-0.012996,0.033547,-0.44739,-0.11007,-0.59989,0.65092,6.7205,0.52707,-0.27747,-0.27642,1.5,0.19438,-0.59435,-0.31801,-3.5622,-13.049,0.78148,-0.96466,0.17777,1.2188,0.26365,0.38292,0.18759
6,8.228,-1.138,4.5127,0.098959,-0.40557,0.097394,-0.84847,0.52548,-0.088673,0.17291,6.2482,8.2352,0.061404,0.21302,-0.10434,-0.40386,-0.24683,-0.86121,-1.2903,-5.0822,7.9093,-0.33439,0.49794,0.50685,-0.17963,0.79861,-0.5092,0.050305,3.4566,1.9369,0.49352,0.37133,-0.28185,0.4017,-0.67816,0.25013,-9.1502,-8.6548,-1.3119,0.026688,-0.3264,-0.3383,0.6042,0.48221,-0.38424
1,11.331,-1.5957,-3.1403,-0.005412,-0.52503,-0.41678,-0.85295,0.058261,-0.24841,8.1233,2.2278,4.7264,0.52437,-0.49895,-0.2976,0.81134,-0.061836,-0.26003,7.5957,-4.7995,4.0858,0.13471,-0.21376,-1.741,-1.3863,0.98662,-0.60967,-10.912,5.0856,-0.42944,-0.50946,-0.3422,0.61776,0.92784,-0.098349,0.2501,-6.8805,1.425,-0.020815,-1.395,-0.24773,1.2189,0.63116,0.8792,-0.29725
9,9.7868,-3.6337,15.127,-3.5573,-0.38654,-0.27926,-0.71158,0.30507,0.22628,10.198,1.2087,-0.90736,-1.0385,0.37668,-0.73908,-0.78812,0.11524,-0.1337,6.692,-6.458,0.35463,-2.2536,2.7639,-0.38232,-0.33462,0.42216,-0.61494,-9.7947,-0.53504,-1.5239,1.7817,-0.11117,-0.092058,0.73034,0.25963,0.29248,-12.586,2.7406,-0.33286,4.2849,-0.42776,-0.64212,0.78641,-0.23756,-0.14417
3,-7.6232,5.6427,7.3919,-0.32424,-0.21396,0.13983,0.49514,-0.24223,-0.8404,4.0589,9.6972,-3.3715,0.10603,-0.64454,-0.91615,0.86145,-0.51565,0.45474,4.0502,-6.6179,6.7352,0.42995,0.3586,1.2542,-0.11521,0.57291,-0.51728,-13.377,9.599,-0.22611,-1.0548,-0.56251,1.3444,0.7155,-0.46108,-0.46538,-11.721,-2.7681,-1.774,0.52408,-0.097225,0.37948,0.74804,0.37127,0.57499
9,8.7986,-1.7943,2.6006,0.78933,-0.86463,0.12018,-0.97382,-0.30592,-0.097744,1.7057,9.9209,-3.142,1.9813,1.0198,0.63644,0.25427,-0.72667,0.56931,4.1223,0.66814,3.4243,1.2865,-1.6115,-1.4252,0.34269,0.14564,-0.89741,-9.282,0.90161,-1.9004,-0.63305,-0.035106,0.046862,0.95135,-0.10386,-0.30643,-9.3376,-3.2871,1.2343,-0.44768,-0.91336,0.25159,0.85817,0.30842,0.30987
1,12.873,-0.16408,3.4061,0.51709,0.21662,0.36023,-0.89153,0.02151,-0.6639,12.702,2.0291,3.9254,0.63537,-1.7432,2.1802,-0.65474,-0.67898,-0.394,12.98,-4.5464,3.516,0.79592,-0.093905,1.0658,-0.68979,0.76634,2.2664,-7.2936,-5.8943,-0.57866,0.78302,0.7714,-1.3678,0.03882,-0.57423,0.004236,-11.193,-7.4849,-1.9248,-0.089481,-0.21191,-1.1148,0.73647,0.037535,0.13354
1,10.939,-1.4699,0.97646,0.01413,-0.196,-0.22223,-1.1056,0.12659,-0.33,8.6148,3.393,2.2779,0.87663,0.38561,0.60853,-0.59347,-0.28242,-0.84072,9.3835,-2.7064,2.6499,0.75848,-0.26144,-0.073913,-0.098964,1.0397,-0.23819,-9.0194,7.2424,-6.5729,0.55427,0.10193,-1.4251,0.72427,-0.29354,0.34066,-4.7712,-8.8557,-6.8343,-0.41712,0.49034,-0.4393,0.20162,0.77144,0.17646
3,24.675,-5.1369,0.12077,-0.55501,1.0958,-0.31233,-0.91257,0.23374,-0.48849,1.0887,11.272,2.0776,0.82755,0.10247,0.70115,0.95186,-0.13046,0.32509,-0.76728,-9.0289,6.9315,-0.8996,-1.6167,-1.837,0.31433,0.39745,-0.49561,-14.354,1.1967,-3.6817,1.1421,-0.39803,0.40367,0.85268,0.072296,-0.48131,-10.467,-1.5035,-0.90185,-1.1959,-0.050537,1.2015,0.6108,0.77957,0.31857
2,3.9845,-0.18329,-1.5643,0.38881,2.9157,0.41481,-0.64136,0.06519,-0.6504,1.9366,5.0421,4.848,0.009319,-0.56471,0.27952,-0.14004,-0.1778,-0.66304,3.7076,-6.0438,4.7466,-0.50773,-0.25036,-0.61348,0.17893,0.74508,-0.867,-8.2296,11.473,-5.4746,1.3537,-0.86441,-2.4839,0.80685,-0.16736,0.39535,0.38896,-7.644,3.6602,-0.29495,-0.40922,1.3876,0.69323,0.73175,-0.24256
5,8.985,-1.269,4.8997,0.23642,-0.2228,0.020978,-0.65918,-0.051271,0.002806,-0.18596,5.5309,8.1139,0.099935,-0.038056,-0.004336,-0.19756,-0.40723,-0.29801,-0.50146,-3.1084,9.9558,-0.12485,-0.065126,-0.076591,-0.48808,-0.054405,-0.61981,3.5549,1.8631,1.4785,-0.96384,-0.012021,1.4698,0.11811,-0.65645,-0.14965,-2.305,-17.083,-0.55088,-0.23815,0.17637,0.66802,0.43158,0.35863,0.17398
6,9.5964,-0.11642,0.92489,-0.19444,-0.17656,-0.085511,-0.85258,0.31548,0.23507,-1.4385,5.6123,8.7411,0.035037,0.20954,0.097883,-0.38474,-0.14958,-0.80221,-0.053253,-1.2492,9.3323,-0.15135,-0.045651,-0.21233,-0.33684,0.54032,-0.64585,-9.5878,9.2427,-2.5325,0.087952,0.11573,0.76403,0.54964,-0.074809,0.36316,-0.96943,-1.5764,0.56208,0.63894,0.27284,-0.19518,0.45746,0.53172,-0.3947
7,9.0313,0.070581,4.217,-0.040062,-0.32942,0.047485,-0.6183,-0.042928,-0.75749,-6.6956,1.4021,8.759,-0.12774,-0.034201,0.98859,0.72709,0.13754,-0.62643,-5.2395,-1.9231,9.4728,-0.21904,-0.28579,-0.96072,0.60753,-0.26898,-0.69128,-3.5866,8.929,-2.2245,0.00982,0.008788,0.002187,-0.17591,-0.94223,0.046103,-2.3979,-8.0357,-4.0818,-0.031131,-0.007659,-0.000685,-0.29152,0.79959,0.46722
9,11.576,-1.1048,1.372,-0.63461,0.68257,0.47747,-0.83276,-0.030728,0.21277,7.1647,9.8748,-8.1243,3.4778,-0.055466,-2.0631,-0.63206,-0.46739,0.25472,-0.5652,-10.188,6.5825,-0.25819,1.2534,1.9018,-0.29432,0.53082,-0.58313,-12.828,6.9716,-5.7355,-1.8495,-0.8084,-0.58667,0.78522,0.22919,0.084926,-10.457,-10.538,0.56819,0.54465,-0.98366,-0.59912,0.70343,-0.43175,0.036991
0,11.906,1.528,2.5893,0.29731,0.63115,-0.051795,-0.80569,-0.27062,-0.71744,3.9874,7.6015,6.5683,-0.093868,-0.53777,-0.25474,-0.38045,-0.84478,-0.72605,5.3086,-6.531,7.4916,-0.13113,0.42169,-0.93907,-0.34224,0.88129,-1.1751,-12.855,6.7483,0.68776,0.52346,-0.47116,0.58566,0.57102,-0.39855,0.11893,-12.799,-0.58396,7.1563,2.1057,0.56538,1.0958,0.21756,0.75182,0.24106
1,6.8273,0.67422,0.47447,-0.81969,-0.042565,0.12711,-0.76567,0.054639,-0.44076,6.3308,2.0494,-1.9259,-1.5193,-0.70042,-0.54251,-0.22572,-0.33123,-1.4897,5.3122,-2.7003,3.3105,-1.6521,0.30932,0.27207,-1.3557,0.38688,-0.085187,-4.5663,-4.0334,-0.34005,-0.56142,0.21513,1.4118,0.40715,-0.7015,0.27818,-9.0937,-1.9853,-1.8914,-0.20052,-0.23625,1.5031,1.0585,0.52746,-0.019391
1,5.1622,-1.1401,0.88711,0.74994,-0.039759,0.022431,-0.89659,0.14308,-0.51529,5.2334,1.3467,3.4424,1.0496,-0.27986,0.57099,0.051083,-0.087764,-0.75119,5.7872,-2.3742,2.0073,-0.70264,0.69308,0.78649,-0.86177,1.25,0.075182,-9.156,0.056094,-2.7724,1.0887,-0.26599,-2.3635,0.66826,-0.33277,0.44726,-7.9052,1.1325,-0.72608,0.7916,0.47151,-2.6002,0.87044,0.76584,-0.26687
0,9.2772,0.94209,3.1195,0.28669,0.36345,-0.32931,-0.78623,-0.20086,-0.71549,4.4883,5.7761,6.6915,-0.10021,-0.14359,0.66846,-0.41989,-0.82184,-0.67989,6.3501,-5.483,4.5477,0.00851,-0.49274,-0.49247,-0.4063,0.71281,-1.2477,-10.644,-1.8031,-1.7387,0.49261,0.19689,-1.4956,0.29283,-0.69276,-0.11322,-10.528,3.2257,1.4785,0.59195,0.76568,-2.1548,0.54045,0.38412,0.23632
1,8.8608,0.98528,-5.5774,0.63656,1.2066,-0.32348,-0.82423,-0.056232,-0.2277,7.3079,4.8641,3.6001,0.27553,-0.54286,-0.16201,0.8794,-0.14135,-0.10789,9.6239,-0.69467,3.8498,1.1698,-0.37437,-2.0315,-1.6041,0.35857,-0.71908,-9.4411,1.1786,-0.33649,0.17298,-0.39851,1.4448,0.92032,-0.13313,0.16867,-9.1979,-5.5599,-0.68293,-1.2566,-0.19342,1.1581,0.7305,0.88467,-0.17905
3,-5.6456,3.3246,5.0351,0.59409,-0.39187,-0.50026,0.58793,-0.12573,-0.77466,0.97792,8.4409,-2.9063,-0.052969,0.012484,0.97449,0.92118,-0.24766,0.30651,4.4722,-8.4302,3.3381,-0.12318,-0.11184,-1.3351,-0.13214,0.63058,-0.48346,-10.294,2.6531,-3.3175,1.159,0.11786,1.7872,0.858,-0.033538,-0.4861,-9.5103,-9.3749,-0.16787,1.0987,-0.15302,1.7679,0.54637,0.77822,0.5339
8,9.4797,-2.439,-1.1397,-0.27297,-0.13444,-0.17169,-0.60209,0.385,0.36853,8.8539,1.7906,1.152,0.33985,0.26393,-0.82645,-0.60871,0.050359,-0.31209,8.5564,-1.2913,2.8556,0.001908,0.21477,0.70899,-0.76596,0.30197,0.069945,-9.6881,-0.30383,-1.9467,0.22693,-0.029273,-0.044782,0.61111,0.14096,0.60894,-9.8191,-0.051135,-0.20369,-0.042975,-0.005962,0.19967,0.61691,-0.28462,-0.2459
8,14.52,-2.3532,-4.6284,0.97582,-0.28669,1.7943,-0.78189,0.38445,-0.27294,21.139,5.9956,1.0071,0.20446,-1.1423,1.6386,-0.59555,-0.13785,-0.33784,19.97,4.8194,-2.8789,-8.4498,-0.24469,-1.5,-0.79393,0.24523,0.10595,-40.856,7.6629,0.5078,-1.8028,5.5608,2.3224,0.59352,-0.26861,0.6365,-19.576,-3.6764,-0.19897,-0.14077,2.0275,-1.4269,0.59389,0.25623,-0.3493
1,11.767,-3.9014,2.4916,0.41556,0.34537,-0.23038,-0.70458,0.3186,-0.63823,1.3397,9.7673,1.1845,0.40657,0.049956,0.2646,-0.22178,-0.57302,-0.46089,1.5403,-6.4575,8.1373,0.056913,-0.81617,-0.6641,0.21644,0.7042,-0.82816,-10.668,8.9443,1.1345,0.485,-0.84447,0.45378,0.8906,-0.31192,0.18941,-9.9155,-6.1671,-0.36533,0.65911,0.078687,0.47663,0.89342,0.6222,-0.1721
9,5.896,0.65524,-0.75609,0.35927,0.29439,0.72665,-0.80537,-0.26579,0.022375,3.9221,5.3061,-5.8757,0.15382,0.56163,-1.6844,-0.37947,-0.55504,0.48296,3.4544,-3.4869,4.5633,-0.01847,0.24308,-0.44398,-0.75854,-0.38473,-0.43059,-12.419,22.938,6.9246,1.4148,0.92324,1.2163,0.86765,0.17222,-0.096828,-7.5954,-7.234,3.6923,-0.59074,-1.0903,-1.1768,0.67938,-0.29532,0.45988
9,8.6454,-1.0087,4.8133,0.50512,-0.49015,-0.12768,-0.95187,-0.3113,-0.1359,-3.9275,-0.001879,-1.1498,3.8765,-1.0727,5.8897,0.81808,-0.32006,0.32465,1.1233,0.58437,-1.5617,-2.1838,-1.0406,3.7079,0.15061,0.52803,-0.80899,-9.6151,-0.18616,-1.4392,0.19357,0.085938,0.3306,0.97575,0.11701,-0.28057,-8.8654,-2.8664,0.08707,0.076133,0.13422,-0.02747,0.88667,0.17666,0.35533
1,9.3219,-0.94813,1.8738,-0.12551,-0.61166,-0.23869,-1.0961,0.11302,-0.47406,1.0119,8.2557,5.4261,-0.037442,0.39192,-0.86268,-0.14841,-0.58847,-0.81201,1.5137,-6.7552,6.8277,0.092643,0.19541,0.44373,0.14657,1.0322,-0.84381,-8.9286,4.2113,-4.4181,0.51282,0.033029,-1.0797,0.64109,-0.41997,0.3491,-6.8877,-9.4603,0.51922,1.1296,0.79973,-0.28831,0.20833,0.74127,0.20128
2,20.347,-0.31375,4.3765,2.1259,0.37624,0.67058,-0.7488,0.072427,-0.51554,2.948,19.736,-10.739,1.558,3.4857,-0.29476,0.010216,-0.66204,-0.13407,6.9882,-24.41,0.7196,0.8119,-2.2876,2.5494,0.19575,1.0559,-0.37957,-16.608,-10.027,-9.4226,-0.35307,-0.50832,-3.1983,0.58888,-0.5217,0.33958,-24.359,0.67585,3.3133,-0.55763,1.2434,-2.7624,0.95152,0.67478,0.052859
5,9.227,-2.5729,1.451,0.024443,-0.003719,-0.19772,-0.62107,-0.18579,0.17767,0.59408,8.0023,6.6788,0.083912,0.020425,-0.13303,-0.19163,-0.54544,-0.086182,0.25507,-5.3392,8.318,0.16061,-0.092226,-0.099259,-0.37891,0.065884,-0.64057,-4.8818,11.934,-2.3302,-0.2403,0.41965,-1.2945,0.29517,-0.54189,-0.16029,2.1732,-6.3699,2.1057,0.095645,-0.17696,-1.1728,0.090693,0.59648,0.088071
9,11.012,0.9457,3.5386,-0.87984,-0.47391,0.37257,-0.69136,-0.33231,-0.40318,9.2276,-0.57812,4.3653,-1.0013,0.24746,-1.8858,-0.017009,-0.75728,-0.35481,8.522,-5.4282,7.2578,1.2617,-0.85572,0.16233,-0.38893,0.14622,-0.72541,-7.7262,-1.992,4.2407,2.6328,-1.381,0.44331,0.75952,-0.26869,-0.25352,-12.189,-4.0786,-1.4015,-1.132,-0.15274,0.16107,0.53526,0.034957,0.66494
5,7.0537,0.37916,6.9319,-0.13704,-0.007226,0.12056,-0.65022,-0.21161,-0.10637,5.1978,7.7094,-3.7559,-0.088341,-0.12114,0.22106,-0.7847,-0.29679,-0.11241,6.4679,-7.3534,1.4007,-0.11027,0.14153,0.18068,-0.97755,0.26695,-0.60386,-0.28819,7.3678,-0.58101,-0.31178,-0.44183,1.999,0.20979,-0.55878,-0.36445,-4.3695,-13.143,-5.8965,-0.30532,-0.97928,1.4191,0.33308,0.32254,0.2649
9,11.39,-2.7524,-5.1722,-2.1268,0.31827,-1.5045,-0.76669,-0.31324,0.22296,2.5269,29.361,-5.7355,-2.8922,-3.4958,-6.0042,-0.082137,-0.6647,0.48557,-7.45,-16.289,7.7873,7.7379,3.0166,2.6459,-0.16993,0.38499,-0.72745,-8.5492,6.4327,-0.45963,2.6951,-1.942,-0.80259,0.79614,-0.045263,0.012263,-5.6787,-0.96428,-2.2832,1.3794,0.36857,-1.0248,0.7697,-0.094534,0.30806
3,8.5996,-1.5162,-2.0408,0.32333,0.019214,0.17372,-0.95823,0.1107,-0.38818,2.9423,8.0533,4.0601,-0.40057,-0.043821,1.1165,0.58037,-0.32928,0.11615,1.4724,-6.4797,6.7663,-0.065207,-0.92058,0.012087,0.43471,0.54349,-0.50338,-5.4581,5.2826,-2.2052,0.020524,-0.032551,-1.0151,0.45987,-0.74208,0.14607,-8.616,-2.529,-0.51975,0.15499,-0.19459,-0.22237,0.82192,0.49632,0.05849
5,9.6222,-0.98088,1.7505,-0.024467,-0.0473,-0.19574,-0.59995,-0.23083,0.17987,0.40093,7.8567,6.2118,0.21877,0.011286,-0.089594,-0.17656,-0.54545,-0.08028,1.38,-2.1288,9.4966,0.10858,-0.10054,-0.093505,-0.46025,-0.14246,-0.57661,-3.8203,10.009,-0.78963,-0.31011,-0.096655,0.9107,0.32985,-0.49739,-0.22697,1.0398,-7.2584,0.93309,-0.6731,0.13777,1.4253,0.11651,0.56098,0.15203
8,-3.3095,2.6209,1.6021,0.69187,0.54363,0.17379,-0.65195,0.36776,0.31889,-1.0465,0.13222,2.4071,-0.18396,1.5244,-1.1027,-0.60626,0.13703,-0.32779,-1.5651,-0.42201,1.0167,0.76763,1.0063,0.058956,-0.75675,0.26378,0.16568,-1.2632,0.089917,1.1854,-0.83469,0.067821,0.21611,0.65591,0.20236,0.49141,-2.1699,1.3862,-0.34216,-0.35541,0.08227,-0.035837,0.61389,-0.28801,-0.25504
9,12.949,2.3677,0.69155,-2.212,0.30074,-0.56815,-0.68221,0.39404,-0.38636,16.912,2.8551,18.358,7.9593,1.0306,-1.047,-0.15354,0.057547,-0.81255,-2.9248,-7.3094,3.0156,-1.6735,0.46318,-6.3172,0.54269,0.64921,-0.182,-15.143,-12.699,-8.0063,4.1119,-2.2687,3.2898,0.52053,-0.55324,0.6867,-20.666,-23.678,6.9769,3.7027,0.69299,2.8524,0.68322,0.43948,-0.31125
0,8.7957,0.38321,2.6802,-0.13869,-0.036376,0.066356,-0.83863,0.1184,-0.56632,7.276,-0.19823,3.0439,-0.29649,0.29308,-0.2938,-0.074718,0.054463,-0.59994,9.1925,-1.4745,3.3905,0.36681,-0.44827,-0.1763,-1.1402,1.0561,0.030838,-7.8575,-5.6223,2.396,1.0666,0.33839,-1.2753,0.5018,-0.59608,0.37372,-9.8981,-0.020617,-1.2849,0.47848,-0.053075,1.0317,0.96953,0.3171,-0.062718
6,8.7807,1.1973,3.7932,0.004587,-0.27123,0.103,-0.9071,0.30151,-0.13126,3.1033,7.3351,5.7267,-0.072286,-0.075036,0.064999,-0.83483,-0.40885,-0.51286,1.3939,-3.9623,9.1184,0.031865,0.10668,-0.063545,-0.67713,0.63209,-0.59433,0.51238,1.3172,1.6254,0.19328,0.29392,-0.40922,0.62943,-0.55277,0.056056,-6.9662,-6.7053,-5.1576,0.10561,0.12539,-0.31737,0.7345,0.39128,-0.10162
3,7.5797,0.55729,-1.7796,0.34856,-0.32227,-0.029207,-0.92091,0.00584,-0.46082,1.0089,7.7767,5.4584,0.63513,-1.3234,0.62433,0.71424,-0.23013,0.038049,1.049,-6.1806,7.2451,0.068453,-0.42134,-1.2639,0.45796,0.48405,-0.55699,-8.0024,1.0005,0.24028,0.7858,-0.086177,0.5955,0.70453,-0.38651,0.12998,-6.7497,-5.0915,-1.402,0.032819,-0.31164,1.1938,0.63719,0.66548,0.10023
0,5.9395,-0.59129,3.708,-0.4513,-0.34193,-0.18689,-0.59647,0.11589,-0.67203,2.4011,7.4096,4.8189,0.058514,0.16189,-0.037307,-0.079029,-0.25562,-0.63914,2.5135,-4.8772,6.7237,0.10187,0.02882,0.048026,0.26544,0.73186,-0.87687,-7.8759,0.56174,-3.0552,0.4307,-0.27097,-1.1144,0.67707,-0.44631,0.38963,-6.6935,3.1859,-2.2909,0.44739,0.20835,-0.96206,0.74189,0.71372,-0.21921
7,9.2418,0.28971,0.7815,0.051582,0.19479,0.075245,-0.81939,-0.068826,-0.51623,-3.0657,3.931,7.5928,-0.32486,0.38738,-0.29741,0.60536,-0.1765,-0.71337,-4.8361,-4.086,12.099,0.33877,1.1401,-0.013172,0.54008,-0.097121,-0.7718,1.6117,8.9363,-1.2639,-0.037606,0.028329,0.44812,-0.65518,-0.70774,-0.017248,2.1263,-8.1173,-3.8861,0.32944,0.011374,-0.21241,-0.69812,0.60085,0.29987
6,6.9965,-4.8993,1.9366,-0.030055,0.74001,-0.19719,-0.95111,0.57453,0.19557,0.99437,7.5655,4.2805,-0.25053,-0.083295,0.10907,-0.67838,-0.49634,-0.67722,0.18583,-0.93449,9.1072,0.46354,-0.51684,0.12302,-0.49735,0.57144,-0.67897,-4.1841,4.7812,0.50012,0.70328,-0.021542,-1.9175,0.46952,-0.55744,0.29082,-8.4011,-5.9489,-1.1798,-0.60304,0.20015,-0.9439,0.60107,0.38895,-0.39429
4,8.091,-0.43982,1.2767,0.35829,-0.92746,-0.97385,-0.81415,-0.2187,-0.5599,-15.145,3.9979,-4.9211,-0.58358,1.4542,1.9549,-0.27948,-0.60933,0.20941,4.3503,-8.4538,12.061,-1.6417,-0.4343,-2.7562,0.045241,0.5823,-0.89562,-8.7642,8.4062,0.75681,1.9207,-0.097135,-0.11513,0.68665,-0.13779,-0.14687,-6.9065,0.83025,2.0547,1.2846,-0.40481,0.77785,0.41935,0.39586,-0.010662
0,9.0205,-0.14259,4.5076,0.25243,0.042121,0.18747,-0.80198,0.039965,-0.92052,7.8995,1.95,2.0119,0.36216,-0.11768,0.38643,-0.60123,-0.72529,-0.79809,9.3316,-3.6828,3.6217,0.64672,0.052523,0.30519,-1.4087,1.6252,0.61719,-11.343,8.2305,0.080362,-2.3294,-0.60013,0.15386,0.15951,-0.82066,0.10507,-9.7269,1.3335,-2.425,-0.55937,-0.17995,0.53052,0.77713,0.21455,0.30355
7,8.8148,-0.11019,2.2425,-0.15923,0.79315,0.013896,-0.75915,0.065811,-0.67332,4.4835,-3.3394,9.5958,0.72068,0.33431,-0.11896,0.087111,0.19802,-0.92786,3.3859,-0.82359,11.204,0.084568,0.37161,0.1599,0.13784,0.003754,-0.94278,0.65883,9.4814,1.6918,0.15283,0.11806,-0.82271,-0.53965,-0.76705,-0.2729,1.7061,-9.0086,0.17782,0.006525,-0.10657,0.79294,-0.62369,0.75709,0.00515
0,8.6474,-0.40442,4.5041,0.37987,-0.1929,0.22917,-0.80524,0.039165,-0.91524,6.6903,2.3618,1.8218,0.36548,0.28024,-0.24434,-0.46337,-0.76134,-0.84669,8.6915,-3.5751,3.7894,0.8101,-0.20447,0.15629,-1.9233,1.601,0.72608,-10.441,10.682,-4.7985,3.2603,1.373,-0.91273,0.1387,-0.80141,0.15996,-9.7308,0.95069,-2.1275,-0.78739,-0.23966,0.74664,0.77035,0.24001,0.30999
6,10.007,0.034864,-1.3772,0.076806,-0.033134,0.15238,-0.97319,0.40173,0.4187,-2.3669,6.1861,7.3298,0.053678,0.007882,0.15865,-0.41949,-0.39537,-0.86249,-0.33386,-1.1493,9.7466,-0.031939,0.043514,0.033438,-0.49914,0.45254,-0.79939,-7.1669,9.5174,-2.2197,-0.47522,0.5322,1.3155,0.46114,-0.47677,0.32707,-4.465,-8.5814,-2.7448,-0.58891,-0.80145,1.6185,0.44538,0.73186,-0.21557
1,15.025,0.56652,0.7695,-0.4295,-0.70643,0.23069,-1.0674,0.10958,-0.40882,-0.065824,9.8806,6.8772,-0.14814,-0.56602,0.89885,-0.08004,-0.57112,-0.83927,0.64707,-7.842,8.3513,-0.19226,-0.19788,-0.41977,0.23454,1.0081,-0.81357,-13.179,2.0647,-0.53291,-0.67819,-0.057406,-1.3666,0.02889,-0.83828,0.19425,-12.104,-9.4052,-3.8134,0.13486,-0.06278,-1.353,0.90298,0.40183,0.038104
2,3.0672,-3.2967,1.1073,-2.7914,-1.6387,0.52982,-1.0964,0.21474,-0.51605,9.2552,3.8894,1.313,0.42492,-2.6409,-1.2046,0.7595,-0.61431,-0.51289,-9.8828,-6.2139,6.8143,-2.2924,0.94581,-1.6087,-0.17999,1.2472,-0.22184,0.46228,-14.834,7.4273,-5.168,-1.3258,-1.509,0.093614,-0.72425,0.30108,-4.3794,-12.397,-6.5113,-1.9369,-0.66916,1.9992,0.96919,0.22084,-0.094019
3,8.6453,0.51363,0.99503,-0.63287,0.96156,0.031227,-0.79688,-0.088847,-0.51782,5.784,7.3388,1.7291,0.51306,0.30476,-1.4384,0.51506,-0.84194,-0.18695,6.9521,-4.8674,5.0817,-0.3218,0.9079,1.0913,-0.17715,0.40085,-0.6168,-7.9451,6.0207,-1.4688,-1.0265,-0.15443,0.93503,0.65346,-0.67792,-0.24302,-9.8754,0.59017,-0.71904,-1.055,0.048824,0.45325,0.69791,0.033334,0.67007
5,9.3602,-1.1883,3.6,0.081599,0.10053,-0.068887,-0.61457,-0.11282,0.11473,6.4167,5.011,5.9006,0.053288,0.031985,-0.094457,-0.89313,0.054709,-0.22971,5.4349,-5.968,5.8606,0.000985,-0.056682,0.029333,-0.79558,0.1462,-0.66642,-3.7333,5.3303,-1.7045,0.91761,0.61989,-2.8076,0.45107,-0.48893,-0.13948,-0.95404,-10.761,-1.7698,0.28759,-0.23784,-2.1969,0.25509,0.51101,0.20367
2,12.358,-2.9484,0.71105,-0.74269,-7.5114,-0.31253,-0.66469,0.13611,-0.6212,0.75565,12.179,6.929,0.28305,1.0735,-1.3103,-0.069952,-0.1556,-0.67889,1.2981,-4.4486,7.0927,0.34485,1.1147,0.41597,0.40894,0.73985,-0.76669,-24.555,0.54799,-3.4202,1.0957,0.20894,3.388,0.71976,-0.47724,0.40484,-10.745,34.837,-13.314,-2.1753,-1.3547,-0.26441,0.65919,0.77621,-0.1436
7,8.2425,-0.68364,5.3196,-0.003381,-0.062784,0.01156,-0.38647,-0.007256,-0.87631,-5.2983,1.1683,8.1865,-0.093622,-0.055562,-0.17011,0.80808,0.026798,-0.51067,-4.3354,0.037319,9.0671,0.14957,0.22374,0.068412,0.68161,-0.30516,-0.58271,2.5536,9.3232,-0.10411,0.068313,-0.038627,0.2328,-0.67446,-0.64824,-0.2014,3.3226,-8.859,0.24356,-0.005085,-0.007678,-0.26525,-0.76622,0.58213,0.026222
5,8.3173,2.3419,5.0914,0.32491,-0.060174,0.17691,-0.63828,-0.17086,0.12228,4.1509,7.2797,5.6448,-0.12531,-0.13475,0.17498,-0.81892,-0.45835,-0.27026,2.9349,3.2145,9.5483,0.36806,0.085997,0.007079,-0.63147,-0.232,-0.36526,5.2871,3.2639,2.4706,0.68506,0.21874,-0.24229,0.24149,-0.55129,-0.37147,-4.3613,-11.975,-0.40166,-0.54815,0.15216,-0.42975,0.38766,0.26681,0.11789
9,9.0509,-1.3862,6.0929,0.36026,-0.27243,0.13422,-0.57623,-0.14535,-0.7674,-2.5552,11.273,1.5819,-0.056733,0.36641,-0.011468,0.43506,-0.8636,0.23371,2.6916,-7.103,6.47,0.1161,-0.28221,-1.2305,0.42931,0.55653,-0.63733,-11.104,1.6077,-3.8605,0.32468,-0.73099,-1.176,0.92884,-0.25142,-0.078464,-7.5678,-8.3459,-0.29862,-0.52607,2.3357,-0.13312,0.41499,0.90771,0.25744
0,10.191,-1.0567,2.4861,-0.05632,-0.24014,0.29278,-0.8659,0.18431,-0.51187,10.255,1.1287,3.3496,0.15755,0.44244,0.20339,-0.13475,0.1695,-0.54371,10.025,-1.1264,4.1152,0.44411,-0.40594,0.023718,-1.1917,0.95063,0.19513,-23.883,23.791,-4.8992,-1.1931,0.69114,1.7789,0.54175,-0.53584,0.38877,-9.7088,-4.823,0.7269,-0.16275,-0.14103,0.89168,1.0162,0.21217,-0.095301
9,8.3223,0.055276,-1.2481,0.15513,-0.44555,0.21612,-0.7529,0.46618,-0.40989,3.8317,5.3697,3.7586,-0.35399,-0.35818,0.66952,-0.056283,-0.5822,-0.76469,-2.4156,-7.6146,-7.406,2.4034,-3.4256,-2.0119,0.40275,0.63497,-0.555,-8.5241,-0.4865,-1.8838,0.23385,0.068985,-0.050425,0.60032,-0.34663,0.70928,-7.3226,-2.1994,-0.41658,-0.339,0.3377,-0.61371,0.56916,0.76069,-0.24088
9,11.191,-1.1563,-0.45043,-1.7702,0.14988,0.23855,-0.80706,0.51305,-0.38486,7.3981,4.4999,0.12146,-0.74161,-0.40322,-0.15764,-0.3249,-0.83207,-0.42232,3.0899,4.4932,6.2559,-0.70925,-7.7799,-2.3752,-0.040649,0.46308,-0.93867,-9.7669,0.24394,-1.8199,0.34397,0.57695,0.56647,0.74492,0.033893,0.78365,-10.323,-2.481,-3.8492,-0.43923,-0.064105,0.47331,0.84341,0.51153,-0.33197
1,6.3923,0.36796,2.3931,-0.24407,0.10959,-0.35485,-0.64893,0.10755,-0.60354,0.60523,7.264,4.8093,-0.034674,-0.14666,0.6199,0.043026,-0.20764,-0.61341,0.66641,-6.1416,6.8567,0.049797,-0.37499,-0.40119,0.38375,0.82329,-0.69015,-8.5098,0.35102,-2.8296,1.0325,-0.56174,-1.9536,0.60652,-0.54621,0.43731,-9.6158,-0.72054,-2.3305,1.345,0.41368,-2.811,0.85777,0.70571,-0.17475
7,9.6377,-0.55317,0.18636,0.093246,-0.49101,-0.14626,-0.77418,0.099309,-0.62332,2.8375,-0.4459,9.424,0.35335,-1.2677,0.37359,0.37832,0.22557,-0.84119,1.3406,-1.9873,9.2179,-0.35683,-1.1368,-0.69485,0.44166,-0.098705,-0.83019,2.019,9.3022,1.1263,-0.075418,0.083075,0.038018,-0.7024,-0.62052,-0.2543,2.6345,-9.2573,-0.25697,0.009321,0.12945,-0.011825,-0.76183,0.60774,0.023388
2,6.0249,-4.7352,-3.6734,3.4822,-0.53669,0.68308,-0.87779,0.34018,-0.37549,5.9145,8.1764,5.2433,0.13556,-0.007383,3.6191,-0.0098,-0.56872,-0.56993,0.33452,-19.157,-1.7763,1.6054,-1.0064,3.1919,-0.45294,1.3352,-0.010999,-33.748,-10.019,-0.53483,-1.6562,1.1031,-1.1695,0.65158,-0.65581,0.30783,-12.974,0.70379,-7.812,0.30585,0.74456,-1.5445,1.1615,0.44888,-0.1361
2,-2.1861,-1.6543,-0.041121,-0.10609,0.73801,0.28368,-0.87156,0.14131,-0.52805,3.4294,-5.7906,0.099618,-0.7153,-0.47839,0.7006,0.31215,-0.71168,-0.45044,-7.4935,1.6387,0.61153,0.27035,-0.63759,0.89017,-0.16614,1.1712,-0.15192,-2.1791,15.066,-1.243,0.20195,0.33479,-1.3418,0.60337,-0.42622,0.47622,0.51305,-24.211,-0.45665,2.0331,-0.3551,-0.16147,1.0055,0.11161,-0.0682
7,6.6458,0.28441,-7.0193,-0.2138,-0.91832,-0.35185,-1.0164,0.004772,-0.027197,-0.36494,4.1754,8.2985,0.6185,-1.0495,1.2266,0.62492,-0.057765,-0.64537,1.5756,0.25222,7.5453,-2.1758,-1.5539,-1.6876,0.46187,-0.40172,-0.64755,3.4992,9.8909,-2.2165,0.24661,-0.085377,-0.048152,-0.81349,-0.47982,-0.12878,4.1451,-8.3257,-1.1554,-0.38638,-0.25424,-0.18943,-0.83138,0.35892,0.17322
2,1.2745,-0.077461,-1.2783,3.1237,0.65421,0.055152,-0.86033,0.050027,-0.47575,-8.522,9.5589,0.84787,0.71063,1.6965,1.6256,0.12584,-0.72013,-0.24355,-0.57954,-7.2592,8.4995,0.88057,-0.09377,-2.0012,0.50223,0.90193,-0.44388,-12.287,7.2425,-2.112,-1.3042,-1.1356,-3.7409,0.79202,-0.009814,0.45418,-2.4158,9.5938,-4.0787,0.47156,0.49153,-1.0375,1.0649,0.64663,-0.44117
7,7.2589,-2.0407,5.7514,-0.47685,-2.055,-0.2798,-0.61663,0.19991,-0.88364,-1.2236,7.7699,6.5405,-0.55211,-0.079007,1.7441,0.53017,-0.15839,-0.78583,-0.99593,-1.0404,10.208,-0.42883,-1.7214,-1.6524,0.49122,-0.42054,-0.70508,0.74835,9.514,1.8273,0.95506,0.043487,0.75673,-0.49095,-0.79081,-0.23904,1.3703,-8.6781,-0.74288,-0.853,0.20328,-0.75359,-0.53583,0.79899,0.12799
1,6.787,-0.12315,2.8811,0.42904,-0.17084,-0.36915,-0.70219,0.037025,-0.55408,5.9311,4.5685,0.19579,0.75947,-0.23072,-0.86946,-0.39916,-0.60462,-0.79684,7.7463,-2.5695,1.1668,0.39456,0.62481,2.1341,-0.74473,1.1826,-0.68876,-9.5155,1.6992,-1.8307,0.29877,0.24569,-0.94247,0.76212,-0.3475,0.33759,-5.4158,4.7384,-0.75459,-0.18184,0.1733,-0.53993,0.72012,0.98635,-0.19395
3,-5.8901,9.8735,7.4843,-0.75979,0.13223,0.28948,0.46888,-0.23153,-0.84181,5.4658,7.9347,-3.9731,0.1609,-0.22842,-0.75938,0.87066,-0.45433,0.52495,5.4051,-8.6157,4.5516,0.044775,-0.026645,0.30293,-0.12551,0.57807,-0.50604,-18.21,1.8869,-0.93728,-0.37997,0.34683,-0.57064,0.86628,0.085359,-0.42977,-4.6004,9.3465,-2.3218,1.1057,-0.024545,-0.54772,0.47295,1.0408,0.3231
3,8.0697,-1.0416,1.6421,-0.08656,-0.26507,-0.018805,-0.68569,0.003243,-0.66187,2.7332,5.6758,7.8972,0.12548,-1.1121,1.6743,0.061489,-0.44335,-0.70659,4.9781,-5.7612,6.9025,-0.026878,-1.0507,-0.74482,-0.12366,0.45075,-0.68821,-9.8676,5.0485,-1.4964,-0.2432,0.26448,-2.0102,0.82209,-0.34767,-0.34833,-10.27,-1.6297,0.30348,0.33229,-0.28276,-2.189,0.79233,0.40584,0.32071
6,9.4911,0.10361,1.7309,0.19705,-0.064568,-0.028847,-0.86065,0.298,0.21564,-0.62437,5.1805,8.8046,0.036451,0.14963,0.10549,-0.40571,-0.12721,-0.80628,-0.32844,-0.069414,9.9209,-0.055639,-0.13856,-0.030455,-0.37433,0.48521,-0.68868,-8.6501,6.4936,-4.1316,-0.42144,0.39668,0.72459,0.55595,-0.076852,0.37115,-1.2683,-2.1173,2.0108,0.048755,-0.14215,0.21881,0.47164,0.51762,-0.38911
6,9.7444,-0.73518,0.81799,0.29267,0.070982,-0.32751,-0.76017,0.31922,0.28809,1.7185,3.7193,8.9114,0.37887,0.32918,0.00264,-0.48617,-0.07884,-0.63124,1.4114,-2.2332,9.552,0.14784,-0.33478,-0.042664,-0.41705,0.57401,-0.52762,-8.7664,8.1649,-3.8545,0.16657,-0.2745,-1.187,0.57772,-0.13005,0.31446,-3.3557,-4.005,-3.0604,0.53131,0.73817,-1.3748,0.49737,0.65289,0.024208
9,5.0501,0.93263,2.1601,-0.31799,0.019163,0.15091,-0.7701,0.53026,-0.070675,0.56651,3.6205,-4.1061,-1.7643,0.29812,-1.6454,0.24668,-0.34669,-0.78746,2.2936,-7.5204,2.5059,0.67055,-0.28479,-0.13926,-0.87722,0.14414,0.25783,-2.4988,-10.199,0.070723,1.4097,0.051544,-1.2827,0.71834,0.002119,0.61874,-5.6186,-5.8329,-2.7249,-0.61122,-0.44023,0.96007,0.81317,-0.044385,-0.45335
8,33.148,-2.8721,13.18,-0.38399,-0.36073,0.19001,-0.4505,-0.03109,-0.64911,38.562,-0.079441,5.4358,-0.81188,-0.71611,-0.1652,-0.51837,-0.36712,-0.3785,35.619,-4.8934,-0.25272,-1.9709,0.45147,-1.3852,-0.50089,0.25991,-0.44994,-33.348,-12.013,6.2102,-0.070183,-0.36753,-0.83758,0.61402,-0.36429,-0.004012,-30.453,11.263,0.71608,-0.49704,-0.19727,0.67694,0.60759,0.28586,0.30928
9,8.624,0.97465,2.4352,-0.15359,-0.26681,0.13928,-0.92349,-0.31545,-0.040337,5.7173,6.6358,0.38515,-0.57764,-1.1382,-0.79363,-0.72999,-0.54333,0.015548,7.9284,-2.3407,3.6257,0.19638,-0.44979,-0.27776,-0.79853,0.045211,-0.57204,-8.4743,4.5342,1.1283,-0.57663,-0.19831,0.38488,0.92677,-0.28989,-0.23922,-9.518,-0.45017,-1.1401,-0.051905,-0.12645,0.28087,0.87076,-0.17121,0.30501
6,9.4214,-0.66521,1.3536,-0.28641,-0.01931,0.23463,-0.85227,0.35779,0.15301,0.54996,4.7701,9.2633,0.047194,0.00284,0.16511,-0.48591,-0.032906,-0.75762,-3.1816,-4.5515,9.331,3.0908,-0.18122,0.39138,-0.20108,0.77167,-0.53144,-3.2894,0.95725,-0.79853,-0.88763,0.16586,1.0653,0.35545,-0.46218,0.46864,-7.9137,-13.497,-1.7434,-0.21173,0.1285,0.021225,0.60407,0.19598,-0.41568
5,8.0269,1.6226,5.2533,0.026166,0.017528,0.020562,-0.55493,-0.26203,0.01821,6.8984,4.1654,5.5619,0.035784,-0.070516,-0.13443,-0.89414,0.091251,-0.21294,6.2888,-5.5216,5.0903,0.032203,0.16686,-0.027255,-0.88161,0.090838,-0.57691,0.11327,5.6272,0.63514,1.0157,0.6877,-1.579,0.39919,-0.52599,-0.19789,-0.81696,-10.585,-0.14083,0.56638,-0.11709,-1.1563,0.32445,0.44281,0.21373
9,10.857,1.2998,2.5115,-0.32827,0.85162,0.084144,-0.75163,-0.49336,-0.1744,13.429,2.6876,1.8206,-2.5363,1.6388,-1.2507,-0.84579,-0.14735,0.28783,1.4243,-9.5679,-2.4079,1.521,-0.007822,3.8433,0.45923,0.69933,-0.37211,-11.909,2.4238,-3.1637,-0.43307,-0.070592,1.9167,0.80183,0.1407,-0.46982,-13.051,7.5246,2.989,0.050005,0.35213,0.94399,0.71032,0.007341,0.62734
7,9.0502,0.11097,6.306,-0.46426,0.49112,-0.15521,-0.45734,-0.14282,-0.83198,-0.038727,8.6056,-0.91222,0.52536,-0.059462,-0.37665,0.51156,-0.79581,0.03422,-2.3903,-4.3704,10.191,-1.536,0.73899,-0.64078,0.41099,0.10736,-0.857,0.77453,7.3675,3.7701,-0.065543,0.20256,-0.90528,-0.61371,-0.62017,-0.40953,-0.20277,-7.999,1.5315,-0.45009,-0.14549,0.89242,-0.48271,0.84459,-0.027144
6,9.5761,1.5771,0.58261,-0.23775,-0.082157,0.058842,-0.79213,0.21468,0.28577,-0.62298,4.3788,8.7421,0.023147,-0.040188,-0.22031,-0.34485,-0.19118,-0.69389,3.0135,-0.77896,9.267,-0.045525,0.05621,-0.00967,-0.54494,0.45937,-0.52727,-7.6962,7.52,-3.2912,0.18095,0.04651,1.204,0.61778,-0.14209,0.27409,-4.0516,-6.1658,-3.0883,-0.95714,-0.56614,1.1741,0.53178,0.61138,0.032558
6,9.4727,-2.9525,-2.0598,-0.17724,-0.073265,0.23923,-0.89412,0.51044,0.43281,-0.72153,6.3032,7.9478,-0.00114,0.087391,0.093486,-0.5096,-0.28608,-0.85816,-0.74575,-1.896,10.036,0.002618,0.12526,0.11649,-0.41174,0.52746,-0.78626,-0.17321,6.0464,-0.3705,-0.072055,-0.069917,-0.028377,0.24409,-0.70507,0.36218,-5.9572,-7.8619,-2.7799,0.15412,0.16617,-0.23563,0.60639,0.52988,-0.34092
9,8.5859,-1.7172,-2.0184,-3.9502,-1.6472,0.45103,-0.88684,0.14166,0.45517,4.2612,5.6601,1.6053,-1.2493,0.68465,0.48479,-0.8996,0.16773,0.041392,9.053,-6.5779,2.2653,-4.5356,1.3756,2.7957,-0.79328,-0.28762,-0.34976,-9.7657,10.367,0.52534,0.30421,0.092325,-0.48647,0.6859,0.58615,-0.073402,-10.674,-5.7724,-6.1571,1.5214,0.64456,0.16591,0.84481,-0.27332,0.21193
6,8.5418,1.5135,4.198,-0.46875,0.41683,0.37602,-0.93049,0.23339,-0.094884,1.359,8.3803,4.6316,-0.23752,-0.28126,0.15158,-0.71241,-0.54615,-0.53179,1.26,-4.3648,8.6397,-0.065091,0.27088,0.14511,-0.66127,0.65633,-0.57196,-7.9357,6.0299,-0.5591,-0.47369,-0.51417,2.052,0.67046,-0.3921,0.14388,-10.204,-9.6046,-6.0952,-1.0961,-0.71885,1.9723,0.67432,0.48737,-0.055981
8,-4.625,-0.62547,-0.5809,-0.010995,0.091117,0.39567,-0.72393,-0.32848,-0.33693,-3.6391,0.89895,3.5869,-0.84765,-0.31697,0.24292,-0.41225,-0.54363,0.4412,-3.6811,0.37631,1.0097,0.74314,-0.49405,0.006136,-0.4565,0.01169,-0.64285,2.763,0.8222,-3.8809,0.54536,-0.14158,-0.14173,0.46346,-0.23069,-0.54274,-0.37993,4.4916,-0.63657,-0.64285,0.19054,-0.10604,0.48088,0.15609,0.60674
0,8.9404,-0.40481,0.68834,1.0665,-0.51089,0.3849,-0.63383,0.10191,-0.6253,7.0242,4.2347,0.99697,0.74368,0.23787,1.6949,0.048397,-0.049393,-0.95974,8.0484,-3.9567,4.4512,1.2144,0.64943,1.4866,-1.3045,0.83228,0.20009,-8.9098,3.807,-5.0686,0.91373,0.2129,-1.8537,0.46593,-0.64406,0.28662,-11.612,2.0307,-3.3327,0.1256,0.13242,-2.6974,1.0894,0.58358,-0.091979
9,7.8359,-3.8347,-1.0939,1.4333,0.12173,-0.18162,-0.74228,0.17592,-0.60791,4.7483,8.1424,-2.0162,0.65212,0.30351,-0.70215,0.23317,-0.91886,0.24106,1.8626,-9.4941,0.094268,0.17222,-0.20168,0.52866,0.28005,0.85308,-0.3751,-9.4819,0.92469,-0.56275,0.1712,-0.5506,-0.1254,0.73829,-0.58035,-0.18673,-9.4944,1.3092,2.3303,-1.4159,0.46761,0.002591,0.90224,0.49485,0.10078
8,33.016,-13.878,6.2443,-2.4199,0.30328,-0.050173,-0.60016,0.31324,0.41325,32.049,-1.545,-4.7483,0.61975,1.0001,0.52481,-0.6329,0.25279,-0.10273,40.335,-3.6662,-0.55682,2.2652,-1.6371,-0.8908,-0.75906,0.28732,0.2452,-20.952,8.8123,-5.0034,-0.70257,0.16201,-0.44291,0.52113,-0.061068,0.76561,-20.912,2.6491,-5.7316,-1.3634,0.47126,0.6894,0.64099,-0.10948,-0.31829
7,9.7719,-0.68085,1.6661,0.41511,0.93262,-0.013942,-0.92818,0.016045,-0.50087,-0.96761,6.3765,9.0545,0.37492,-0.008833,-1.1005,0.54497,-0.38481,-0.62034,1.1025,-1.6109,9.6391,-0.22885,0.4109,0.96696,0.44007,-0.061458,-0.74753,-0.37919,11.814,1.5053,-0.64141,-0.29303,-0.64442,-0.43388,-0.81003,-0.058034,1.3766,-11.627,-0.99108,-0.18858,-0.1391,0.85551,-0.46705,0.76545,0.25269
7,9.6855,-1.9254,-1.8864,0.070657,-0.87969,-0.53306,-1.1063,0.29193,-0.1081,2.5201,6.1473,6.734,0.051157,0.031815,0.086021,0.3092,-0.54077,-0.69757,4.5382,0.28284,8.4213,0.045819,-0.042335,-0.14529,0.096373,-0.16105,-0.91253,1.2368,9.0444,2.2676,-0.17222,0.053206,0.23068,-0.65005,-0.66405,-0.25503,1.4797,-9.3683,-1.2303,0.020261,0.1626,-0.23,-0.66831,0.69337,0.09671
6,10.569,-1.5617,2.671,0.05463,-0.051992,-0.228,-0.77956,0.22899,0.30717,0.3392,4.2952,9.0984,0.051107,0.018511,-0.072484,-0.38673,-0.1069,-0.67158,-0.10851,-1.3511,9.6363,-0.01719,-0.14791,-0.18147,-0.40591,0.46593,-0.63034,-6.0844,5.5837,0.11627,0.66938,-0.50749,-2.0802,0.54648,-0.27722,0.36396,-9.4429,-5.3195,0.20128,0.14874,0.36365,-1.3687,0.66302,0.14133,-0.24228
9,9.6811,-2.2967,0.26437,-0.18969,0.36488,-0.56155,-0.78682,-0.03722,-0.15284,7.8051,6.195,1.7076,-0.68636,-0.91651,1.6464,-0.80235,-0.062436,0.014256,10.659,-10.553,0.36172,-3.2847,-0.090858,1.4324,-0.57854,0.66871,-0.23624,-11.399,0.89585,-1.6608,0.069332,0.16049,-1.5806,0.82477,-0.13932,-0.018307,-6.4237,3.8823,-0.79853,0.055531,-0.25048,0.5418,0.73467,0.35044,0.11151
8,27.516,-7.0078,4.3367,0.45737,-0.18021,0.063293,-0.72645,-0.34106,-0.25853,30.827,7.095,-5.8898,-2.0627,0.38779,0.36712,-0.35372,-0.6,0.35057,30.233,-6.6615,3.453,1.3418,0.70433,0.12058,-0.37988,-0.067337,-0.6519,-21.156,-14.329,0.57702,-1.0296,-0.16743,0.20708,0.53252,-0.29779,-0.3975,-27.835,-6.2268,1.4929,-0.25585,1.174,-0.09572,0.35981,0.20164,0.66156
9,10.645,-1.5513,2.358,-0.12147,-0.33592,0.036159,-0.73457,-0.035934,-0.54646,11.128,0.63966,7.0271,-1.2397,-2.647,3.0048,-0.69281,-0.43461,-0.39411,3.6055,-9.3212,8.43,5.8988,-1.8882,-1.668,-0.12365,0.25845,-0.85825,-10.049,-2.4344,1.4048,2.0291,0.13998,-0.49177,0.93164,-0.37564,0.33532,-7.8737,-4.6435,1.9627,0.099233,0.87705,-0.48086,0.5377,0.69711,-0.25484
8,7.8146,-0.91792,0.26636,-0.005704,0.00813,-0.039778,-0.81962,-0.33431,0.16194,7.7006,1.9287,1.5193,-0.89053,0.47735,-0.57987,-0.6478,-0.058322,0.45748,7.5405,-2.3422,1.4465,1.4521,0.29734,-0.26416,-0.60369,-0.36617,-0.038354,-9.0027,2.7434,0.78039,0.53547,-0.39476,-0.51211,0.47896,0.16648,-0.41931,-8.6646,-0.73832,0.81013,0.20625,-0.035108,0.48136,0.41388,-0.29377,0.52546
0,10.79,-1.5943,0.39888,0.21314,0.55756,0.32334,-0.82095,0.18405,-0.55621,11.319,1.1454,3.8306,0.02455,-0.83575,1.9463,0.41667,0.16466,-0.61718,11.785,-4.4652,3.7016,-0.013106,0.031846,-0.11526,-0.86348,0.97684,0.10118,-6.6227,-14.722,-1.2986,-0.48854,0.39472,-0.31188,0.58039,-0.54005,0.39849,-12.881,-1.0795,-1.9298,-0.078192,-1.1109,-2.9705,1.0339,0.35224,-0.13915
1,10.88,1.4807,3.7674,-0.15186,-0.27089,-0.003595,-0.70695,0.13421,-0.49919,-1.0944,8.6538,5.9597,0.006148,0.31339,-0.50137,0.064556,-0.1519,-0.62938,-0.82777,-6.9914,7.2694,-0.057552,0.34016,0.5491,0.48736,0.8245,-0.58047,-5.3515,5.2194,-7.292,-0.005856,0.5468,-0.2436,0.10041,-0.83292,0.35837,-10.069,-4.8888,-1.8382,-0.69343,0.40638,1.0333,1.0801,0.33827,-0.07487
4,2.4896,-0.022841,1.0995,0.63876,0.93142,-0.27957,-0.8581,-0.15774,-0.62403,-5.0069,9.0837,-1.4675,-0.98298,-1.7693,-1.323,-0.11214,-0.69178,0.14916,4.6572,-3.8924,4.376,-1.0034,0.86011,0.1606,0.0387,0.70368,-0.82759,-7.0748,0.75841,-0.22429,0.95643,-0.52228,2.1415,0.62144,-0.18922,-0.21152,-4.1884,-5.1278,-0.53785,0.76228,-0.025569,1.5067,0.45319,0.45122,0.045427
8,9.8336,-0.98684,0.21023,0.10096,-0.06155,0.11291,-0.77945,-0.29936,0.25989,9.6694,3.0413,0.90345,2.0134,0.85468,-1.0594,-0.67653,0.040005,0.3962,8.8577,-3.7985,2.0794,1.6113,-0.82477,0.40164,-0.57463,-0.42231,-0.054088,-10.84,0.24385,-0.43565,0.3575,-0.19953,-0.43058,0.48631,0.23,-0.45052,-9.3806,-0.63546,-1.2155,-0.4523,-0.41834,0.23124,0.44793,-0.43586,0.41319
6,7.9285,0.63906,5.3352,0.58878,0.41786,-0.23919,-0.88407,0.42254,-0.21149,-1.8511,5.3115,6.9791,0.35143,0.086448,0.051246,-0.35587,-0.31632,-0.86755,0.79944,-4.764,8.4976,0.55364,-0.33285,-0.10616,-0.41213,0.73024,-0.51141,-9.1226,9.8331,0.072513,-0.17884,0.057012,-1.9476,0.55161,-0.41842,0.29045,-5.5021,-9.3772,-0.21525,0.85557,0.070632,-2.1447,0.44231,0.65029,-0.43588
1,6.283,-0.091427,2.1819,0.52678,-0.10027,-0.17178,-0.73669,0.023137,-0.51407,6.4288,2.2852,1.371,1.3997,0.26239,-0.50794,-0.53943,-0.52226,-0.6498,5.7439,-1.9581,1.3361,0.71541,0.49256,1.9375,-0.45101,1.1177,-0.86755,-9.2699,2.0443,-1.9492,0.52239,-0.15527,-1.3036,0.75307,-0.36054,0.31063,-4.1898,5.3762,-1.1298,0.021639,0.33415,-0.99425,0.67771,1.0035,-0.22489
8,11.214,-1.3719,-2.0022,-0.76773,-0.33374,-0.44125,-0.62148,0.36928,0.37863,13.384,5.6829,2.3762,-0.73557,0.34187,0.44875,-0.66973,0.1297,-0.21749,13.942,-2.5405,4.7591,0.84108,-1.3526,-0.81089,-0.75993,0.28196,0.21341,-9.101,3.1681,-3.9105,0.55047,0.1168,0.28819,0.65003,0.14308,0.63048,-10.793,-1.3408,-1.0595,0.29226,0.1432,-0.15534,0.63105,-0.30873,-0.24761
2,2.071,3.4266,0.37402,5.0032,-0.62803,-0.70587,-1.0753,0.003133,-0.59748,-7.387,10.925,2.8716,-0.36328,2.988,3.3135,0.19352,-0.83545,-0.28521,6.9638,0.74827,-1.0462,0.003133,-1.0005,0.94172,0.86922,0.35004,-0.81157,-1.8092,16.475,-7.5511,2.2418,-1.3254,-1.8286,0.67258,-0.20082,0.39754,5.4866,16.334,0.64183,1.6286,-0.6659,1.7517,0.35027,0.66864,0.17179
7,8.6493,1.421,2.2691,-0.044665,0.72416,-0.003095,-0.55047,-0.22483,-0.75174,1.9519,12.114,2.849,0.49655,-0.19227,-0.56552,0.39096,-0.80993,-0.28648,2.4348,-4.3993,11.873,-0.25826,0.35722,0.47577,0.22319,0.07173,-0.92686,0.52766,8.9077,3.7055,-0.038964,0.2504,-0.78476,-0.60239,-0.64269,-0.39791,-0.73501,-8.4463,1.5806,-0.24197,0.014694,0.79961,-0.46456,0.85099,-0.077052
5,9.6865,-0.38024,2.5663,0.1122,-0.01191,-0.16524,-0.58992,-0.1747,0.17118,2.7173,0.56827,9.3325,0.13203,0.054406,-0.06055,-0.27344,-0.16137,-0.24273,1.2838,-1.4326,9.5195,0.036119,-0.082942,-0.043965,-0.61788,-0.11071,-0.5242,-5.5409,13.057,-1.0344,1.0034,0.37627,-1.3315,0.4273,-0.52863,-0.11316,1.905,-5.5251,1.158,0.49913,0.5737,-1.3556,0.15762,0.54191,0.25513
2,1.7985,0.48003,-3.4212,-0.45198,0.060922,-0.4668,-1.0778,0.046257,-0.50267,-6.6948,3.3043,-0.61462,-0.97324,-1.9458,-2.7943,0.15081,-0.8154,-0.13907,7.6901,-4.3404,3.1561,2.597,-0.008533,-3.4192,0.62541,0.82628,-0.77532,-3.7059,0.29381,0.80845,3.1328,0.76821,3.188,0.62687,-0.33159,0.37372,-12.584,-18.688,-4.2269,3.6087,1.1305,-0.5246,0.50322,0.63236,0.091355
3,2.5671,-1.4574,2.0865,-0.23161,-0.97401,0.1014,-0.59069,0.20885,-0.84717,6.2302,-1.7306,4.5497,0.038638,0.58768,-0.49591,-0.13765,-0.99187,0.19543,7.6515,-1.8052,1.1435,1.0006,0.63476,1.4814,-0.1363,0.4292,-0.62292,-6.5007,4.6776,-2.2102,-1.1024,0.74144,-0.71324,0.81146,-0.075269,-0.50031,-6.7162,-2.2569,-0.58042,-0.83474,0.47964,-2.0463,0.8416,0.51525,0.28296
4,10.27,-0.65558,5.1145,0.91461,0.23709,0.21213,-0.69143,-0.1223,-0.51658,-7.5814,7.5546,3.0632,0.006656,0.5403,0.46807,0.11651,-0.733,-0.19668,-0.68719,-4.8658,7.0053,0.5068,-1.1786,-1.4508,0.36572,0.40525,-0.91083,-11.348,-0.5905,-2.2756,0.039451,-0.68889,-1.2672,0.65952,-0.21828,0.10145,-7.2182,-6.5629,2.0354,0.20302,0.80052,-0.91689,0.29667,0.50944,0.001439
2,15.744,6.1176,2.5166,2.5792,0.61897,0.45194,-0.751,-0.17463,-0.48914,3.4243,18.181,-10.899,2.0497,3.9178,-0.22314,0.014683,-0.69699,-0.12116,7.8366,-20.172,2.7199,0.8288,-2.4185,2.8438,0.19371,1.0204,-0.43442,-22.396,-0.057462,-6.3235,-0.076124,0.054256,-3.2132,0.64011,-0.4811,0.32393,-18.075,4.4947,3.1742,-0.27368,1.1491,-1.9871,0.91906,0.72884,0.005481
9,8.5356,-1.7743,-1.1667,-0.039852,0.46003,-0.27718,-0.74036,0.12751,0.33769,0.38787,-3.8674,-6.1256,1.8904,-0.37301,-1.4706,0.59325,0.3715,-0.40153,-6.3434,-7.5612,-4.4431,0.33527,-0.57861,-0.59654,-0.56479,0.31615,0.4976,-10.159,-1.4817,-0.54551,-0.55807,-0.26539,-0.24634,0.69982,0.4543,0.25345,-9.5763,2.5235,0.55523,-0.96556,0.43385,-0.066155,0.6466,-0.46623,0.034635
2,16.37,4.4478,12.55,-0.79898,0.27741,-1.0506,-0.81278,-0.14081,-0.68719,-2.195,10.359,11.044,1.2001,0.37205,1.0087,0.18508,-0.63433,-0.90103,5.9558,-7.2244,14.229,0.322,-0.55682,-0.71161,0.053755,0.49056,-1.1172,-17.095,-14.165,-2.4396,-0.54946,0.24601,3.1721,0.22838,-0.72537,-0.001627,-24.36,0.3855,-0.10321,0.80426,-0.2301,2.8275,0.46192,0.56921,0.12631
8,38.96,0.42162,-16.356,-3.5908,-2.4515,1.4669,-0.62375,0.018752,0.12572,33.125,8.1409,-4.3917,2.715,0.52632,-0.78707,-0.5057,0.026159,0.002663,34.436,-0.9797,-3.9264,-1.4402,0.36046,1.1589,-0.45928,-0.18404,0.11826,-23.05,-16.078,-15.866,2.9894,-0.014075,-0.41411,0.45427,0.12037,0.10864,-32.431,23.379,0.36407,-2.6579,0.35893,0.56053,0.46785,-0.073557,0.11535
4,10.353,-2.5786,1.8829,0.87429,-0.60111,-0.5119,-0.82373,0.004081,-0.42448,-2.3251,9.039,4.5401,0.41346,-0.36765,1.1083,-0.42954,-0.61635,-0.36732,4.2416,-7.9344,5.9689,0.07411,-0.52241,-1.5213,0.064759,0.69064,-0.81333,-11.124,1.8663,-0.7516,-0.13237,-0.066113,0.093567,0.68311,-0.29019,0.00746,-4.3403,-1.5489,-1.2095,0.39194,-0.20041,0.86826,0.38268,0.50695,0.13483
6,10.168,0.56559,0.46024,-0.30803,0.058569,0.1631,-0.76855,0.27421,0.30755,0.26968,4.3192,9.053,-0.071352,-0.19787,-0.18762,-0.39795,-0.14619,-0.67558,1.6011,-1.2829,9.6036,-0.010123,0.081644,-0.17254,-0.44929,0.5198,-0.55391,-8.0158,8.2722,-4.1388,-0.26056,0.005216,1.6397,0.58752,-0.22541,0.32789,-6.7208,-6.831,-5.4616,-0.73085,-0.83187,1.5093,0.57201,0.53666,0.000372
6,9.3868,2.8365,1.2567,-0.40049,-0.017698,-0.16111,-0.9395,0.30711,-0.16062,-3.0634,5.9177,6.5367,0.10766,-0.010182,-0.099605,-0.22793,-0.38635,-0.85832,0.96062,-5.1394,8.8391,-0.31528,0.10985,-0.18043,-0.32401,0.74401,-0.48267,-10.319,8.0204,-1.4805,0.21788,-0.10702,0.32818,0.61311,-0.27633,0.29479,0.90017,-1.7797,-0.29578,-0.56355,0.3351,0.97787,0.30169,0.73518,-0.45351
7,9.8966,0.15197,1.4009,0.042848,-0.21225,-0.016078,-0.78948,-0.1929,-0.52468,0.8231,3.9509,8.3029,0.69015,-0.70952,0.44002,0.382,-0.29866,-0.82101,3.6084,-3.4545,8.1826,0.23294,-0.59112,-0.50536,0.13128,0.10435,-0.93016,-1.0545,9.7997,1.0756,0.017302,-0.1148,0.57567,-0.3471,-0.86716,-0.21956,-0.64161,-9.8014,0.79666,-0.062541,-0.0888,-0.76804,-0.39588,0.87509,0.009043
8,0.28589,-1.695,-3.8187,0.54659,-0.68289,-0.03835,-0.76706,0.39183,-0.26353,1.6783,2.5979,1.3137,-0.41579,0.41284,0.97544,-0.66085,0.056496,-0.23867,3.5564,4.0726,1.6477,2.3334,-1.1902,-0.35148,-0.69032,0.29371,0.21162,-0.31313,-4.0568,-0.43314,0.3536,0.23367,0.44703,0.57676,0.024242,0.45171,-1.2949,3.5001,0.010205,1.5097,0.92349,-0.55821,0.60228,0.10965,-0.33177
4,7.9561,-0.20525,1.8044,1.203,0.053157,0.071542,-0.75498,-0.007649,-0.56998,0.94126,5.5711,6.4946,0.059032,0.57189,-0.68259,-0.021879,-0.79452,-1.0621,-5.8885,-8.1511,5.7154,0.66122,0.074064,1.8674,0.34783,0.54441,-0.59994,-9.3121,1.4971,-0.57554,-0.25375,0.3445,-1.3749,0.51704,-0.26324,-0.17083,-9.9817,-4.7773,1.2934,0.66556,-0.25725,-1.6754,0.59691,0.23032,0.005844
5,9.2517,-0.18525,7.5868,0.92914,-1.3143,-0.062531,-0.65439,-0.071577,0.034495,-0.55891,6.572,7.9314,0.56786,0.086138,-0.18545,-0.188,-0.4116,-0.2882,0.06322,-2.6598,9.9465,0.13902,-0.027956,0.091792,-0.51202,-0.097244,-0.60073,-5.2843,13.249,-3.4388,0.001343,0.072447,-0.87614,0.43632,-0.49409,-0.032016,2.5143,-3.6524,1.9559,0.90153,-0.22136,-1.5172,0.014017,0.63102,0.078594
9,9.6349,-0.52043,3.8352,-1.1378,0.012818,-0.29812,-0.62994,-0.066938,-0.75552,3.9973,6.6911,-6.6446,-0.12126,-0.99842,0.41026,0.19043,-0.55169,0.82716,-1.5547,-9.9492,-0.49237,0.042102,0.96067,-0.046818,0.48461,0.78883,0.27883,-10.996,2.0275,-0.29425,2.5018,-0.15688,-0.42044,0.67577,-0.69626,-0.25143,-10.447,-2.9074,0.33063,0.48748,-0.41662,0.043228,0.90935,0.39025,0.40005
4,10.552,-1.2158,2.7647,1.3924,-0.28746,0.13928,-0.80318,-0.10026,-0.43658,-1.3297,6.9486,5.6125,0.80589,-0.25161,0.37859,-0.17733,-0.62566,-0.63289,-0.96597,-7.4826,7.1571,-0.056219,-0.20067,-0.49587,-0.029975,0.35887,-1.0577,-12.384,-0.076203,-2.276,0.1544,-0.17235,-1.4712,0.62159,-0.17994,-0.042094,-8.8477,-4.6103,-1.1185,0.7007,0.33404,-1.3269,0.42897,0.36092,0.15251
2,2.8311,0.052404,1.3424,-0.47675,0.69285,0.21551,-0.64211,0.16552,-0.63367,3.256,4.9045,3.3354,0.18103,0.019333,0.54561,-0.14275,-0.23184,-0.63954,1.7621,-4.056,5.7621,-0.16695,-0.38469,-0.013201,0.23344,0.6913,-0.87879,1.0557,14.661,-3.2076,2.8957,-0.033873,-1.0099,0.35034,-0.70687,0.36465,-1.7251,-16.292,-1.3532,-1.8585,-0.26526,1.8458,1.14,0.19661,-0.090193
0,8.4867,0.22945,5.0566,-0.44829,-0.27216,-0.13337,-0.71708,0.17135,-0.66293,3.4045,9.4128,0.81977,0.021312,-0.20187,-0.38531,-0.50159,-0.50695,-0.45168,5.3988,-4.4244,6.7368,0.44044,-0.065322,0.70452,-0.13142,0.65435,-0.96851,-5.8127,-4.2259,1.174,0.026946,-0.21695,-0.63,0.44153,-0.75019,-0.21423,-10.228,-0.75164,-1.6922,0.12268,-0.01565,1.1008,1.2172,0.27617,-0.1208
4,-3.4251,1.6404,-3.1087,-3.4182,0.3442,-0.022741,-0.86799,-0.096314,-0.55716,-6.7412,9.2124,-3.6835,-0.64142,-3.2937,-2.8263,-0.31637,-0.93307,0.006599,1.0323,-8.8764,6.1238,-0.76253,1.6772,2.8071,0.38493,0.68515,-0.77479,-11.156,5.031,-0.10448,0.76377,-0.050567,3.3534,0.53422,-0.29194,-0.11442,-11.163,0.051583,-5.1492,0.27215,1.3454,2.328,0.49736,0.3805,0.007297
2,16.279,-1.6659,1.3702,-1.6646,0.28925,-0.74485,-0.91211,0.11405,-0.46305,2.6299,16.497,-0.10421,1.0291,-1.1528,-0.62443,0.1981,-0.69562,-0.36843,-3.498,-18.269,2.4897,-0.95061,2.142,-0.78878,-0.12676,1.2561,0.063181,-12.003,-11.336,-3.3805,0.51942,0.49823,1.7936,0.55508,-0.48338,0.41088,-25.08,1.4804,-6.0734,0.97949,-0.19858,4.4988,0.94696,0.42976,-0.074393
0,9.3083,0.65861,2.5246,0.16295,0.43886,-0.21871,-0.84105,-0.21465,-0.66699,4.8317,5.4975,6.2193,-0.12539,-0.21844,0.34006,-0.44759,-0.79285,-0.71261,5.9654,-5.6382,5.1465,-0.34396,-0.13952,-0.47556,-0.50671,0.71834,-1.156,-9.6301,-1.1032,-3.3314,1.3975,0.37884,-1.6441,0.33896,-0.66098,-0.060026,-11.3,2.8836,0.025259,2.2211,1.0073,-2.4224,0.47233,0.45386,0.26934
9,8.3071,-0.041734,5.0558,0.71286,-0.062165,0.14123,-0.48417,0.16262,-0.85445,-7.0034,-0.25493,6.6539,-0.79546,0.13103,0.31579,0.59925,0.60258,-0.51156,-7.4852,-0.47975,6.3454,0.97295,-0.27818,0.80221,0.8999,-0.292,-0.21393,-10.241,-1.3067,-1.0657,-0.54727,0.050072,-0.075785,0.9157,-0.49358,0.21186,-9.5784,-0.4497,2.5128,-0.4395,-0.005387,-0.12188,0.81647,0.65464,-0.30732
0,7.6322,-3.5435,0.26873,-0.32794,-0.28968,-0.14968,-0.76401,0.20487,-0.66452,4.4018,7.4634,1.1152,-0.21375,-0.072348,0.47792,-0.43345,-0.53566,-0.46779,5.7291,-4.3199,6.8011,-0.21706,-0.15554,0.025362,-0.14331,0.63619,-0.99553,-6.9026,2.4558,-2.3533,-0.088669,0.72038,-1.6254,0.62868,-0.61107,-0.13491,-20.707,1.9273,-2.2865,-1.202,1.072,-2.7501,1.0925,0.3517,-0.083983
1,8.3697,-0.2314,2.5409,0.49008,-0.71148,0.15574,-0.801,-0.1263,-0.73099,5.2006,5.7185,5.7572,-0.29777,-0.31621,0.56968,-0.41388,-0.69803,-0.54896,3.623,-7.882,4.7359,0.21445,-0.81763,-0.09814,-0.055904,1.1277,-0.97735,-10.037,-0.56508,-1.1473,-0.020833,0.38193,-1.6139,0.21307,-0.76013,-0.061766,-12.083,1.2677,-0.68118,0.8662,0.076288,-2.4687,0.54721,0.51587,0.14463
4,8.4009,-0.80496,4.8879,-2.9056,-0.79887,0.48961,-0.81614,0.31339,-0.52484,2.829,12.97,2.9047,-1.1563,-0.20767,3.453,-0.35953,-1.5009,-0.17199,-13.449,-12.306,5.5556,0.33361,-2.4498,-3.0406,0.17924,0.64402,-0.4241,-5.3708,-1.5197,2.7796,-1.8731,0.44581,-0.81672,0.46131,-0.2627,-0.15708,-6.5843,-8.9985,-3.5737,-0.58346,-0.33952,0.081217,0.67364,0.16646,0.069806
8,1.3558,-0.3739,-1.7602,0.28756,-0.46571,-0.074654,-0.43412,-0.016986,-0.67471,0.93875,-0.24349,0.91666,0.18113,-0.02319,0.24402,-0.52897,-0.44764,-0.23586,0.29411,0.16173,0.61698,0.62408,-0.26234,-0.39687,-0.45732,0.41221,-0.39855,-1.4977,6.3742,-1.7133,-1.1143,-0.14197,1.2002,0.59455,-0.37144,0.024945,-0.27382,-2.269,-1.536,0.22505,-0.10509,-1.2839,0.59053,0.29725,0.29855
5,7.8391,1.0324,2.3384,-0.26792,0.13722,0.07427,-0.83407,-0.26503,0.048207,-2.3466,4.7559,4.3663,-3.2129,-0.79435,1.0155,0.32208,-0.66134,0.019032,-0.34388,-1.7359,9.3056,0.11017,-0.066176,0.10847,-0.54308,-0.12389,-0.67892,-1.2129,13.163,-4.3205,0.2351,0.36145,1.5317,0.075585,-0.67044,-0.16247,5.6643,-0.54472,0.043692,-0.2465,-0.32469,1.9276,-0.16732,0.49492,0.44958
2,9.5273,5.2469,8.7317,-4.6797,-4.9107,0.20118,-0.78387,-0.38205,-0.65209,-11.596,13.656,3.8834,1.346,-2.2871,-2.3069,0.43355,-0.85636,-0.3406,2.8885,-13.698,6.6544,-1.1319,2.546,-4.4848,0.32505,0.53175,-1.0206,-27.488,0.82847,-3.7787,0.62527,0.36452,3.1133,0.4987,-0.52511,0.087574,-20.803,-1.582,4.6845,-1.8419,0.4807,-1.7722,0.35813,0.63916,0.11396
7,6.1764,1.013,6.6892,-0.067604,-1.3053,0.066887,-0.30482,-0.17979,-0.89677,-4.3704,1.9555,8.0278,0.78631,-0.55161,0.9844,0.69747,-0.027147,-0.67365,-2.5076,-2.1194,8.8435,-0.36561,-0.75358,-0.68994,0.47944,-0.086496,-0.81485,-3.1738,11.35,2.5295,-0.22173,0.013858,-0.009743,-0.20522,-0.88345,-0.30602,-2.0012,-9.9873,1.7995,0.058063,0.17376,-0.12666,-0.28228,0.92623,-0.049885
3,10.427,-3.5839,1.0687,-0.064492,0.14269,0.28814,-0.92439,0.1151,-0.39475,2.9803,4.3463,8.1109,0.075122,0.29269,-0.99385,0.50177,-0.38185,-0.11008,3.0668,-7.0876,5.5708,0.020048,0.018931,0.024269,-0.016202,0.4837,-0.58055,-8.9315,-4.2571,-4.7132,0.29541,0.31515,0.15287,0.89891,0.14641,-0.35766,-9.8397,-3.8552,-2.7476,-0.034218,0.30499,-0.44919,0.66097,0.65473,0.56285
1,10.109,-2.7349,-1.4699,0.38061,0.58858,0.10685,-0.9109,0.17611,-0.44991,10.247,0.14684,3.1385,0.28591,-0.061989,0.87601,1.0591,0.55348,-1.3487,10.687,-5.1526,4.2486,-0.017658,0.01317,0.18112,-0.80159,0.94876,0.25279,-11.491,-0.37031,-4.0633,1.0334,-0.34942,-1.7743,0.49704,-0.60777,0.42595,-9.1628,0.41415,-4.132,1.6968,0.31699,-2.7402,1.0178,0.27623,-0.034775
8,5.8189,-0.92038,-2.0626,1.3321,0.96998,0.52701,-0.59821,0.37305,0.41404,7.4044,1.844,3.7966,-1.0748,0.44717,-1.0664,-0.63357,0.17317,-0.27901,5.4911,-2.7701,3.2032,-1.9732,0.30711,0.35465,-0.76718,0.17591,0.28001,-11.637,12.471,0.83151,0.99066,-0.55137,-2.0342,0.69493,0.050808,0.65509,-13.116,-4.8157,4.2238,0.92875,0.4731,1.5456,0.63942,-0.23345,-0.31496
5,9.0616,0.9249,5.7844,-0.29704,0.30398,0.0932,-0.64806,-0.17086,0.088358,4.0468,7.4022,6.2512,-0.18004,-0.002329,0.15201,-0.81191,-0.49277,-0.31099,7.0481,-5.5062,3.8343,-0.079543,0.2386,0.30232,-1.0037,0.13592,-0.46039,-9.3597,14.291,2.4047,-0.827,-0.4785,2.0145,0.38732,-0.37052,-0.27509,-7.8477,-10.865,2.7564,-1.2211,0.081452,3.1277,0.30805,0.43611,0.1522
4,8.6133,0.030583,2.5492,0.38079,0.025123,0.095359,-0.79306,-0.21725,-0.48211,-2.4774,9.1728,5.9462,0.34558,-0.41889,0.60569,-0.34842,-0.55963,-0.36746,2.5104,-6.7367,6.6589,-0.051,0.007408,-1.0172,-0.04649,0.51339,-1.1004,-8.7123,0.66927,-1.5721,-0.34864,-0.24399,0.13269,0.66969,-0.051486,-0.057065,-7.2867,-2.4772,-0.6335,-0.78292,-0.053511,0.69674,0.38028,0.40808,0.1793
8,17.921,-1.1318,-9.6645,1.1358,3.3298,0.82033,-0.80687,0.42085,-0.13555,13.916,7.0354,0.31576,-2.6537,-0.50091,1.1777,-0.63555,0.039545,-0.27115,11.418,-0.88641,4.4646,-1.0429,-0.35739,-0.54625,-0.72813,0.21227,0.20852,-34.369,5.9187,-24.236,-4.756,8.1982,2.0794,0.46993,-0.12859,0.55417,-14.56,-4.9446,-7.1382,0.3131,2.0794,-1.1726,0.55974,-0.032088,-0.42286
4,7.464,0.61802,-0.049167,1.2963,-0.14551,-0.44355,-1.0124,-0.11514,-0.27436,-12.461,8.294,1.2221,0.84669,-0.47911,2.2829,-0.1312,-0.6819,-0.24426,2.2195,-10.478,6.5843,-0.71743,-1.0992,-2.3296,0.40386,0.5801,-0.89489,-5.094,7.7762,-2.1267,0.71898,-0.27689,0.59547,0.63757,-0.18193,-0.10796,-3.9423,0.38633,1.4183,0.020002,-1.1161,1.2692,0.31617,0.42833,0.17798
5,8.6627,2.579,4.5561,-0.2043,-0.25215,0.036736,-0.61126,-0.23933,0.14425,2.92,7.8533,5.9574,-0.098429,0.007124,0.074449,-0.78933,-0.52167,-0.31476,6.7345,-4.2698,4.6108,0.1605,-0.1035,-0.024005,-0.85248,0.11196,-0.53724,-5.0578,10.253,1.9698,-0.90443,-0.65817,2.0226,0.3872,-0.37699,-0.25956,-2.9009,-8.1585,0.10992,-0.44548,-0.44264,2.664,0.28021,0.47442,0.1277
4,10.454,0.81646,4.2995,-1.4185,-0.072348,-0.38152,-0.71432,-0.058001,-0.51582,-0.41675,8.0431,6.3644,-0.051835,0.15873,0.26991,-0.10116,-0.59156,-0.72964,-1.1971,-6.1113,6.851,-0.29629,0.38552,0.22404,0.067302,0.47927,-0.85511,-9.1968,4.5972,-1.5858,-0.5526,0.26587,1.1695,0.44445,-0.36292,-0.20183,-12.102,-0.19087,-3.0383,-0.52202,-0.40309,1.3597,0.53509,0.19164,0.30461
6,8.858,-2.0111,1.4265,1.07,0.035749,-0.6627,-0.96484,0.54722,0.18133,-1.2055,9.0433,4.0079,-0.072279,0.049813,-0.13275,-0.52836,-0.56849,-0.63352,0.97985,-2.4427,8.9031,0.50456,-0.23334,0.077868,-0.454,0.63996,-0.67834,-13.387,10.366,-0.56861,-0.043822,0.24698,-2.1622,0.60604,-0.2564,0.27328,-6.8227,-5.3023,-1.1179,0.35139,-0.14744,-2.4782,0.48839,0.58423,-0.3335
2,18.497,-3.4722,0.4015,1.6825,-6.4264,-0.36475,-0.82168,0.20727,-0.48552,-0.56995,11.371,8.3636,-0.13091,1.0519,-1.3679,-0.004599,-0.17794,-0.6782,-0.53521,-7.9765,7.3981,-1.3677,1.4455,0.6276,0.53362,0.71313,-0.76527,-11.238,-14.617,-4.7985,5.7835,0.99364,-2.075,0.38088,-0.73386,0.38848,-23.156,-0.2993,0.44532,-0.36469,-0.68924,-4.0802,0.93384,0.49181,-0.12228
4,11.612,0.70729,0.1365,0.94884,0.33811,-0.16716,-0.82842,-0.32249,-0.24046,-8.2535,11.173,5.2721,0.61104,-0.48679,2.3205,-0.26976,-0.54878,-0.62176,3.8511,-7.4771,7.3246,0.53746,-1.2006,-2.1298,0.17135,0.57886,-0.95665,-12.736,4.745,-2.8345,0.21152,-0.21272,-0.62205,0.70938,0.003652,0.012176,-5.9486,0.73545,-0.13237,0.1357,0.021963,0.65002,0.35916,0.37654,0.25226
0,11.92,0.099353,5.0511,-0.40253,0.52014,-0.33848,-0.77759,-0.032954,-0.93949,12.277,4.0386,3.6756,-0.58714,0.10472,-0.48424,-0.72295,-0.52043,-0.32656,11.497,-2.2305,2.394,-0.70193,-0.63961,-1.4978,-0.71558,1.4409,-0.88699,-11.683,6.7193,-2.6489,0.41339,-0.49923,0.66061,0.67113,-0.23461,0.35655,-17.664,-8.1692,0.50346,2.2994,0.042815,0.55423,0.32502,0.72831,0.24756
5,8.4324,-0.26882,4.1704,0.076842,-0.23321,-0.15432,-0.65269,-0.078117,0.035953,-0.10437,5.7386,7.7967,0.057484,0.015923,-0.010042,-0.18887,-0.40801,-0.28676,0.091922,-2.0908,9.4285,0.19009,-0.09035,0.086495,-0.52034,-0.10775,-0.59556,-3.1996,11.668,-3.4777,-0.27952,0.43544,0.8131,0.41583,-0.50368,0.017418,5.6463,-3.144,1.9056,-0.58786,-0.1101,1.3529,0.016817,0.63143,0.047955
1,7.4979,0.12587,2.1718,0.70758,-0.15678,-0.23837,-0.72219,0.022982,-0.52635,7.2269,3.7254,0.53038,0.92248,0.084408,-0.19855,-0.49733,-0.5927,-0.80542,6.5756,-2.3272,1.9883,0.79334,0.36446,1.4218,-0.76565,1.154,-0.66651,-9.641,-0.13764,-2.0939,0.47878,0.29556,-1.096,0.7526,-0.39494,0.30208,-5.6563,4.3669,-0.9987,0.18751,-0.088557,-1.1476,0.70343,0.98224,-0.20773
0,13.711,1.3546,4.0516,-0.040269,0.30732,-0.23876,-0.81519,-0.26982,-0.68039,4.1531,6.9827,6.355,-0.5072,-0.67404,-0.44048,-0.40432,-0.82949,-0.70026,5.6124,-7.4025,7.4406,-0.41762,0.44819,-0.83061,-0.33976,0.84617,-1.1608,-13.357,2.5391,0.88814,0.93554,-0.21875,-0.24076,0.58492,-0.38954,0.1404,-16.317,3.5407,2.0718,1.1499,1.3384,0.5213,0.25595,0.71325,0.19834
5,7.2199,1.5547,4.9611,-0.15989,-0.17747,-0.028656,-0.61613,-0.2568,0.045144,3.7121,7.476,4.1337,-0.000226,-0.047518,0.094063,-0.80192,-0.45499,-0.24856,6.1859,-4.8798,5.6712,0.028247,-0.050732,0.087843,-0.90066,0.15388,-0.5761,6.8574,3.6323,-0.007535,0.63065,0.26936,-0.087905,0.1607,-0.62359,-0.3157,-3.9359,-11.031,0.11585,-0.83082,0.020588,-0.73249,0.38419,0.27433,0.13163
1,13.285,-1.1041,1.4498,0.22838,-0.055757,-0.35318,-0.91939,0.076809,-0.41892,11.389,0.28086,4.5449,0.011495,-0.37124,0.040417,-0.11495,-0.33343,-1.4455,12.678,-2.251,2.012,1.0515,-0.64497,-0.66776,-0.76854,1.2364,0.18264,-13.729,-2.137,-1.1658,0.41654,-0.22248,-0.87741,0.78964,0.007353,0.41386,-3.3748,1.8971,-3.4551,1.1473,-0.097179,0.61214,0.68303,0.9363,-0.28431
9,4.6332,-1.5874,-0.42351,-1.3338,0.44581,0.60595,-0.74731,-0.19382,0.14615,6.5538,4.7012,-1.2072,-0.85283,-0.014685,-0.58717,-0.65636,-0.3065,0.20116,1.4469,-3.1514,4.1768,1.1652,2.4965,-1.3535,-0.1586,-0.020554,-0.80434,-12.176,5.9286,2.1008,0.024023,-0.72021,0.30426,0.77677,0.15665,0.046218,-9.7381,-0.14719,-2.9778,1.7903,-1.9729,-1.737,0.65962,-0.29461,0.24293
3,7.6778,-1.4844,-3.3065,-0.32398,-0.074285,-0.019088,-0.94153,-0.14734,-0.054447,7.5026,5.0212,3.4945,-0.13142,-0.086253,-0.56668,0.25097,-0.73818,-0.25576,8.6459,-3.0383,0.67993,-0.054879,0.11664,0.71184,-0.47939,0.42376,-0.37633,-7.9645,2.6739,-3.3554,0.47693,0.020189,-0.43356,0.88625,-0.19685,-0.30601,-10.063,-3.457,-1.3577,0.39944,0.87762,-1.0595,0.76163,0.42522,0.50592
2,1.0047,-4.3368,-3.7677,1.315,-2.4664,-0.55646,-0.82215,0.13707,-0.63867,4.6532,9.2131,-4.4266,-0.066777,0.40159,-2.3413,-0.61913,-0.65107,-0.22637,9.8763,-6.7517,6.2069,0.11125,0.14632,2.1965,-0.33454,0.49909,-1.0507,-39.258,4.2479,2.2065,-2.7281,1.2756,2.5167,0.5616,-0.70665,-0.097292,-25.733,-4.5389,-6.5719,0.72967,1.3534,-2.6198,1.0647,0.37107,-0.03284
4,3.187,0.006157,-1.4588,1.4754,0.46371,0.026911,-0.95107,0.19289,-0.39097,4.4411,6.0784,3.1773,-0.38342,0.27986,-1.6518,-0.15266,-1.0271,-0.77531,-8.0604,-7.5543,2.9939,0.32258,-0.52202,2.9269,0.24892,0.54558,-0.53067,-6.6036,1.9449,-2.6459,-0.29525,-0.24935,-2.1569,0.47161,-0.32495,-0.11306,-5.9777,-2.5583,0.43315,-1.6718,0.37745,-2.2902,0.53391,0.25883,0.14531
7,8.9398,0.10677,3.3269,-0.17011,-0.39057,0.079235,-0.6206,-0.039252,-0.8156,-3.5678,-3.3165,8.0813,-0.23418,0.06757,-0.062215,0.60803,0.50549,-0.58489,-5.6731,2.4769,6.7625,0.033273,0.13797,-0.15456,0.70932,-0.51083,-0.46415,0.56813,9.8162,0.88585,-0.14046,-0.021237,0.57106,-0.53526,-0.79113,-0.20423,1.3916,-9.3447,-0.79081,0.079891,0.19386,-0.52483,-0.61767,0.75746,0.089231
7,9.7763,-1.1569,-0.33066,-0.16027,-2.1841,0.39734,-0.93364,-0.035923,-0.46255,-0.64704,5.1967,8.6076,-0.36736,-0.12343,0.93108,0.5845,-0.1316,-0.68838,-1.94,-0.88567,9.8889,-0.19307,-0.70393,-0.53757,0.50239,-0.29285,-0.65775,1.9309,9.147,-1.1001,0.20224,0.24973,0.53795,-0.65449,-0.66319,-0.092621,2.1594,-9.7845,-1.6193,-0.019514,0.25176,-0.6325,-0.67427,0.61093,0.19828
3,4.5176,2.6314,-1.6922,0.90309,0.099603,0.16779,-0.77457,-0.10115,-0.69366,5.1433,9.9518,1.4006,0.052514,-0.70522,0.89356,0.27553,-1.0592,0.22948,5.2679,0.40824,2.888,-0.56985,0.21446,-1.2685,-0.25468,0.33314,-0.68239,-7.1058,0.19316,0.62624,-0.9442,-0.29405,1.4248,0.78634,-0.09572,-0.51836,-8.4803,-4.2792,-0.98177,-0.097999,-0.003796,1.5077,0.70964,0.66965,0.38963
6,8.2234,-1.2501,3.4895,-0.52134,0.31085,0.62928,-0.84848,0.53614,-0.083896,0.45406,3.4647,8.6284,-0.69249,-0.68268,0.30174,-0.60668,-0.085507,-0.82353,0.84085,-2.4966,9.1989,-0.52595,0.34171,0.23418,-0.41774,0.68272,-0.56484,-7.1291,7.8368,0.42626,-0.24018,-0.68984,2.6303,0.53767,-0.53445,0.24624,-7.7916,-10.24,-1.8239,-0.26515,-0.079822,2.458,0.51848,0.59019,-0.36685
7,4.3986,-0.33678,9.2053,-0.15836,0.1126,0.31448,-0.19781,0.020063,-0.94913,-3.7681,9.1313,-2.0426,0.60941,-1.6139,-1.1885,0.68501,-0.66019,-0.14134,-6.3863,-3.2709,8.9126,0.081556,0.42593,1.6946,0.53996,-0.10437,-0.8004,-1.7931,10.902,7.1567,-0.00013,1.2749,-0.9504,-0.28883,-0.77739,-0.48547,-2.9864,-11.817,0.51483,-0.092127,-0.11449,1.4438,-0.09516,0.96557,0.069795
2,1.6292,-2.1242,0.53446,-0.42959,0.98208,-0.39604,-0.71876,-0.049094,-0.82428,5.7201,-0.47739,-2.5966,0.078204,-1.7263,0.34315,0.52256,-0.74718,-0.57205,-8.1048,1.5426,3.8013,-1.0107,0.90226,-0.321,0.32963,1.052,-0.58198,0.63488,7.1006,5.2856,-4.4491,0.77482,0.1794,0.13626,-0.70052,0.095274,-0.87224,-19.319,1.2979,0.25773,-0.21316,1.0071,0.72612,0.22693,0.02637
1,6.4103,1.5926,3.0142,-0.10536,-0.97178,-0.25204,-0.71296,0.13868,-0.68815,1.051,9.0277,1.7886,-0.22993,-1.0478,-0.12073,-0.29887,-0.5106,-0.44895,3.6616,-6.2552,6.725,0.40472,-0.13986,0.47939,0.010121,0.70596,-0.8794,-5.6255,-7.1367,-0.36815,-0.37704,-0.34725,1.0798,0.28811,-0.84572,-0.14277,-10.442,0.81791,-1.1832,-0.89175,0.046164,1.1883,1.076,0.34286,-0.046092
7,9.9026,-0.85778,0.13317,-1.6302,0.12429,0.32851,-0.86506,0.016989,-0.44138,5.5903,3.0647,8.8876,-0.33299,-0.15997,0.16252,0.0235,-0.23675,-0.91631,5.1961,-3.089,8.4792,-0.11159,-0.34417,-0.17976,-0.10571,0.08755,-0.92904,-0.009544,9.0812,0.96382,0.10138,-0.10893,0.54959,-0.42688,-0.82752,-0.24412,0.61536,-9.1959,0.19211,-0.026272,-0.1405,-0.67036,-0.50659,0.83073,0.051244
2,8.877,2.3193,1.0234,2.7113,1.976,0.70638,-0.82241,-0.30948,-0.63469,-5.9685,3.9918,4.7538,-0.42634,2.4236,-0.13061,0.52493,-0.74069,-0.44377,5.0071,-3.7335,-0.82617,-0.02859,-2.868,0.58715,0.50475,0.66657,-0.89762,-12.307,8.4217,2.3257,-1.3939,0.1207,-3.8419,0.49073,-0.37821,0.083085,-6.3462,12.546,-3.0742,-1.1143,-0.3524,-1.1906,0.40225,0.59847,0.10023
7,9.7628,-0.68688,-0.93237,0.068696,-1.0449,0.1468,-0.86828,-0.041998,-0.42424,0.48743,4.1718,9.0629,-0.52724,-1.138,1.1367,0.51359,-0.26569,-0.74206,1.4726,-1.3088,9.8491,0.22917,-1.0171,-0.65851,0.39445,-0.18825,-0.82558,2.0018,9.4444,-0.49139,-0.033397,-0.083835,0.011589,-0.64711,-0.68273,-0.1869,2.916,-9.3712,1.0498,-0.094598,0.12906,0.068166,-0.74268,0.6164,-0.031919
2,13.347,-1.244,1.369,-3.3948,0.28946,-0.002904,-0.83652,-0.057831,-0.71128,-0.53745,13.06,2.9891,1.1795,-2.4527,-1.7681,0.64968,-0.64398,-0.5682,-2.5726,-10.901,3.9319,0.1636,3.0055,-0.76712,0.44191,0.99559,-0.60218,-9.8708,-14.976,-3.2935,1.123,-0.13412,2.8384,0.14732,-0.74173,0.02708,-22.816,-2.0323,2.5368,1.7017,0.74999,4.2322,0.55988,0.48449,0.096192
6,9.8928,-1.6207,-0.86599,0.085352,0.012979,0.054923,-0.91969,0.47233,0.41913,-2.049,6.4653,7.4411,0.032815,0.029352,0.14057,-0.43604,-0.35551,-0.84172,-1.1703,-1.5668,9.5504,-0.14245,0.051592,0.034852,-0.41967,0.52444,-0.77222,1.2393,5.0688,-0.78253,0.29417,-0.44329,-0.54435,0.23027,-0.73401,0.33853,-6.6562,-8.4726,-2.9606,-0.010613,0.30265,-0.38677,0.61304,0.53705,-0.29425
6,8.2674,2.1348,4.5346,0.29531,-0.017866,-0.16869,-0.91532,0.21107,-0.21397,0.71803,8.6307,4.5418,0.45962,0.24457,-0.39702,-0.67453,-0.59652,-0.51809,0.8511,-4.9349,8.5404,0.05459,-0.15821,0.004718,-0.62344,0.69593,-0.56035,-9.9592,9.9441,1.3388,-0.066501,0.20609,-0.23897,0.68646,-0.17628,0.21406,-1.9779,-1.2747,-0.65353,0.49755,0.39827,-0.50672,0.52266,0.70128,-0.103
2,0.78532,-0.45996,1.7823,-0.013322,-0.91465,0.51444,-0.64924,0.37846,-0.71165,6.807,4.2803,-1.9935,0.016897,-0.073055,-0.35345,-0.74108,-0.59327,-0.15956,6.5811,0.94414,4.2366,0.82363,-0.33813,1.4596,-0.56012,0.13155,-1.0173,-9.8261,17.005,-1.6438,0.81821,2.6817,-1.4351,0.55424,-0.65521,0.23046,0.34285,-20.472,-2.1703,-3.9868,-0.18297,-3.4165,1.1659,0.10237,-0.25443
4,3.0004,-3.4714,-1.0052,2.5363,0.20384,0.87307,-0.80418,0.24158,-0.5772,1.5464,12.375,0.22257,0.92069,-1.2048,-3.2094,-0.2823,-1.5377,-0.37608,-7.4607,-2.4598,2.7525,1.3529,0.37526,3.2343,0.24262,0.39311,-0.74055,-14.594,9.3889,-3.6443,-0.50845,1.555,-1.7974,0.55973,-0.22972,-0.18299,-10.408,-3.2915,0.80571,-1.1115,1.1795,-2.3731,0.51057,0.34191,0.10215
5,8.4449,2.2251,4.6701,-0.17766,-0.028809,0.006695,-0.62152,-0.22897,0.11253,3.5293,7.2523,5.4305,-0.00734,-0.049243,0.092664,-0.80341,-0.50418,-0.2729,5.9117,-5.171,5.6211,-0.2551,0.19273,0.027895,-0.82239,0.19502,-0.59473,-3.6448,8.8262,2.1344,-0.71258,-0.86493,2.1125,0.37238,-0.41034,-0.28494,-4.3518,-11.139,-0.072045,-0.026269,-0.049652,2.7215,0.32295,0.41066,0.14752
6,9.4512,-1.0203,-2.1311,0.22512,0.031728,-0.21337,-0.8896,0.43929,0.47366,-3.1388,6.6884,6.3963,-8.9e-05,0.082666,0.061517,-0.27468,-0.44378,-0.81318,-1.8706,-2.626,9.527,0.18636,0.050576,0.075565,-0.34963,0.60319,-0.68425,-1.9404,6.6646,-1.898,0.84031,-0.54373,-1.7251,0.34554,-0.62672,0.35102,-6.4837,-8.133,-2.4159,-0.23249,0.20282,-1.1114,0.57638,0.59566,-0.25577
3,-9.3419,12.075,2.9218,0.49107,-0.16958,0.22812,0.59099,-0.29404,-0.76691,3.3797,10.208,-4.1229,0.14859,0.71427,0.88446,1.1257,-0.32385,0.40095,1.5038,-9.5302,7.3385,-0.49491,-0.19524,-0.36167,0.048166,0.53627,-0.51294,-11.185,0.28123,2.5964,1.7124,0.92786,-1.145,0.63623,-0.54619,-0.47947,-17.013,0.041685,-3.1439,0.71322,0.18564,-1.0604,0.67506,0.36212,0.61447
2,21.916,-3.2026,-2.7924,2.2919,-0.62689,0.66287,-0.74361,0.13886,-0.51012,9.8166,24.549,-16.385,0.97017,3.7613,1.4946,-0.063148,-0.6451,-0.1792,4.3463,-31.791,2.2796,2.6746,-2.539,1.5577,0.027796,1.1222,-0.26819,-9.903,-20.313,-4.0841,0.50328,0.27445,-2.6441,0.47813,-0.63006,0.32807,-18.477,-3.2984,-2.9584,-0.60794,1.195,-2.5245,1.0838,0.53707,-0.046063
2,-0.15612,1.1091,-2.0031,-0.71667,-0.60757,0.022743,-0.8388,-0.02181,-0.55085,-3.8534,5.8886,0.79015,-0.86489,-1.2426,-1.6082,0.13401,-0.7747,-0.23536,6.9289,2.6663,-0.9923,-1.135,0.33503,-3.5839,0.3287,0.96468,-0.44151,-6.1247,-0.6457,6.2265,-0.056565,-0.58247,2.6476,0.76974,-0.14644,0.39529,6.8416,18.7,8.2409,-0.91091,-0.54382,-1.7148,0.87732,0.68486,-0.24419
1,6.6673,-0.26831,3.373,0.76818,-0.11355,-0.094388,-0.80284,-0.065377,-0.75266,7.6326,2.287,3.4297,0.96727,-0.60564,0.57558,-0.89465,-0.52776,-0.1454,9.6834,-2.3404,0.68977,0.35922,1.1056,2.2451,-1.2643,1.7843,0.64118,-10.025,0.77345,-1.645,0.59732,0.39016,-2.0057,0.39593,-0.46122,0.07583,-10.32,2.2116,1.4289,1.2518,0.65384,-2.6773,0.4533,0.48861,0.1563
0,6.4021,-0.28603,3.7428,-0.40975,0.32666,0.18745,-0.74284,-0.18157,-0.75291,4.9733,5.4862,5.5497,0.55652,0.10883,0.14872,-0.43831,-0.78117,-0.77827,4.557,-4.3012,5.4245,-0.26849,0.025478,-0.015275,-0.3339,0.78856,-1.0488,-7.4992,-4.6458,-0.54649,-0.88261,0.2635,2.4018,0.21455,-0.7412,0.075831,-8.7094,-1.6197,-1.5341,-0.282,0.12833,1.5404,0.54791,0.46453,0.10416
7,7.3935,-0.73196,5.9393,-0.24238,0.11446,0.59471,-0.42698,-0.084421,-0.86576,-6.6442,9.2467,-0.61341,0.94009,-0.58353,-1.6195,0.70742,-0.58732,-0.29226,-5.1401,-7.7479,9.5407,-1.4137,0.70802,1.3347,0.48559,0.085685,-0.82221,-3.9334,11.577,6.4646,1.2397,-0.084694,0.32584,-0.21228,-0.79677,-0.49489,-6.3534,-13.972,3.8269,0.25504,-0.098566,-0.48391,0.000106,0.9696,-0.024102
4,21.069,-0.1957,3.1518,-2.4532,0.66879,-0.83721,-0.89189,0.021634,-0.42563,-4.1768,8.9463,-0.032566,0.46598,0.48605,1.9057,-0.003115,-1.7139,-0.47481,-3.8201,-9.2374,4.9692,-0.50329,1.7348,0.78009,0.54036,0.62621,-0.52523,-13.217,1.9382,0.28545,-0.94965,0.61336,1.613,0.39335,-0.32052,-0.16454,-20.333,2.6238,-2.7302,0.74516,-0.37803,3.2917,0.56949,0.33111,0.064251
3,13.557,-2.9926,2.6031,-0.23959,0.86308,0.29162,-0.89637,0.030576,-0.51666,1.3852,7.2029,9.0279,0.21958,-0.87567,0.88131,0.54253,-0.37807,-0.10933,1.4869,-7.0405,9.2061,-0.028221,-0.000197,0.24534,0.13135,0.35623,-0.63833,-9.3301,-0.40844,-0.050477,0.56607,0.53913,-0.65797,0.82605,-0.45244,-0.28699,-14.799,3.8245,-0.44984,-0.57538,-0.20322,0.06807,0.70371,-0.065043,0.66783
0,7.2614,-0.71518,2.1538,0.64496,-0.28581,0.016658,-0.75534,0.10513,-0.65094,8.2184,-0.24735,2.085,2.0612,-0.4977,0.12358,-0.16517,0.11806,-1.0448,-7.056,-0.15608,3.7483,-0.12213,0.16917,-0.62795,0.82277,-0.31301,-0.52311,-8.9267,-1.5745,-1.7144,0.84426,0.45365,-1.2573,0.86468,-0.43119,0.28874,-7.6647,2.962,0.49705,1.6803,0.50268,-1.9712,0.86913,0.91514,-0.32935
5,7.3929,0.33597,4.3597,-0.388,-0.36579,0.078246,-0.65907,-0.12579,0.11148,4.0042,6.895,5.7998,0.036927,0.038234,0.16059,-0.82878,-0.43229,-0.26344,4.574,-7.1169,4.8401,0.20348,-0.31634,-0.11974,-0.70907,0.34879,-0.67291,6.7865,1.5937,1.3924,0.969,0.50586,-0.77445,0.20866,-0.57063,-0.36229,-3.9399,-12.092,2.3709,-0.86792,0.68628,-1.4132,0.40454,0.27316,0.09402
6,9.3725,-1.697,4.6408,0.60109,0.15359,-0.25103,-0.88867,0.46047,-0.066475,-1.9204,5.5189,8.5271,0.19667,0.14711,-0.095415,-0.33744,-0.26425,-0.8864,-0.51405,-5.572,8.9384,-0.12143,0.23311,-0.24928,-0.23994,0.8043,-0.47219,-6.0357,5.8588,0.29042,0.65856,0.024416,-2.6144,0.4706,-0.53936,0.32781,-10.191,-11.38,-1.4024,0.64538,0.17744,-1.9656,0.57298,0.52959,-0.38872
3,8.9907,-0.43116,1.1868,-0.43609,-0.16934,-0.34676,-0.76413,-0.094313,-0.56811,2.5868,6.6547,6.1043,0.12322,-0.79501,1.1102,0.80715,-0.27379,-0.1855,1.6306,-5.6232,7.8237,0.30495,-0.91359,-1.4976,0.15384,0.30667,-0.6558,-8.0692,1.0708,-1.661,0.97037,0.094508,0.55824,0.85398,-0.40278,-0.30469,-9.6158,-4.2381,-1.14,1.2606,-0.035976,2.191,0.61099,0.77265,0.31243
4,9.5351,0.63208,3.1486,0.59286,-0.15287,0.28614,-0.74388,-0.20935,-0.45866,-8.011,8.2673,2.5948,-0.1193,-0.84911,1.4372,0.034618,-0.57442,-0.35328,0.46844,-5.8452,8.1865,0.085498,-0.3777,-0.78002,0.34217,0.4886,-0.92406,-9.9232,0.84631,-2.2555,-0.081494,-0.23674,-0.55154,0.68488,-0.17788,0.053029,-6.3723,-4.9602,-0.66967,-0.19698,0.045754,0.63795,0.26584,0.54784,0.030936
5,8.3838,-2.8608,4.0188,0.075016,0.069023,-0.19767,-0.62633,-0.062428,0.070765,6.1719,4.5478,5.9087,0.076931,0.046995,-0.12707,-0.88788,-0.016419,-0.23506,8.174,-10.75,6.935,0.96587,0.40667,-1.0043,-0.78945,0.31935,-0.59282,-7.8659,10.793,-0.095662,-0.10216,-0.35997,-1.7412,0.54051,-0.38191,-0.11286,2.2571,-7.2886,-2.0921,-0.070226,-0.09921,-1.7467,0.1501,0.54047,0.24203
4,9.1244,-0.071503,2.3315,0.55963,0.24819,-0.13682,-0.77274,-0.18046,-0.47151,-7.4138,8.1754,2.5349,0.45479,0.065079,1.0453,-0.046519,-0.7018,-0.16299,-0.38682,-4.7386,8.4554,0.1595,-0.4986,-0.85804,0.40112,0.41184,-0.95561,-10.006,-1.0939,-1.2304,0.49577,-0.13664,-0.2726,0.69318,-0.1286,0.056987,-6.3636,-3.7215,1.8272,-0.39265,0.4897,1.2109,0.32692,0.51396,0.011096
1,8.2319,0.50743,1.0534,-0.80996,0.27047,-0.019341,-0.89896,-0.045023,-0.4844,10.051,0.98902,2.4031,-0.91979,0.52141,-1.2347,0.16725,0.095802,-1.207,7.8745,-0.65204,1.1599,-1.2086,0.38012,-0.051193,-1.0841,0.97502,-0.14343,-10.47,-3.8222,-2.8457,-0.070979,0.56663,2.2763,0.64631,-0.29436,0.44947,-9.8978,0.19092,-3.7834,-0.26791,-0.485,2.001,0.88507,0.62344,-0.093186
0,10.321,2.4947,1.9232,-0.59658,0.070287,-0.087319,-0.63994,0.006051,-0.61573,10.684,4.1207,0.000481,-0.62158,0.18266,-1.5595,-0.46674,-0.62949,-0.86308,10.009,-3.5937,4.5121,0.2528,-1.348,-3.1618,-0.97854,1.078,-0.64502,-16.477,-7.0349,-1.8185,0.42511,-0.39996,2.0392,0.7381,-0.40182,0.17564,-15.054,-0.17161,7.238,-0.6574,-0.057987,0.90908,0.87758,0.83698,-0.11923
1,11.149,0.88238,1.4191,-0.030153,-0.15484,0.001976,-1.1867,0.10061,-0.26964,10.673,2.2342,0.70576,-0.3878,0.79814,-1.6033,-0.59861,-0.39082,-0.30572,9.454,-1.8359,3.497,-0.42371,0.038675,-0.052482,-0.31203,1.076,0.18914,-4.3854,6.4856,-6.2083,0.65083,0.46136,0.42509,-0.21824,-0.79066,0.26391,-9.5767,-7.6348,-4.0689,-0.5159,-0.30471,1.526,0.88704,0.39544,0.000468
1,7.6398,0.052824,2.327,0.47989,-0.20803,-0.37914,-0.73497,-0.035188,-0.51411,7.8366,3.7891,0.6939,0.80996,0.060522,0.21119,-0.55504,-0.65956,-0.66707,7.469,-2.0471,1.4225,0.72241,0.88808,1.7463,-0.69117,1.1099,-0.93797,-10.196,0.57127,-2.0787,0.59539,-0.020132,-1.0718,0.7684,-0.34889,0.2569,-4.3532,1.0122,-0.26438,-1.1065,0.39175,-0.11531,0.64013,1.0126,-0.15607
6,9.3377,-1.02,1.5121,-0.20463,0.13383,0.14853,-0.82208,0.37956,0.24788,0.10747,4.8528,8.4447,0.023231,-0.11003,0.003346,-0.48221,-0.08719,-0.76956,-0.54832,-0.90924,9.9609,-0.25799,0.31309,-0.28427,-0.35584,0.4957,-0.67141,-2.5416,3.1279,-0.25435,-0.78427,0.16998,0.62147,0.37907,-0.50268,0.42461,-8.0279,-11.52,-1.7192,-0.38144,-0.028025,-0.18218,0.60271,0.20526,-0.42758
7,9.9984,-0.10343,1.8509,0.12567,0.72767,-0.10228,-0.77041,0.009307,-0.60493,5.2449,3.8577,8.9214,0.55695,0.61508,-0.74772,0.15587,-0.33487,-0.87297,5.3426,-3.2699,9.4062,-0.54869,0.82329,0.69819,0.1126,0.098337,-0.93753,-3.1635,12.86,-1.1903,1.262,-0.18343,-0.87106,-0.1571,-0.94721,0.017022,-2.581,-11.15,-4.9481,-0.17117,-0.56716,0.8127,-0.27541,0.7596,0.54041
9,5.1085,-0.87397,1.3139,0.43629,0.075968,-0.1062,-0.73433,0.3729,-0.44316,8.0297,0.28261,-1.2251,0.43262,-1.087,-0.18051,-0.007994,-0.84266,-0.35607,-3.1779,-6.6739,3.8846,0.001727,0.26423,-0.13516,-0.52801,0.70076,-0.37284,-9.1809,7.8922,7.2639,-2.4966,-0.68834,-0.82696,0.78136,-0.49787,0.16499,-7.7043,-16.419,5.0136,-0.60532,-0.081638,1.1932,0.95469,0.028871,0.008583
2,6.1563,-1.6658,3.4579,2.9336,0.77054,0.72328,-0.7516,0.11086,-0.70697,5.2077,8.0889,-0.6041,-2.2404,-0.033963,0.78606,-0.58535,-0.6679,-0.37917,5.9917,-5.487,4.8051,0.073251,-1.4544,-1.911,-0.50212,0.53429,-0.9387,-15.821,8.6851,-1.7543,1.4153,-0.65652,-3.4219,0.88775,-0.27507,0.20175,-6.2189,17.796,10.675,5.3391,0.33859,-0.42237,0.66194,0.74004,0.092271
1,11.87,-0.39724,3.0078,0.40403,0.32903,0.23756,-0.86233,0.035292,-0.71147,10.906,1.4331,2.5268,1.3568,-0.61995,1.33,-0.74152,-0.76896,-0.37015,12.62,-4.6495,2.7789,0.75989,-0.002349,0.98448,-0.62005,0.5971,1.3611,-8.1792,-5.4948,-0.01851,1.2586,0.64258,-1.2201,0.048915,-0.63218,-0.043942,-10.285,-7.7762,-0.33365,-0.14238,-0.16624,-1.42,0.70566,0.058133,0.13717
5,8.9161,0.22626,5.3491,-0.32988,0.085246,0.23509,-0.64131,-0.13106,0.011206,6.2536,4.9783,5.9104,0.13948,0.1718,0.034933,-0.88944,-0.04082,-0.15188,6.1523,-4.7603,5.6944,-0.040873,0.049792,0.26292,-0.80738,0.024422,-0.63607,-3.1645,11.075,-1.81,-0.93971,0.25381,2.1144,0.34965,-0.54511,-0.044968,-0.061531,-7.1886,1.7251,-0.56866,-0.050315,2.5283,0.15712,0.59608,0.10833
7,10.097,0.55983,-0.27546,-0.014997,0.33296,0.07148,-0.6815,-0.19469,-0.64334,4.7159,8.7256,1.5002,0.57336,-0.20655,-0.24924,0.37135,-0.83116,-0.22797,4.3646,-2.7963,8.2053,-0.413,0.17406,0.33115,0.25199,0.009017,-0.91559,0.66093,8.6811,3.7844,-0.093977,0.19932,-0.30836,-0.68255,-0.58053,-0.35474,-0.83526,-9.1953,1.5157,-0.013096,0.15393,0.23484,-0.55758,0.79362,-0.058907
6,9.8799,-1.5436,-1.4274,0.35738,0.085905,-0.37352,-0.90513,0.49957,0.4421,-1.3716,6.1691,7.5792,0.20363,0.10961,0.041397,-0.49449,-0.30917,-0.84657,-1.8717,-1.622,9.5354,0.06447,-0.025916,-0.005904,-0.34625,0.54628,-0.79559,-4.0349,7.683,-2.7755,1.1028,-0.83693,-2.3618,0.36199,-0.57972,0.3959,-7.4152,-10.455,-2.7876,0.18879,0.57836,-1.5853,0.54917,0.62232,-0.28724
3,10.557,-1.1138,1.0309,0.17345,0.13877,0.006835,-0.74267,0.036182,-0.53583,4.5857,6.2996,6.0809,-0.056671,0.34743,-0.63937,0.27511,-0.37064,-0.12895,3.2083,-6.3647,6.6154,0.24567,0.33216,0.48368,0.14573,0.40768,-0.69762,-10.7,-0.67504,-1.4152,0.31614,-0.081722,-0.81744,0.66723,-0.46822,0.19639,-8.8349,-4.8263,-1.8838,0.64337,0.33161,-1.0943,0.57907,0.68854,0.22255
6,10.087,-1.5765,-0.82441,-0.039828,0.041267,-0.29156,-0.93437,0.49393,0.40315,-1.024,6.1341,7.3808,0.057619,0.11188,-0.1269,-0.48922,-0.29321,-0.87425,-0.7731,-1.2358,9.8379,0.038081,-0.097177,-0.042844,-0.41809,0.52559,-0.78615,-5.6342,9.4418,-3.1327,0.51127,-0.8015,-1.9864,0.40305,-0.52168,0.38903,-7.0112,-11.411,-2.8775,-0.046079,0.35961,-1.798,0.5212,0.67143,-0.21868
5,8.9908,-0.68746,3.1462,-0.23621,0.17211,0.24581,-0.60814,-0.13111,0.12487,6.3323,5.0747,5.726,-0.026123,0.032741,0.17592,-0.89194,0.043341,-0.23038,5.6632,-5.5627,5.6105,-0.027446,0.16743,0.18531,-0.80862,0.14738,-0.65252,1.6587,3.7351,0.90444,-1.086,-0.55349,1.6558,0.34643,-0.5286,-0.28409,-0.66938,-13.728,-4.1025,-1.0686,-0.26604,1.3626,0.35614,0.37775,0.26962
2,7.7776,-0.33665,1.0349,-0.74734,1.2475,0.32939,-0.79571,0.093313,-0.49413,2.0681,5.2752,5.978,-0.36498,-1.4619,2.0153,-0.090447,-0.19551,-0.66365,1.9708,-5.7685,6.9287,0.056372,-1.3676,-0.85759,0.30357,0.74751,-0.84992,-10.373,-8.6575,1.9126,-1.2921,0.24778,0.19747,0.2249,-0.72959,0.42029,-14.963,-1.0213,1.1825,-0.32336,1.4662,3.9434,0.96223,0.49816,-0.11723
6,8.2804,-0.23616,3.0637,0.17987,-0.35482,0.35446,-0.91686,0.40377,-0.07416,-1.2685,5.2482,7.5362,0.11564,0.043392,0.14628,-0.33497,-0.31852,-0.85443,-0.99209,-5.6965,8.225,-0.070477,0.15707,0.19559,-0.25939,0.79077,-0.47461,-0.82091,2.7891,1.2521,0.8044,0.42141,-0.57291,0.44423,-0.65091,0.21932,-8.7019,-9.0186,-2.3377,0.27717,0.15857,-0.37028,0.60327,0.48567,-0.37109
3,9.7451,-1.9961,3.4999,0.52486,-1.8807,-1.0496,-0.76247,-0.027491,-0.57644,3.8927,3.387,7.7062,0.39967,-1.2609,-0.08131,0.3235,-0.41984,-0.82547,4.2246,-2.531,8.2497,0.12798,-1.317,-1.5673,0.23959,0.33106,-0.96813,-11.379,7.7981,-1.1531,-0.48325,0.21734,0.59981,0.79375,-0.12468,-0.51468,-8.1433,-5.1827,0.16409,-0.33439,0.55913,1.7937,0.56664,0.9048,0.22042
0,8.1544,1.1847,3.1138,-0.20025,-0.55554,0.14083,-0.77285,0.18006,-0.62541,3.0494,9.1015,-0.25608,0.025884,-0.12012,-0.45913,-0.43259,-0.66736,-0.42046,5.41,-4.1439,6.8011,-0.010073,0.33496,0.58818,-0.17579,0.61716,-1.0069,-6.5166,-4.5106,0.47777,-0.15803,0.022167,-0.36449,0.40246,-0.76669,-0.18187,-10.484,0.60101,-0.85087,-0.28761,0.077624,1.1579,1.1232,0.27147,-0.095961
2,-1.1075,0.78539,-0.52196,1.0772,0.55111,-0.070896,-0.86204,-0.018891,-0.53558,-9.146,0.54709,1.5828,-0.27926,0.99573,-0.5105,0.01541,-0.82452,-0.28121,6.0842,4.3905,0.6513,1.5043,-2.439,-0.49727,0.46746,0.96775,-0.30285,-2.169,19.219,-4.537,-0.44024,-0.022784,-0.43063,0.71501,-0.021507,0.47622,-0.78208,5.2147,8.9063,0.60628,0.27374,2.1439,0.8626,0.61131,-0.29873
9,9.4388,1.0311,1.5311,0.02387,-0.34247,0.074258,-0.8944,-0.35988,-0.10735,7.0828,11.036,2.7805,-3.3175,0.72549,-0.40987,-0.81862,-0.17565,0.23159,14.168,-3.8897,9.9592,0.13478,-3.8314,-2.5778,-0.89761,0.109,-0.46963,-8.7758,0.70921,1.0064,-0.39743,0.68371,0.69204,0.96854,-0.003371,-0.25998,-8.864,0.026349,0.5603,0.39156,0.016424,-0.07412,0.88599,-0.18507,0.27613
9,5.5489,-3.2845,0.04623,-1.0702,-0.72518,0.23865,-0.75501,0.42183,-0.27417,13.448,23.271,8.5319,0.82271,-0.68778,10.932,-0.1222,-0.53929,-0.67049,11.371,-18.941,16.521,-2.3202,-5.1331,-8.7043,0.3774,0.38579,-0.70349,-9.4543,0.27315,-1.2355,0.31686,-0.2758,-0.18587,0.84931,-0.283,0.30938,-5.2784,-2.1426,-0.34583,0.23064,-0.8387,0.16714,0.58231,0.69757,-0.19258
8,2.862,-0.56577,0.73299,0.33167,1.3094,0.12245,-0.363,-0.031949,-0.71394,3.9633,-0.18743,1.8628,0.38295,0.10208,-0.004225,-0.50034,-0.48944,-0.20559,1.1045,2.2151,1.0208,0.63723,-0.10272,0.20444,-0.48331,0.37598,-0.40443,-6.1564,1.6978,-2.8834,0.82067,0.45178,-1.0681,0.61686,-0.33156,0.03122,-3.8069,-0.70452,-3.3681,-0.48103,0.16113,1.0456,0.61466,0.24574,0.28741
2,1.3895,1.8604,0.68197,1.0959,-0.33465,0.092822,-0.84536,-0.1279,-0.85433,-5.172,4.6077,3.073,1.0974,0.4161,0.97737,0.22366,-1.0506,-0.53295,3.9776,-1.3319,-0.21732,0.43868,-0.90034,0.18703,0.40801,0.66542,-1.0365,-5.8956,11.953,-1.5906,0.72225,-0.26744,-1.1846,0.64023,-0.27742,0.4041,0.55726,3.3691,6.8109,-0.80677,0.66501,0.96977,0.40061,0.64234,0.35489
0,8.4244,-1.6376,1.7752,-0.11482,-0.25265,-0.19124,-0.842,0.20393,-0.54939,8.042,1.2734,3.9354,0.067556,-0.53931,0.41145,-0.062921,-0.09508,-0.74406,3.8019,-6.9153,1.1653,1.2871,-0.25055,0.51554,-0.17678,1.4672,-0.11421,-9.8353,-0.42501,-2.0068,0.086683,-0.03057,-1.002,0.70444,-0.15331,0.49168,-4.9235,5.7664,-1.9282,0.49463,0.55877,0.031599,0.80098,0.63862,-0.51727
5,8.0149,0.64344,2.8604,0.22329,0.28197,0.14633,-0.63452,-0.13931,0.10515,0.314,5.0243,7.4935,-0.18309,0.086528,-0.081648,-0.20914,-0.38978,-0.29155,0.91887,-1.399,9.1609,-0.079493,0.078785,0.093912,-0.54976,-0.15849,-0.55589,-3.6077,12.53,-2.488,-0.89097,0.39594,1.2616,0.40572,-0.50885,-0.008084,4.2883,-3.793,1.1503,-0.82433,-0.22964,1.6627,0.061421,0.62252,0.065786
5,9.3151,-3.2335,6.5145,-0.16021,0.11043,0.18695,-0.78875,-0.10405,-0.018901,4.2052,8.9148,0.57776,0.1795,0.16737,0.089392,-0.80315,-0.30367,-0.27518,7.2858,-3.2983,5.1092,0.040563,-0.061178,0.03893,-1.0019,-0.1428,-0.62292,-2.3874,1.5438,-5.437,-0.84175,-0.52532,3.8216,0.2126,-0.51986,-0.3364,-9.3848,-22.346,-5.0643,0.67445,-0.76689,2.3684,0.33177,0.2924,0.19938
8,5.5379,-1.0179,2.9427,0.48341,0.42043,-0.074613,-0.70767,-0.37647,-0.286,7.8377,-2.0408,3.5299,2.1016,0.26629,0.38619,-0.35458,-0.59992,0.38194,3.2217,-1.6028,2.1711,-1.0534,-0.071838,0.13651,-0.39399,-0.019666,-0.66644,-7.8035,-1.0142,-3.4159,0.35756,-1.0613,0.008021,0.51856,-0.24386,-0.45883,-6.0953,2.149,-4.5421,-1.1314,-1.5252,0.17485,0.40508,0.17204,0.64362
3,8.3744,-3.1896,1.3121,1.0606,-2.1012,-0.63651,-0.80978,-0.027396,-0.6797,1.1568,9.4857,0.63305,0.25817,-0.39521,1.8052,0.96629,0.16217,0.27473,-0.86184,1.4681,10.708,-1.2406,-0.70028,-1.5131,0.50151,-0.31444,-0.83884,-8.6191,2.5389,2.1675,-0.17272,-0.88294,0.76869,0.80322,0.089896,-0.56802,-5.1404,-6.3714,1.2864,0.077321,-0.55712,1.9508,0.62752,0.7137,0.39904
9,9.8483,-0.16127,2.6362,0.2425,-0.4,-0.11197,-0.50475,0.34767,-0.77199,3.089,6.1477,5.8181,-0.10283,0.1525,0.14543,0.44415,-0.25588,-0.82421,2.9817,-6.7659,5.7887,0.30091,-0.13745,-0.017304,0.32401,0.83605,-0.44018,-9.3444,-1.2359,0.47624,-0.40911,-0.19485,-0.44684,0.87758,-0.58935,0.12999,-9.2148,-1.1728,-0.80938,0.45771,0.11858,0.21707,0.70473,0.67127,-0.34588
5,8.767,-0.41782,4.887,0.050483,-0.14813,0.06531,-0.78708,-0.10029,0.065778,-0.65124,8.2479,5.1468,-0.035819,0.08333,-0.1642,-0.11663,-0.49147,-0.070241,2.0067,-1.0891,8.5311,-0.23987,0.29932,0.1872,-0.59277,-0.19828,-0.51993,-4.8494,14.25,-3.1284,-1.6157,-0.042499,2.4488,0.23464,-0.50423,-0.21293,-0.7496,-7.3817,-2.2204,-0.57883,-0.70881,2.3796,0.19648,0.48926,0.19524
9,15,-4.0436,4.0172,-1.6902,0.88762,-0.076453,-0.87876,0.27187,-0.42619,7.1904,9.1298,-10.701,0.28877,-2.2895,0.21028,-0.010481,-0.61144,0.66649,4.8427,-13.901,1.6526,1.7774,-0.45243,4.5213,0.005321,0.91437,0.18198,-17.732,-11.092,0.98578,0.16436,-0.85492,3.1284,0.8307,-0.37368,-0.092969,-14.556,-4.8045,1.8843,0.028597,-0.29519,1.9883,0.75111,0.45171,0.22112
7,7.6834,0.90929,6.3009,-0.51074,0.80631,0.15202,-0.38756,-0.095289,-0.88321,-0.71599,5.7418,0.1449,-0.46201,-1.0936,-1.0308,0.59222,-0.66623,-0.34724,-1.8796,-4.7932,9.3814,-0.66832,0.088777,1.2702,0.41448,0.069923,-0.8683,-0.65459,7.6679,5.3853,0.099579,0.37797,-0.68549,-0.35831,-0.73061,-0.51538,-2.8358,-10.777,0.75733,-0.17284,-0.084366,0.69481,-0.14831,0.96167,0.003354
5,9.0864,0.54995,2.8794,-0.16065,0.16569,0.13104,-0.58136,-0.21546,0.14846,2.6789,0.77167,9.4852,-0.04798,-0.008536,0.005814,-0.27711,-0.16987,-0.23736,1.7851,-0.78321,9.6494,0.034343,0.086821,0.006028,-0.6413,-0.14103,-0.49883,-2.4912,9.9701,1.4004,-0.40754,-0.33871,1.5338,0.3393,-0.53129,-0.23426,-1.0392,-8.7504,-3.2397,-0.9472,-0.67275,1.6357,0.27501,0.46085,0.29796
2,3.7915,0.44991,0.25822,1.4146,0.17154,0.076659,-0.68364,-0.027393,-0.57466,-5.4651,7.9943,-2.2013,0.92316,2.5322,-0.59753,0.16146,-0.68962,0.18532,5.3437,-2.6444,-0.82864,0.46936,-1.0775,0.81146,0.27815,0.78951,-0.54766,-6.5648,14.126,-4.4597,0.70558,-1.6964,-1.862,0.75219,-0.21533,0.32317,6.4025,19.343,-8.1771,1.7176,-2.0942,-0.65593,0.79811,0.77489,-0.28517
6,9.0433,-2.5696,-2.5665,-0.14576,-0.3839,0.36449,-0.89082,0.41751,0.49385,-2.2328,6.7128,7.46,0.17014,0.32873,0.24743,-0.41856,-0.36346,-0.85134,-1.0377,-2.0239,9.4183,0.013295,-0.030681,-0.0252,-0.39035,0.53345,-0.78448,0.91629,3.7257,1.1551,-0.062801,-0.54248,-0.08484,0.23458,-0.72792,0.35432,-6.8864,-8.2345,-1.9808,0.030102,-0.041377,0.054998,0.60488,0.54875,-0.33278
5,8.6754,-0.81977,4.3332,0.16923,0.29114,-0.18383,-0.65067,-0.085364,0.043065,-0.2284,5.9427,8.1884,0.00079,0.079235,-0.047304,-0.17928,-0.4211,-0.28452,0.004017,-2.2072,9.7081,0.10296,-0.054447,-0.01337,-0.50978,-0.087991,-0.60458,-4.794,11.266,-2.241,0.38374,-0.77774,-2.2641,0.35412,-0.54744,-0.046439,-0.13511,-10.691,1.4305,-0.018122,-0.059502,-2.4196,0.1864,0.58464,0.12212
0,11.314,1.6728,3.4745,-0.06474,-0.12718,0.18242,-0.84348,-0.19175,-0.64465,4.5415,8.0157,7.3528,0.06726,0.751,-0.087497,-0.37431,-0.83026,-0.69739,5.0131,-5.5246,6.7821,0.068512,0.17216,0.99405,-0.28376,0.80824,-1.153,-12.872,15.921,-2.6511,-0.11982,-0.08128,0.45062,0.077738,-0.7386,-0.23015,-10.251,-4.7265,-1.477,-0.76045,-0.004956,0.99205,0.70027,0.26361,0.13499
3,-4.3122,4.3841,4.2011,-0.15865,0.29113,0.2009,0.45707,-0.20733,-0.83458,3.9318,7.3989,-0.81798,-0.22745,0.55534,0.32157,0.62306,-0.60381,0.4314,4.6258,-5.3693,4.3056,0.10235,-0.43923,-0.17116,-0.17774,0.58279,-0.53566,-5.9005,2.3023,-1.9221,-0.44159,0.90322,-1.5135,0.77302,-0.27504,-0.44959,-7.4476,-9.9187,-2.1888,0.60148,0.3509,-1.5894,0.6787,0.54719,0.63188
7,9.1873,-0.6065,3.6572,-0.071311,0.15787,-0.03413,-0.69664,-0.060811,-0.66899,-0.043685,6.0676,6.945,0.89703,-0.87694,0.82089,0.40371,-0.46852,-0.72682,4.3568,-3.1576,7.8505,-0.50021,-1.4112,-1.0694,0.10212,0.111,-0.93075,0.056933,8.9393,1.2759,0.1692,-0.24654,0.56291,-0.43313,-0.80937,-0.29064,0.74849,-9.5622,0.82801,-0.034809,0.16371,-0.56197,-0.50695,0.82324,-0.00608
9,9.6057,-1.0969,1.236,-0.52867,-0.09102,0.009126,-0.6837,-0.49506,-0.20747,10.516,0.23048,9.0903,1.3967,-0.58915,0.43841,-0.8069,-0.09935,0.29121,8.4024,1.1233,11.629,-0.38455,-0.6147,-0.059329,-0.71098,-0.45253,-0.078553,-9.4764,-2.5118,-3.4705,1.3673,0.39968,-1.1645,0.76585,-0.14635,-0.26758,-10.067,-1.4275,-2.0408,0.85609,0.74778,0.069408,0.53175,0.20863,0.63253
3,9.3392,0.46278,-2.4554,-0.27065,0.5026,0.011764,-0.89107,-0.12983,-0.3127,6.0679,6.9823,3.2452,0.036179,0.09186,-0.75652,0.49752,-0.61896,-0.19154,8.1779,-3.8993,3.2786,0.16216,0.54597,0.67383,-0.40966,0.3092,-0.56302,-9.3684,3.9786,-2.051,-0.7257,-0.002456,1.1349,0.78531,-0.4911,-0.19237,-10.362,0.81783,-0.89252,0.086155,-0.088072,0.47051,0.7611,0.17183,0.6031
7,10.71,-0.066221,0.90923,-0.061173,0.18197,-0.19998,-0.59815,-0.15924,-0.72467,3.7277,11.001,-0.99407,-0.09002,0.23164,0.15425,0.41418,-0.84394,-0.02496,4.2755,-3.9068,9.6004,-0.043823,-0.23451,-0.17457,0.24037,0.045376,-0.92706,1.0656,8.6339,4.0153,-0.19587,0.081519,0.068501,-0.73246,-0.53144,-0.33053,-0.80474,-9.3831,2.3888,0.12542,-0.016633,-0.026681,-0.59569,0.76053,-0.08494
2,50.559,-0.24058,36.174,7.0842,1.3721,-2.5196,-0.85891,-0.049283,-0.55902,3.3979,11.252,-3.3091,0.59356,-0.87325,1.2066,-0.64382,-0.77464,-0.23576,7.6877,-0.10935,11.357,0.23431,2.4704,-1.1416,-0.25412,0.40841,-1.0343,-27.988,-19.322,-4.7451,-1.9451,0.28505,4.5157,0.66959,-0.63791,0.020195,-27.036,-18.414,1.1766,0.53616,-1.2446,5.816,0.97339,0.50151,0.082587
2,2.8214,-0.11691,-1.7125,-0.9344,0.079969,-0.25866,-0.90051,0.2165,-0.36905,-6.3335,12.82,4.4844,-0.91705,-0.49486,0.33349,-0.084736,-0.4909,-0.52803,0.88584,0.58862,-2.6691,-4.5862,-2.0026,2.5471,0.68294,0.59938,-0.42833,-5.5244,15.494,-1.4523,0.41962,-0.24353,-0.10023,1.026,-0.038349,0.24548,0.74362,-9.0482,3.2065,0.58499,2.4048,1.123,0.81684,1.0055,-0.28304
4,10.045,-1.2126,2.9922,1.3287,0.49765,0.52338,-0.76987,-0.11645,-0.48547,-1.5509,9.348,5.7923,1.2808,-0.55914,0.74235,-0.24307,-0.59486,-0.54327,0.70653,-7.4647,6.0966,-0.10518,-0.31818,-1.204,0.012214,0.41809,-1.0743,-12.366,-0.46761,-1.93,0.20959,-0.021796,-1.2973,0.64023,-0.16854,-0.03977,-8.759,-4.8012,-2.1784,0.63356,0.51957,-0.56853,0.39592,0.39775,0.15585
9,12.625,-5.1705,-2.0884,1.0937,-0.52265,-0.29514,-0.71252,0.55644,-0.10214,11.967,5.5459,1.8627,-1.4997,-0.86778,1.9331,-0.75828,0.066982,-0.49467,16.712,2.6122,6.7251,-1.9103,-2.2516,0.55452,-0.90595,0.30121,-0.030645,-12.824,-5.0448,-1.5432,0.28825,0.38519,-0.39515,0.82289,-0.15324,0.44657,-11.541,-2.6646,2.55,-0.18981,-0.12704,-0.06014,0.75443,0.45733,-0.27051
4,9.0714,-1.9542,-0.49362,0.30405,0.426,0.29281,-0.78328,0.13655,-0.49961,4.0849,7.5479,3.5921,-0.59673,0.18512,0.99634,-0.35926,-0.90017,-0.48264,-0.79417,-8.3599,6.9877,-0.012983,-0.57924,0.54191,-0.15319,0.52487,-0.59311,-6.303,4.5662,-3.7893,1.6109,-0.43104,-0.6641,0.46588,-0.37192,-0.059374,-8.165,-0.071273,-1.2578,0.6541,0.067212,-0.83256,0.64224,0.23051,0.17249
8,11.418,-0.69279,5.1762,0.094945,0.21649,0.0019,-0.81237,-0.31824,0.17513,9.807,3.6534,0.73377,0.39692,0.35712,0.11846,-0.68552,-0.06648,0.3962,12.277,0.39918,1.8328,0.7273,0.74778,-0.13353,-0.55907,-0.41117,-0.12542,-10.16,-0.25333,-0.16814,-0.082103,0.32635,0.2288,0.45334,0.22498,-0.42691,-11.025,-0.084057,-0.18559,0.50849,0.46979,-0.21677,0.40654,-0.39247,0.4716
5,8.9101,-1.6513,4.3441,0.12687,0.052638,-0.070659,-0.65533,-0.055049,0.057472,0.55884,5.301,8.0488,0.10684,0.052352,-0.087706,-0.21447,-0.37862,-0.30123,-0.025998,-1.7047,9.755,0.031781,-0.014749,-0.033648,-0.52161,-0.10906,-0.60316,0.40697,6.342,0.11202,0.87816,-0.7386,-2.4009,0.2472,-0.61218,-0.06116,-1.9044,-12.073,1.8884,0.96058,0.17317,-1.8,0.33256,0.4927,0.12093
6,8.7971,2.0329,3.0711,0.21588,0.029076,-0.073162,-0.92621,0.33588,-0.17362,-1.2745,6.8739,8.0947,-0.061778,0.084166,-0.29178,-0.38661,-0.33019,-0.82741,0.91822,-3.8412,9.0275,0.031981,-0.072405,-0.16438,-0.39757,0.73498,-0.52204,-9.2333,9.3966,-2.0739,0.10902,0.11566,0.34459,0.61511,-0.26267,0.31615,-0.82749,-4.1647,1.4184,-0.84743,0.57317,1.3321,0.30626,0.72714,-0.45032
2,19.863,0.9918,-1.8017,-0.96362,2.0198,0.056744,-0.84563,0.10746,-0.42232,10.699,20.124,-1.0698,-1.2091,-1.3821,-4.0829,0.027721,-0.47825,-0.4622,15.236,-25.436,0.74921,-2.508,1.0538,-1.1503,-0.28201,1.2926,0.10001,-18.408,-15.272,0.079821,0.88952,0.82659,3.5879,0.9043,-0.34006,0.26793,-24.674,6.3671,-1.1497,-0.48947,-0.17012,2.8216,0.95196,0.77841,-0.15177
0,7.9139,0.9592,2.2379,0.18157,-0.1854,0.07196,-1.049,0.047274,-0.60352,3.917,7.3744,4.5527,-0.016557,0.27831,-0.34226,-0.49817,-0.63272,-0.81314,2.8067,-6.1837,6.8628,-0.029115,0.49887,0.19376,-0.091695,0.95864,-0.98558,-6.8028,-3.5777,-1.4442,-2.4427,-0.027121,0.74354,0.024885,-0.7473,0.30928,-10.178,0.66627,-0.79571,-0.17422,-0.019718,1.2307,0.70672,0.38471,0.077614
8,-0.64224,0.05398,-0.14966,0.043859,-0.37067,-0.11758,-0.73711,-0.31333,-0.29965,-0.90859,-0.88085,1.7734,0.19186,-0.070045,0.054279,-0.37424,-0.5997,0.38312,-1.2263,-0.92251,0.24723,-0.48114,0.20252,-0.11161,-0.43179,0.027086,-0.65076,-2.1067,-2.3805,0.99086,0.28533,0.010454,0.035214,0.45996,-0.27467,-0.50946,0.016038,-1.5986,-0.030772,-0.032307,0.21473,-0.11642,0.48668,0.16591,0.59199
6,9.6158,-1.5082,2.682,-0.22339,0.025745,0.1436,-0.83328,0.39785,0.16839,1.5658,5.0174,8.4617,-0.42194,-0.013668,0.004246,-0.55385,-0.031724,-0.74462,0.50768,-1.3104,9.8418,-0.11396,0.091741,-0.077631,-0.43493,0.50281,-0.62605,-2.7481,5.7518,-0.036567,0.22802,0.17619,-0.50566,0.382,-0.48485,0.44417,-8.9218,-5.0959,-0.37378,0.39043,0.1714,-0.7868,0.60829,0.1968,-0.40369
0,9.4323,-3.8875,0.85865,0.50463,0.35319,0.31372,-0.71496,0.36074,-0.61171,14.065,3.1654,3.5344,1.6659,-0.46517,4.2967,-0.1407,-0.1169,-1.0527,11.581,-4.0646,2.8048,1.3122,-0.18876,0.22843,-1.047,0.32043,0.14442,-9.061,-4.2751,-0.4679,-0.12098,0.1184,-1.2731,0.72143,-0.66468,0.24928,-12.354,0.4939,0.18477,0.029202,-0.67299,-1.8491,1.2233,0.46682,-0.15113
5,9.4885,0.12626,2.049,0.034698,0.10588,-0.1205,-0.57957,-0.18201,0.19063,2.5164,0.62897,9.6373,0.045438,0.058426,-0.025865,-0.26018,-0.17607,-0.24896,1.1902,-1.3743,9.4403,0.09706,-0.075702,-0.02975,-0.59505,-0.10057,-0.53853,-4.2438,10.945,-1.537,-1.025,0.088333,0.77893,0.43198,-0.5089,-0.096395,3.8819,-4.2835,1.0187,-0.27475,-0.057005,0.91251,0.099173,0.55469,0.25551
9,10.073,1.876,5.6459,0.15592,-0.44293,0.30945,-0.47705,-0.030147,-0.54913,-1.7964,6.4048,3.2003,1.4161,0.81886,1.646,0.61386,-0.14931,-0.37311,-0.10465,1.3083,5.7638,-0.024873,-2.2735,-0.55919,0.70933,-0.074712,-0.19278,-9.2395,-1.5909,0.43161,-0.081744,-0.23576,-0.10909,0.66418,-0.36656,0.10599,-13.412,-2.6277,-1.9166,-0.62061,0.5968,0.25105,0.66105,0.29918,-0.11295
6,9.4997,-0.26989,2.7352,-0.27974,0.011759,0.23866,-0.91533,0.33474,0.16571,2.9395,1.3066,9.2838,-0.045649,-0.14419,0.055106,-0.88994,-0.008543,-0.6831,1.1524,-1.1954,9.6248,-0.043223,0.17232,-0.043563,-0.56178,0.5625,-0.73775,-8.7751,8.2616,-2.6454,-0.85457,-0.040341,1.7967,0.61013,-0.32111,0.30731,-7.6078,-6.3794,-3.6463,-1.0951,-0.62193,1.677,0.65558,0.4762,-0.11244
2,19.368,3.6129,6.3357,-2.156,0.30038,-0.42287,-0.68639,0.047904,-0.54729,18.321,23.465,-20.96,-2.2394,-4.4803,-1.7238,-0.045314,-0.48016,-0.31572,9.321,-25.913,9.0338,-1.8488,0.93544,-2.4561,-0.046097,0.99984,-0.35296,-21.155,-5.321,-1.7314,1.2246,0.33682,3.1234,0.58708,-0.58469,0.21769,-22.789,3.4254,-5.5487,-0.12137,-0.22669,2.9313,1.0716,0.68532,-0.060664
8,16.818,-1.1085,2.6683,-0.76161,0.046635,0.29526,-0.92063,0.11044,0.43271,17.689,10.096,-1.8158,1.4144,-0.10897,5.2121,-0.91394,-0.3658,0.094601,24.74,-5.1475,2.0148,0.8714,-1.5976,-4.4804,-0.97914,0.029369,0.16105,-12.501,-2.7018,4.6104,1.6318,-0.27094,0.21707,0.81751,0.40772,0.37778,-16.848,8.8668,2.1783,-0.70827,0.37727,0.4715,0.89599,-0.27363,-0.29464
3,8.7446,0.25339,2.1605,-0.36817,0.38029,0.040755,-0.67295,0.031296,-0.63118,5.731,6.984,3.7368,0.61296,0.1552,-0.99055,0.18256,-0.37687,-0.11314,5.3761,-5.6441,5.7952,-0.082658,0.64544,0.92879,-0.030928,0.47708,-0.67768,-8.8215,3.6177,-1.9519,-0.57056,0.070448,1.7186,0.56182,-0.72995,0.089581,-9.1537,-1.7795,-1.8701,-0.08073,-0.1684,0.57624,0.78626,0.51397,0.16879
3,11.213,1.0751,3.5637,-0.41311,0.32661,-0.1305,-0.8018,-0.036011,-0.70258,2.8769,10.138,-0.95522,0.30887,-0.70019,-1.3231,0.48283,-0.97454,0.38469,4.3095,-6.1074,8.3951,0.033778,2.0358,1.5903,0.078525,0.42905,-0.64491,-11.102,2.4863,2.6969,-0.29547,-0.48635,1.6068,0.86165,-0.3609,-0.39858,-10.078,-1.3836,-0.14177,0.58439,0.34869,0.14868,0.74025,0.48207,0.40229
8,6.8587,-1.4207,2.2907,0.060646,0.12705,-0.13281,-0.72369,-0.3601,-0.31164,9.4294,4.959,1.4665,-0.14163,-0.66319,-0.71203,-0.43929,-0.55801,0.39524,7.4943,-3.0498,3.7,-1.0999,-0.1062,0.31843,-0.36084,0.074558,-0.72053,-11.167,7.9748,0.17841,-0.19992,-1.6132,0.091911,0.53084,-0.3577,-0.43481,-12.099,-3.1222,1.6741,0.59913,-0.20757,0.070752,0.45254,0.24422,0.57953
3,8.196,-3.1027,0.15864,0.21043,0.20596,0.054582,-0.89472,0.10946,-0.42664,6.6128,1.7405,6.396,0.076087,0.4397,-0.26266,0.21272,-0.45502,-0.27098,5.7658,-6.3396,4.8556,0.081467,0.084473,0.49429,-0.20653,0.5088,-0.58016,-8.9346,0.14222,-2.2266,0.16787,0.11319,-0.87981,0.90509,0.00567,-0.31921,-7.8126,-1.3487,-2.333,0.77875,0.1262,-0.80976,0.73574,0.36575,0.68456
3,18.419,4.945,-1.7259,0.0131,0.010753,0.17996,-0.87868,-0.10922,-0.41971,1.0345,9.6191,6.3975,-0.12381,-0.071422,0.41832,0.71795,-0.45477,0.14631,0.38286,-5.512,9.6036,-1.6722,0.39976,0.12049,0.21154,0.40878,-0.71584,-12.378,2.1462,-2.3392,0.71274,0.68428,-0.59681,0.83531,-0.4344,-0.29293,-15.47,-10.522,-4.0304,1.0117,0.17024,-0.43229,0.63158,0.33341,0.7242
3,17.15,-1.9712,4.6824,1.2464,0.17994,-0.053476,-0.72773,0.041153,-0.6318,-6.3107,8.6513,12.781,0.12615,-0.42522,0.88823,0.34864,-0.2248,-0.65074,0.38473,-2.422,13.251,-0.47714,-0.36985,0.19115,0.19145,0.26879,-0.99325,-7.9472,0.47891,0.079293,0.90209,0.14703,-0.701,0.60195,-0.68415,-0.41957,-14.67,0.76156,-5.3032,-0.4436,0.21521,-0.69667,0.69314,0.36308,0.52321
7,9.2079,-1.7392,3.0483,-0.096236,-0.27722,-0.12001,-0.63467,0.16742,-0.77734,-2.6822,-2.5727,7.198,0.6319,-0.71565,0.39605,0.66595,0.47507,-0.53669,-4.2927,0.12893,7.0543,0.17037,-0.84163,-0.56604,0.72274,-0.34682,-0.55669,1.4581,9.2787,0.82989,-0.020417,-0.093444,0.40122,-0.64178,-0.70604,-0.20351,2.072,-9.4396,-0.76008,-0.030954,0.068232,-0.3791,-0.70463,0.67703,0.075317
1,9.5971,0.35741,4.3945,0.040728,-0.58172,-0.2076,-0.89646,-0.17744,-0.66585,9.6284,2.657,4.2557,-0.72071,-0.52104,0.084074,-0.74464,-0.60704,0.19525,7.788,-2.273,1.2453,0.65561,0.12443,0.23544,-0.66612,1.5004,-0.14748,-10.938,-0.88561,-2.7518,0.59032,0.092509,-1.3243,0.59993,-0.18881,0.17664,-5.9734,-1.4358,-2.107,1.2472,-0.066552,-1.0181,-0.006737,0.63785,0.049682
4,-6.7041,3.0529,4.2264,1.7637,2.0437,-0.48969,0.55588,-0.27217,-0.5565,1.7461,9.0203,-3.4651,-1.234,1.3383,1.2545,-0.30355,-1.3359,0.16751,-5.9025,-11.334,2.4829,-0.16005,0.12066,-2.0621,0.021487,0.75617,-0.39941,-1.3574,-3.559,1.7842,0.035284,0.51744,-0.40915,0.53495,-0.27081,-0.19584,-6.0465,-7.9991,-2.2817,0.21386,-0.12174,-0.075313,0.63818,0.27264,0.18943
1,6.7664,-0.63472,1.2496,0.67462,-0.13278,-0.29602,-0.74769,0.057591,-0.50122,6.4763,3.0961,0.84586,0.51688,-0.065686,0.19844,-0.38505,-0.53498,-0.81162,6.907,-2.1594,1.99,0.48522,0.86767,1.8607,-1.0438,1.3136,-0.73965,-9.5197,2.7119,-1.7347,0.51962,0.021826,-1.1548,0.75318,-0.36424,0.30119,-5.7013,3.7003,-0.24827,1.1081,0.23562,-1.1467,0.69785,0.99673,-0.10933
1,8.6005,-0.42902,5.5361,0.037567,-0.28368,0.10725,-0.55948,0.25611,-0.72941,0.8686,9.4863,2.0657,-0.17215,-0.45237,-0.24246,-0.11066,-0.55335,-0.50275,1.2694,-5.5029,9.0291,-0.26346,-0.27894,0.78153,0.2074,0.70704,-0.80143,-5.4711,-4.5735,3.0174,0.24702,-0.20722,-1.1724,0.33935,-0.84111,-0.10502,-10.993,-4.2617,-1.5856,-0.91588,-0.25361,1.0124,1.1351,0.35202,-0.057708
3,8.8671,-5.7796,1.1252,-0.32705,0.091384,0.23211,-0.93381,0.21438,-0.29421,3.017,5.4515,8.2131,0.057,0.42004,-1.3958,0.54748,-0.38912,-0.058377,2.8747,-8.4141,5.092,0.25778,0.26499,0.001028,-0.004283,0.55098,-0.50586,-9.0087,-3.9469,-1.8338,0.064745,-0.17225,-0.20153,0.93206,0.12021,-0.40746,-7.6769,-5.3591,-2.6344,0.57667,0.52982,-0.84086,0.60683,0.6688,0.58472
9,7.5279,2.0652,5.4826,0.19364,-0.45994,0.51942,-0.71464,0.20066,-0.35265,-7.2754,12.906,-4.5179,-0.45015,-0.98435,-0.97693,0.078193,-0.80059,0.045874,-1.7587,5.92,-0.48515,-1.6163,0.092191,-1.5118,0.63657,-0.24291,0.38234,-9.5657,0.72378,0.41983,0.67109,-0.12531,0.33863,0.75234,-0.20477,0.25073,-9.8454,1.2989,-1.8602,0.38292,0.031726,-0.1442,0.81137,-0.084393,-0.16817
7,10.377,-0.9633,0.54412,-0.89476,0.63516,0.40311,-0.88284,0.26634,-0.59212,1.874,9.5989,7.6863,-0.19614,0.53408,-0.53795,0.38697,-0.63722,-0.56999,5.4418,-1.09,10.277,-0.000374,0.44121,0.050065,0.13988,-0.055476,-0.92866,0.86976,9.2177,1.6824,0.22555,0.49255,-0.50652,-0.63626,-0.66344,-0.28434,1.6664,-8.7412,-1.5343,0.081956,-0.20793,0.33943,-0.69569,0.66129,0.13195
3,8.424,-0.5185,-2.1262,0.16484,0.66819,-0.016289,-0.81373,-0.10648,-0.49144,8.9327,2.8688,2.4952,-0.37172,0.89996,-0.42364,-0.39691,-0.78589,-0.58517,8.6974,1.0474,2.116,0.039492,-0.13784,1.2373,-0.50733,0.28809,-0.44882,-8.0434,4.1706,-0.54161,-0.11201,-0.047879,-0.5216,0.86103,-0.088193,-0.37584,-9.249,-3.1286,-0.4542,0.49937,0.086385,-1.9141,0.8299,0.53207,0.23956
0,11.76,-0.31793,5.3395,-0.4831,0.34259,-0.17428,-0.80315,-0.047331,-0.92119,10.124,2.926,3.4847,-0.46258,0.13513,-0.38822,-0.76343,-0.56242,-0.27768,10.093,-2.5366,2.2943,-0.58527,-0.56446,-1.3672,-0.79374,1.5545,-0.79651,-11.132,2.2091,-4.2664,1.2228,-0.12693,-0.16998,0.66259,-0.23103,0.35346,-7.4238,3.4614,0.064104,2.1562,-0.24291,1.0588,0.29901,0.71999,0.30351
9,11.471,-0.38799,1.3502,0.20707,0.47152,-0.12381,-0.75279,0.54458,0.15492,4.0099,5.9467,4.7079,0.14443,0.21143,-1.019,-0.79518,0.067456,-0.39846,-1.5159,-0.017451,1.7784,0.6678,-2.7748,-1.9058,0.2521,0.83255,-0.32023,-10.215,8.2129,-1.1254,-0.002603,-0.33701,-0.18054,0.51623,0.5778,0.57942,-6.9898,-7.9947,-1.2673,0.44753,1.4339,0.77703,0.77479,0.23686,-0.40142
1,8.135,-0.4396,4.2545,0.016598,-0.90469,0.14509,-0.67844,0.12549,-0.56291,0.13924,7.9059,5.2872,-0.036235,0.41151,-0.63617,0.048759,-0.18957,-0.62011,0.39759,-7.4245,6.4192,-0.18428,0.80249,0.42833,0.43815,0.82442,-0.65699,-9.0724,-0.39016,-2.9131,0.78485,-0.14938,-0.99977,0.77127,-0.34234,0.41227,-7.5847,1.1143,-1.317,-1.4934,-0.075585,-1.8385,0.60829,0.89837,-0.20686
2,-2.1878,0.78603,-1.3967,1.564,0.34048,-0.29297,-0.86627,-0.21324,-0.81659,-5.0534,1.8881,1.4866,-0.25936,-0.25377,-1.2651,0.28685,-1.1038,-0.36291,4.4037,-0.72068,-1.0234,-0.94488,0.10476,-0.51885,0.4347,0.57604,-1.0533,-0.48048,11.417,0.63488,-0.26826,-0.4553,0.50287,0.59656,-0.34917,0.37627,-7.2404,-20.813,-6.0489,-0.058204,0.2468,0.47379,0.41896,0.62324,0.39682
0,7.8163,-3.2335,-0.79144,0.059558,-0.0192,-0.12946,-0.79384,0.2272,-0.6257,5.8961,6.893,1.2711,-0.20408,-0.35003,0.49245,-0.44335,-0.32446,-0.54631,5.7275,-4.0685,6.5542,0.10655,-0.5298,-0.081057,-0.11874,0.68917,-0.97158,-6.8137,3.8948,-0.76889,-1.2051,0.51788,-1.9605,0.59961,-0.64109,-0.14031,-17.269,-0.17918,-0.55688,-0.7234,0.5521,-3.1728,1.0954,0.30043,-0.069693
0,8.8749,-3.3184,4.5315,-0.093638,-0.1587,-0.052878,-0.77925,0.25473,-0.62334,3.7377,8.4486,0.93096,0.085146,-0.21169,-0.45448,-0.44096,-0.55048,-0.46947,4.8227,-4.2251,6.6024,-0.30635,0.38838,0.25046,-0.12572,0.6818,-0.95267,-9.9239,-0.35845,-1.0008,0.67925,0.28923,-0.89999,0.81887,-0.43358,0.1336,-9.2428,-6.3451,0.43212,-1.0389,-0.22101,1.2158,0.74645,0.69011,-0.014365
3,-3.9779,4.7447,2.2956,0.54268,0.45982,0.84224,0.47889,-0.22467,-0.81906,1.9252,8.9343,-1.4352,0.22026,1.2672,0.66595,0.58203,-0.68088,0.45212,2.2866,-5.9268,5.1164,0.29828,-0.74222,-0.59444,-0.15954,0.57474,-0.5416,-9.3078,1.3851,2.4151,-1.7244,1.028,-1.6757,0.76554,-0.3285,-0.41977,-9.3428,-5.3019,-2.0425,0.026188,0.1803,-2.4947,0.72812,0.45542,0.61696
1,11.086,-0.60167,1.8919,0.51834,-0.78247,-0.41455,-0.79962,0.030564,-0.39256,7.2801,5.7626,5.4898,0.90621,0.43858,-1.3725,0.78361,-0.26884,-0.13071,7.982,-4.7349,4.4851,0.22925,-0.057052,-0.27001,-1.402,0.75261,-0.81343,-11.592,0.42241,-2.8429,1.1736,-0.043485,-0.85441,0.91975,-0.13952,0.27068,-7.0098,-1.9324,-2.8788,2.1362,0.27121,0.086002,0.4885,1.0575,-0.21283
8,-4.4327,-0.54105,0.22607,-0.4053,0.3934,0.39395,-0.71443,-0.33305,-0.32884,-2.8225,1.4729,3.7231,0.82874,-0.027492,0.016429,-0.39843,-0.55238,0.42036,-4.018,1.1225,0.21902,-0.12997,-0.38076,0.36834,-0.43538,-0.007349,-0.64664,0.50704,8.0467,-0.94065,1.1242,-2.3235,0.39705,0.48693,-0.24562,-0.50497,2.0137,-5.0349,-3.2889,-1.0301,-0.41171,-0.23466,0.46177,0.19357,0.59625
3,13.931,-3.0848,2.4348,0.56264,1.0635,-0.19365,-0.75021,-0.020803,-0.58769,-0.63756,3.9889,10.656,0.70218,-0.83466,-0.030732,0.22775,-0.29755,-0.75228,-0.30433,-3.0944,11.198,-0.23354,-0.99316,-1.3927,0.20249,0.2249,-1.0056,-15.169,1.3255,-1.0349,0.54064,-0.24319,0.89539,0.79161,-0.04171,-0.41075,-8.3737,0.033121,0.20262,-1.2864,0.71227,1.3483,0.59608,0.91996,0.11963
2,24.963,1.7432,-1.132,-0.38774,1.5121,-0.13068,-0.71738,0.14878,-0.49954,-1.5651,12.218,8.0425,0.46703,0.86885,0.57358,-0.1423,-0.18859,-0.66639,1.2751,-6.622,9.839,0.56576,-0.32385,-0.29089,0.4291,0.73624,-0.7362,-26.708,-6.7915,-7.897,-1.702,1.2572,3.4279,0.56726,-0.68102,0.37998,-25.547,-16.429,-2.0323,0.042569,0.2208,4.0712,0.79237,0.75467,0.003448
0,12.041,0.61681,3.2979,0.27651,0.56688,-0.007686,-0.58547,0.1615,-0.65447,13.541,2.6555,1.0878,0.66799,0.44543,-1.3781,-0.95022,-0.48855,-0.80653,11.478,-1.7392,3.6713,-1.2174,-0.71999,-1.6796,-0.30287,1.0585,-0.073408,-10.802,3.6797,0.61325,0.36847,0.14411,2.4373,0.83645,-0.19034,0.42464,-9.3534,14.608,-2.6914,0.70366,0.88164,0.6035,0.75387,0.7007,-0.2476
8,-6.6789,2.1876,-0.8875,0.24096,-0.36224,-0.707,-0.77895,0.37556,-0.32834,-6.5656,0.44165,0.75732,-2.3557,-0.80143,-0.30094,-0.62708,-0.25056,-0.22657,-5.322,6.0036,-2.3448,2.2002,0.032163,-0.17475,-0.68932,0.43599,0.10229,0.64538,11.886,-9.9631,4.2641,-1.0476,-0.55194,0.68684,0.016791,0.49323,2.7801,0.90879,-5.4029,-0.44541,-0.29299,-0.69234,0.58502,0.11596,-0.37649
4,13.997,-0.21127,6.4034,-1.3138,0.25494,-0.97398,-0.79716,0.059577,-0.5827,-3.0709,6.0862,-3.2118,-0.87577,0.22946,0.47595,0.28199,-0.77824,-0.18993,-1.7443,-7.2154,6.3742,0.32682,0.20462,-0.52315,0.42837,0.52543,-0.56238,-12.535,0.30154,1.2016,-0.2301,0.24756,1.5274,0.42636,-0.2245,-0.13358,-18.726,-3.4047,-2.8822,-0.91879,-0.24833,2.2389,0.59361,0.29572,0.09376
2,5.6061,-4.7695,8.4317,4.217,-8.7152,0.71336,-0.6073,-0.15645,-0.91235,1.4753,7.7573,6.5591,1.6738,1.3891,-0.33022,-0.096718,-0.84413,-0.71974,3.0473,-7.1006,4.4377,-0.23443,0.3231,1.0288,-0.11361,0.56718,-1.3189,-2.6202,-33.711,-4.6482,1.8497,1.1259,-1.7612,0.094158,-0.74531,-0.030877,-16.686,-4.7201,-3.1159,0.006178,-0.93037,-2.5773,0.60487,0.42728,0.13246
1,10.095,2.3107,-1.3854,-0.24722,0.69502,-0.20252,-0.89209,-0.029535,-0.47073,10.21,2.687,4.2775,-0.56146,-0.2767,0.051704,-0.077501,-0.24672,-1.5122,10.512,-1.7624,3.0425,-0.16651,-0.43586,-0.95899,-0.80218,1.0491,-0.082522,-9.8979,-2.3849,-4.9298,-1.8045,0.036293,2.493,0.78566,-0.062868,0.37754,-12.534,-0.27295,-3.759,-0.16992,-0.049455,1.9993,0.83648,0.74313,-0.12589
3,6.7927,0.22265,0.51059,-0.18435,-0.13869,-0.28736,-0.72223,-0.000259,-0.57489,6.8961,5.1299,3.8433,-0.094906,-0.4814,0.18765,0.16455,-0.38142,-0.15061,6.4992,-3.6464,5.8007,0.14988,-0.33721,-0.75837,-0.090206,0.39854,-0.70535,-8.2848,3.1277,-1.0253,-0.23595,-0.12035,1.6273,0.7329,-0.44189,0.23918,-7.2151,-3.8935,-1.6223,0.12026,-0.24131,1.2957,0.69652,0.59278,0.1545
7,9.6737,-0.8349,-4.2796,0.57357,-1.4877,-0.88294,-1.0875,0.26613,-0.322,3.226,6.5905,5.1727,0.45432,0.08069,0.3004,0.34491,-0.6024,-0.63004,4.4814,-1.7801,9.2553,0.10014,-0.24776,0.085546,0.10314,-0.068593,-0.92791,2.1281,8.8907,0.95654,-0.14755,-0.009541,-0.046485,-0.72388,-0.60449,-0.19865,2.7765,-8.7886,-1.5068,-0.21011,-0.04394,0.11092,-0.73082,0.61864,0.12595
5,9.6292,-1.3586,2.9746,0.18154,0.038698,-0.21809,-0.61069,-0.12623,0.12567,6.8513,4.7967,5.548,0.058194,0.085215,-0.092983,-0.89256,0.074152,-0.20989,5.4817,-6.152,5.586,0.002236,-0.15557,-0.1422,-0.80304,0.15699,-0.65778,-4.8483,5.6691,-1.4344,1.0913,0.59289,-2.7122,0.47221,-0.46667,-0.13593,-0.43627,-10.821,-0.23556,-0.15805,-0.2933,-2.1892,0.22731,0.51872,0.21756
3,9.8336,2.446,-0.64278,-0.12677,-0.057454,0.033231,-0.85374,-0.056554,-0.45829,4.1062,6.0702,6.7779,0.017787,0.56393,-0.00343,0.4513,-0.44419,-0.091384,4.4662,-6.2031,6.7231,-0.17805,0.33048,1.1698,-0.093761,0.46467,-0.62694,-11.553,2.0569,-1.5724,-0.83814,-0.086167,0.54027,0.86329,-0.29236,-0.23403,-9.6829,-1.9387,-1.976,-0.31976,-0.25373,0.1738,0.73992,0.39903,0.62934
0,8.8329,-0.10097,2.3069,0.62512,-0.007807,-0.12525,-0.68212,0.048777,-0.59681,8.387,4.9884,1.2665,1.4875,-0.082546,0.46365,-0.25758,-0.44053,-0.80228,11.799,-2.3906,2.0208,0.097116,1.3632,1.2452,-1.379,1.0068,-0.7712,-10.285,-1.8178,-0.87027,0.1084,0.20407,-1.3064,0.57243,-0.52512,0.27436,-11.337,1.5272,1.3126,1.5829,0.70527,-1.8231,0.85909,0.84842,-0.10707
2,10.04,2.458,1.3424,-1.6408,-0.23535,0.078364,-0.82988,0.13064,-0.52351,5.4644,6.1967,0.14971,0.27447,-0.92506,-1.7539,0.4054,-0.4939,-0.48211,2.0718,-10.293,0.30577,1.003,0.76697,0.012252,-0.47376,1.0105,-0.071827,-5.8284,-8.245,-0.30562,-0.67705,0.45686,2.7081,0.89342,-0.40779,0.34918,-17.919,-9.7088,2.6564,0.72323,0.44764,3.6407,1.1111,0.58891,-0.032202
5,9.4788,-0.36111,2.5413,0.24281,-0.233,-0.21097,-0.58474,-0.18385,0.17878,2.7683,0.7121,9.1269,0.043397,0.058429,-0.07497,-0.27527,-0.16786,-0.23263,1.1348,-1.1912,9.5386,0.000566,-0.089212,-0.12181,-0.61521,-0.10212,-0.52163,-4.9189,11.555,-0.92836,0.044794,0.16236,-1.7625,0.40309,-0.52777,-0.14203,-0.69744,-6.847,-0.17499,0.28654,0.58847,-1.7241,0.21838,0.51228,0.27134
7,9.6882,-0.75959,-0.95803,-0.007051,-0.33755,0.065365,-0.81937,-0.088394,-0.49968,4.3627,2.4332,8.5678,0.12946,-0.52285,0.33263,0.20188,-0.34405,-0.84854,3.1899,1.1366,8.749,0.17293,-0.37183,-0.4216,0.27597,-0.20572,-0.86807,1.7902,9.6816,-0.30022,0.081997,0.11648,-0.21968,-0.64849,-0.67064,-0.21631,2.6022,-9.1558,0.24856,-0.15953,0.15369,0.23406,-0.74963,0.60591,0.022703
4,9.7927,2.5328,2.3905,-1.9361,-1.6927,0.12142,-0.75467,-0.32355,-0.43115,-4.5448,8.5865,4.7018,-0.2048,0.075993,-2.184,-0.019433,-0.68012,-0.75608,-0.37473,-6.4582,7.7138,-0.060148,1.1031,2.0876,0.34157,0.51938,-0.86928,-13.449,-3.7678,0.061615,0.33007,-0.2248,2.3975,0.51362,-0.13873,-0.18407,-11.291,-1.2772,-1.4442,0.20103,0.2471,1.3036,0.576,0.35036,0.095134
4,16.553,-0.080432,1.9373,0.93411,-0.28041,0.39508,-0.79793,-0.19366,-0.32206,0.96014,7.0798,5.1298,0.50865,0.52303,-0.98116,-0.078591,-0.71135,-0.8615,1.149,-12.04,8.0034,-0.62959,0.50465,0.42177,0.22552,0.43579,-0.86507,-13.798,-1.8115,-5.25,0.58177,-0.084676,-1.2933,0.66309,-0.12109,0.026979,-14.567,0.53466,-3.8347,1.2526,1.6316,-2.1366,0.41524,0.3238,0.26825
7,9.1661,-0.28248,3.2761,-0.003718,1.0312,-0.056887,-0.67453,-0.006797,-0.70935,-0.58441,4.9676,10.685,-0.44893,0.86068,-1.3816,0.46177,-0.13159,-0.83072,0.12871,-2.8947,10.887,-0.015571,1.0147,1.0157,0.41086,-0.060524,-0.86077,-2.947,7.7226,-2.1648,-0.062597,0.19244,0.20989,-0.15727,-0.94292,0.080534,-3.3765,-6.4926,-4.0046,0.60476,0.27481,-0.38439,-0.23697,0.74407,0.57624
7,9.316,0.99641,2.7869,0.094029,-1.1187,0.062899,-0.54425,-0.15105,-0.78573,-2.7958,4.5519,8.6169,0.15133,-0.43499,0.34295,0.55002,-0.24297,-0.75439,-0.092447,-3.6967,9.1979,-0.26102,-1.5251,-0.40031,0.21765,0.058955,-0.9172,-3.2907,8.7951,2.5284,0.18757,0.22851,-0.25016,-0.15399,-0.90481,-0.2818,-2.9435,-10.863,2.5191,-0.018004,0.44423,-0.028462,-0.20789,0.94716,-0.045124
0,7.3988,-3.3123,-1.1833,-0.009076,-0.67982,-0.1364,-0.81572,0.23786,-0.61039,5.6359,7.0499,0.584,-0.13028,-0.028333,0.25216,-0.48506,-0.35155,-0.52312,5.9029,-5.355,6.739,0.026864,-0.46018,-0.001552,-0.1542,0.71752,-0.94708,-8.8754,0.91728,-2.7688,1.251,2.4173,-1.9622,0.61026,-0.60942,-0.16713,-19.583,5.6322,-4.3837,-1.7878,1.4393,-2.7055,1.0355,0.35233,0.010863
1,9.7979,1.4573,-0.46797,-0.45308,0.26769,-0.23654,-0.88185,-0.019478,-0.48675,9.8338,2.0957,3.271,-1.3005,-0.17789,-0.38305,-0.18362,-0.29411,-1.2566,9.2996,-2.4068,2.7907,-0.21501,-0.55048,-1.0992,-0.88724,1.0331,-0.061067,-18.001,-8.9305,-2.4142,-0.29805,0.70199,2.4898,0.74277,-0.21525,0.39788,-11.336,-0.7667,-3.0229,0.094021,-0.062345,1.5576,0.85048,0.73458,-0.13356
5,8.2293,-0.34369,4.7801,0.27886,-0.52813,-0.33517,-0.64603,-0.10855,0.036701,-0.4465,5.8788,7.4039,-0.049321,-0.033446,0.089225,-0.17857,-0.43134,-0.27588,-0.000642,-2.0854,9.383,0.16609,-0.24735,-0.033992,-0.51772,-0.094349,-0.59593,-4.1329,12.678,-3.9099,-0.126,0.432,0.69341,0.44385,-0.4822,0.015783,7.4038,0.10565,1.4824,-0.15491,-0.33099,0.65848,-0.015298,0.63817,0.02565
9,10.503,-0.47955,1.7989,-0.72472,0.39541,-0.1088,-0.95009,-0.36353,-0.06509,11.694,5.9072,1.156,-1.6959,-0.71563,-2.433,-0.96446,0.079272,0.039405,13.493,0.48145,1.1809,0.57246,-1.1374,-1.5424,-0.8224,-0.16495,-0.5969,-13.403,2.3298,1.4111,1.5328,0.78357,2.5682,1.037,-0.1646,-0.2162,-9.5344,-5.9591,0.70717,-1.0939,-0.72164,1.5922,0.90079,0.23899,0.49712
4,8.457,1.4215,0.54914,0.40829,0.85033,-0.008649,-0.74368,-0.26019,-0.51163,-6.7112,8.1043,3.1585,0.33675,0.45573,0.82615,-0.044941,-0.6306,-0.29852,0.86455,-6.4559,7.8242,0.042191,0.07649,-0.60862,0.30501,0.56514,-0.90041,-7.5063,2.7005,-2.3062,0.14258,0.19029,0.73043,0.70542,-0.14051,0.03031,-6.7919,-3.005,-4.0093,-0.44594,0.27901,1.4687,0.33125,0.52719,0.085258
7,11.029,1.0491,-2.4115,0.11795,-0.1896,-0.057573,-0.74386,-0.24662,-0.54378,4.7803,10.607,-0.50644,0.12628,0.030857,0.48939,0.41558,-0.82958,-0.14651,7.1238,-2.618,8.6509,-0.23872,-0.49734,-0.096692,0.2021,-0.068136,-0.93015,2.1869,8.4291,3.4948,-0.00926,0.039481,0.022933,-0.70414,-0.56121,-0.34281,-0.043658,-9.4081,2.2862,0.032785,0.014237,-0.036821,-0.56721,0.78281,-0.077244
7,9.8417,-0.48415,-0.84841,0.26908,-0.052039,-0.054942,-0.80512,0.073613,-0.58257,4.7982,0.12211,9.2393,0.005654,-0.90326,0.096935,0.20566,0.14807,-0.90996,3.7866,-3.2183,9.2032,-0.24294,-0.91749,-0.34484,0.26928,-0.004478,-0.90311,1.6901,9.2768,1.3751,-0.021026,0.005623,0.058783,-0.71187,-0.6081,-0.26538,2.1851,-9.3249,0.25977,0.10477,0.020987,-0.037874,-0.77035,0.59969,0.003888
8,7.3443,-0.1967,3.7879,-1.9028,0.49391,0.23937,-0.97062,0.36582,0.28705,9.7367,2.5255,-0.3085,2.5348,-1.4207,2.0403,-0.74363,-0.47737,-0.024689,15.208,-3.2129,-0.12697,-0.59552,1.5823,-1.4442,-0.83132,-0.20257,0.47274,-1.978,3.5327,1.7542,-0.71708,0.53341,-0.28491,0.84517,0.36808,0.40322,-11.104,-2.4269,-1.0625,-0.88312,0.29931,1.0233,0.8192,-0.11598,-0.46364
4,8.0717,-3.7065,3.1353,1.02,0.58686,-0.11674,-0.77933,0.21455,-0.62359,3.2068,10.766,1.9707,1.1149,1.0585,2.4123,-0.14666,-0.94086,0.042507,-7.4659,-12.123,5.4585,-1.0894,-0.66562,-0.813,0.020984,0.63532,-0.48423,-4.9912,0.43629,1.2404,-1.8902,0.30019,-2.0586,0.49413,-0.25897,-0.17362,-3.3394,-12.438,-1.6754,-1.2528,-0.42725,-0.80982,0.64726,0.24588,0.10183
9,9.9681,0.37078,-0.37903,0.007392,0.50397,0.007485,-0.96042,-0.32559,0.13589,-3.9814,11.892,0.34327,-1.4474,-0.54374,-3.8144,0.33211,-0.83004,0.32249,-4.6327,-7.6891,9.7002,3.7023,1.2337,4.3075,0.1371,0.46494,-0.84938,-8.6688,1.6154,1.431,-4.2318,0.68059,-0.47869,0.97294,-0.068677,-0.30073,-9.4653,-0.75305,-0.67309,-0.43839,0.037633,-0.22093,0.86609,-0.030503,0.43022
6,9.1454,-0.39232,3.9311,0.08628,-0.048065,0.32532,-0.90895,0.3214,-0.080251,3.2579,7.3582,5.7135,-0.05807,-0.02787,0.17339,-0.81044,-0.39555,-0.5485,1.1119,-4.8904,8.8779,-0.053891,0.08165,0.073943,-0.64754,0.65879,-0.58053,-0.18665,1.27,0.016482,-0.49653,0.12037,0.63615,0.6413,-0.53788,0.055393,-7.1836,-8.1576,-6.0674,0.076079,-0.050249,0.1812,0.72741,0.398,-0.10296
2,-1.8901,-2.0506,-0.30242,0.25063,0.038069,0.28938,-0.89316,0.067622,-0.83445,5.1427,0.62105,-1.8687,0.68334,0.74804,0.32905,0.41551,-0.94801,-0.62967,-6.0682,-5.2242,2.1647,0.66937,-0.67456,2.1982,0.31011,1.3127,-0.46148,-11.125,4.3796,0.33804,0.13588,-1.7148,1.6099,0.25379,-0.75529,0.19013,0.20739,-11.365,-4.7695,1.5562,-0.005325,-1.3084,0.80309,0.13908,0.28759
2,24.794,-7.8444,4.506,3.8835,1.0233,-0.28029,-1.283,0.24922,-0.40783,-8.9835,29.588,1.3545,-1.8258,3.6937,3.4551,0.24675,-0.98936,-0.38926,-2.0397,-24.885,7.4758,-1.0168,-0.32966,3.8354,0.91256,0.74378,-0.76533,-27.7,8.3567,2.7416,0.3836,-1.3698,-2.8529,0.2477,-0.72101,0.30481,-25.318,7.5433,-3.2209,1.3409,0.32121,-5.3343,0.307,0.63657,0.35247
4,-5.7425,7.2884,3.0638,-1.8619,-0.37043,-0.020541,0.60936,-0.28557,-0.50461,3.9548,9.1511,-2.7102,1.3818,-0.57039,-0.85013,-0.34735,-1.1314,0.19189,-2.8394,-12.126,2.7594,0.17089,-1.1742,2.0724,0.031002,0.72653,-0.48134,-10.396,4.4427,-2.7248,-0.062689,0.45596,-1.4524,0.55924,-0.28615,-0.13042,-9.829,-1.4987,-0.12693,-1.3288,0.41119,-1.6861,0.56835,0.35374,0.15054
6,8.1078,-1.2566,4.6103,-0.64701,-0.83747,-0.31506,-0.82211,0.56932,-0.069748,-1.489,4.5906,8.5271,0.14467,0.14037,-0.26359,-0.38393,-0.18533,-0.92199,-0.268,-4.9511,8.2559,1.1192,-0.57681,0.36354,-0.27219,0.79993,-0.50993,0.49841,2.99,-1.294,0.63518,0.48633,-0.81748,0.40701,-0.66264,0.28175,-8.3887,-8.8883,-2.3559,-0.058088,0.074825,-0.37911,0.59576,0.46884,-0.41075
6,9.1685,-1.3963,2.4603,-0.22979,-0.57549,0.006658,-0.89876,0.24275,0.15728,0.26712,3.1006,9.4032,0.006876,-0.048468,0.041509,-0.38914,-0.076914,-0.67272,0.43317,-1.8294,10.004,-0.11488,0.058647,0.16523,-0.43391,0.47358,-0.60579,-1.4509,1.7875,-0.23041,0.87696,0.57745,-0.64187,0.69927,-0.2856,0.15978,-6.1916,-8.8363,-3.7851,1.0193,0.22659,-0.83378,0.63537,0.32864,-0.21166
9,6.9746,-2.3697,1.4746,0.16463,0.86969,-0.096487,-0.78839,-0.35918,-0.27583,10.152,-24.614,1.5295,-0.004525,0.3065,-1.0449,-0.52887,-0.48886,-0.5164,9.2197,3.802,6.6163,-2.5069,0.91816,-1.0693,-0.62531,0.30288,-0.58614,-10.069,5.5583,-4.8634,1.6233,-0.46203,-1.9952,0.8888,0.12233,-0.20824,-5.4926,13.147,1.938,2.2221,0.16701,-0.036724,0.73294,0.13545,0.56005
8,8.12,1.5038,1.4054,-1.9099,-3.8361,0.01023,-0.94951,0.14022,0.35238,-1.1059,6.2449,0.4101,-1.9825,-0.32854,-0.1918,-0.87053,0.11046,-0.09637,23.032,-6.9619,-0.44629,-0.043911,0.55205,0.62651,-0.92081,-0.2679,0.25206,-1.4328,24.81,6.4304,-2.263,-0.577,1.1162,0.85923,0.32338,0.18383,-10.411,-2.5947,-2.699,-0.712,0.21078,0.36751,0.91405,-0.19724,-0.28004
7,9.7946,0.87801,2.055,-0.007645,0.53795,-0.014328,-0.51498,-0.18212,-0.78405,3.5309,9.3721,-0.93209,0.41661,0.023037,-0.1372,0.43936,-0.83356,-0.00313,4.51,-3.0434,8.4333,-0.005097,0.10382,0.056832,0.28012,0.040263,-0.91695,0.73228,7.9624,4.0219,-0.001233,0.067775,-0.59788,-0.67813,-0.56838,-0.38306,-0.94273,-8.6781,1.5589,-0.21484,-0.005481,0.5158,-0.55408,0.79389,-0.073123
3,8.9078,-0.43247,1.4137,-0.095456,0.16175,-0.44555,-0.64851,-0.07553,-0.69619,1.6225,1.0537,6.1052,1.5998,2.1046,-0.31947,0.17761,-0.2933,-0.75661,6.4786,-0.36805,7.8631,0.2507,1.1184,1.0396,-0.10747,0.41231,-0.71343,-8.8006,1.9162,0.65933,-0.10219,0.072202,1.3586,0.81012,-0.433,-0.38222,-9.588,-0.3877,-1.1683,-0.33346,0.12672,0.92285,0.70958,0.5149,0.42135
0,6.5542,0.27988,2.1172,-0.17368,-0.03628,0.31103,-0.81771,0.11213,-0.58173,7.6076,0.21945,2.3146,-0.21775,0.97708,-1.8866,0.007615,0.11237,-0.65034,5.9457,-2.0947,2.811,-2.0782,0.3797,0.5087,-1.1807,0.94648,-0.20302,-7.3416,-4.7797,-2.2293,-2.5101,0.52565,1.5227,0.52438,-0.43185,0.50808,-9.1325,1.3745,-0.88155,-0.64124,0.1812,1.6159,0.96473,0.44557,-0.17749
3,7.3462,-1.2869,-0.66919,0.18449,-0.22353,-0.043788,-0.9489,0.048079,-0.47861,3.3998,7.6098,3.9825,-0.040783,0.29985,0.1927,0.52707,-0.30877,0.17974,1.5876,-6.2846,6.7157,-0.047282,-0.36601,0.21636,0.44619,0.51812,-0.5431,-9.8096,4.3549,0.86237,-0.10782,-0.15386,-1.6555,0.58831,-0.6408,0.12303,-7.7829,-1.1023,-0.49774,-0.33401,0.43341,-1.8007,0.67746,0.61984,0.14454
8,0,0,0,0,0,0,0,0,0,0,0,0,0,0,0,0,0,0,0,0,0,0,0,0,0,0,0,0,0,0,0,0,0,0,0,0,0,0,0,0,0,0,0,0,0
0,11.727,1.0125,3.4688,-0.22537,0.041837,0.13559,-1.1083,0.072726,-0.55478,3.636,7.9124,5.0786,0.098922,-0.094213,0.036466,-0.54958,-0.65304,-0.7601,1.9636,-6.491,7.369,-0.038658,-0.10595,0.6038,0.082779,0.94241,-1.0022,-11.504,9.52,-5.1987,0.17325,0.34781,-0.42447,0.047208,-0.76199,0.27551,-11.607,-2.0574,-1.8431,-0.81606,-0.10539,0.90227,0.81007,0.2861,0.062223
2,26.635,4.7064,-3.781,-4.3974,-2.1044,-1.0008,-0.72587,-0.070307,-0.48523,-5.6282,27.372,-14.185,-2.2728,-3.6448,-0.63146,0.22875,-0.49912,-0.16994,12.88,-21.877,1.0631,-2.0618,2.0312,-2.1699,0.061127,0.98543,-0.42253,-29.235,-1.8865,1.2019,0.77208,-0.58609,2.2977,0.77102,-0.43374,0.18028,-16.287,25.345,4.19,-0.00555,-0.099636,1.3562,0.93353,0.8235,0.008276
6,8.8671,1.323,4.893,-0.33357,0.55785,0.24251,-0.92561,0.24701,-0.10912,1.6106,8.0396,4.894,-0.11291,-0.18369,0.11107,-0.72082,-0.53888,-0.53046,1.1095,-4.6991,8.6921,-0.078091,0.27586,0.12913,-0.65117,0.66107,-0.57553,-5.8994,3.9505,0.10676,-0.46017,-0.40258,1.9464,0.66031,-0.44202,0.12311,-9.0305,-10.624,-6.7205,-0.92441,-0.71592,1.3076,0.69613,0.4543,-0.067732
1,14.346,1.2398,-1.4506,0.48765,0.51338,-0.33526,-0.90106,0.005575,-0.44612,15.291,2.7066,4.1479,0.46061,-0.68564,0.80283,0.28447,-0.18667,-2.0746,14.437,-0.47742,1.05,0.7222,-0.76393,-1.2842,-0.7689,1.0413,0.009125,-13.949,8.3849,-1.1964,-0.011635,-0.43742,2.0334,0.79505,0.003489,0.39433,-8.992,2.1412,-2.0521,-1.2632,0.060971,0.90663,0.82266,0.7686,-0.15865
4,15.694,3.2436,2.4598,-1.4683,-1.0606,-0.25413,-0.79491,-0.18807,-0.301,-0.66702,7.8719,5.2722,-0.48826,-0.072096,0.48675,-0.024617,-0.63884,-0.89,-1.1826,-7.5522,6.6997,0.12483,0.23134,0.31589,0.23474,0.48677,-0.80205,-12.67,0.46436,-3.2937,-1.1213,0.4769,1.8057,0.54424,-0.34786,-0.062241,-15.508,1.851,-3.0252,0.16883,-0.64103,1.1255,0.5687,0.22311,0.28347
9,10.01,0.37468,3.7451,-0.87787,0.56364,0.27763,-0.57863,-0.16222,-0.64681,33.927,15.933,11.28,-2.742,-6.1684,13.835,0.022348,-0.77656,-0.41989,44.413,-0.95429,3.4019,-4.1638,-12.485,-5.1156,-0.25349,-0.1162,-0.85595,-10.546,-4.0078,2.5291,0.44554,-0.41821,-0.27554,0.80151,-0.57974,-0.11158,-10.705,5.2017,-0.49533,0.96887,0.37311,0.79703,0.71593,0.58377,0.2335
7,6.1633,0.11748,10.632,-0.70047,0.14139,-0.038148,-0.28596,-0.026224,-0.92359,-2.8464,8.9245,-2.4218,0.36096,-1.5317,-0.74571,0.62902,-0.71988,0.006194,-2.9657,-5.0597,7.2109,0.31783,-0.095026,1.2141,0.47617,-0.034552,-0.8434,1.1466,8.0024,5.6358,0.23888,0.25717,-1.1003,-0.41698,-0.70853,-0.49965,-0.95404,-10.738,1.1647,-0.066169,-0.040583,1.1385,-0.21432,0.94863,0.025656
3,7.4998,-0.84134,-2.3369,0.68975,-0.66829,0.27878,-0.94491,-0.088536,-0.14688,7.0851,5.5755,2.4468,-0.18228,-0.013765,0.45516,0.26622,-0.63023,-0.085987,7.5406,-5.5036,2.9099,-0.18596,-0.57861,0.42439,-0.33937,0.45508,-0.51597,-8.1491,3.5425,-0.19611,-0.050025,-0.039878,-0.76896,0.79062,-0.39998,-0.35435,-7.5504,1.8929,-1.7507,-0.62314,0.5357,-1.0228,0.74234,0.33723,0.62912
0,6.588,-0.71848,1.7361,0.17452,-0.42112,-0.26861,-0.82753,0.14632,-0.5926,6.8331,0.18209,3.6425,0.69787,-0.70211,0.93171,-0.19223,-0.11223,-0.74049,7.9939,-1.6977,1.1766,0.22026,0.95986,1.384,-1.392,1.251,0.009625,-8.8816,-2.337,-2.4069,1.0819,0.027643,-1.4683,0.63506,-0.3215,0.44322,-7.3676,3.4623,-1.39,1.7776,0.31705,-1.5341,0.83128,0.675,-0.38453
5,9.6102,0.60347,3.0404,-0.038951,0.21515,0.014029,-0.82407,-0.30289,0.040547,-1.352,6.8842,7.0247,-0.045012,0.050157,0.04916,0.32266,-0.63534,0.032523,0.27695,0.15708,9.9018,-0.074863,-0.051555,0.035313,-0.61811,-0.19757,-0.61934,2.7765,2.6412,-0.27574,-1.5461,0.70485,2.0548,-0.14834,-0.71168,-0.29034,-2.1144,-16.83,-5.1849,-0.50379,-0.072796,1.3154,0.25063,0.34126,0.40909
9,17.962,-4.466,1.7919,-3.5402,2.0127,0.45531,-0.6573,0.28335,-0.68173,6.7597,10.46,-13.475,0.14354,-2.767,0.90803,0.14255,-0.54287,0.70009,16.973,-12.9,-0.42004,-1.2005,-0.67794,2.9189,-0.37527,0.87252,0.22811,-22.825,-12.401,-1.1778,0.68376,-0.48276,3.1115,0.80916,-0.48628,0.021036,-17.816,-1.4437,1.9145,0.45963,-0.36454,2.2414,0.66381,0.64526,0.13812
7,7.4782,0.23389,6.2095,-0.012615,0.62509,-0.15652,-0.45223,-0.091892,-0.84926,0.58438,-0.82488,10.214,-0.25188,-0.035703,-1.1838,0.3489,0.34565,-0.84112,0.81394,1.1352,9.9623,0.29576,-0.033061,1.0764,0.25766,-0.44808,-0.80484,-1.6285,8.8224,1.5144,-0.18152,0.13164,-0.87904,-0.30271,-0.87871,-0.24365,-1.1704,-8.5786,0.61464,0.16825,0.032228,1.1697,-0.35143,0.90701,-0.017723
5,9.1978,-0.92676,3.5235,0.020547,0.053567,-0.2492,-0.61374,-0.10851,0.10269,6.5405,5.4935,5.0708,-0.010391,0.048628,-0.12848,-0.88306,0.02024,-0.26268,5.5289,-5.9444,5.1807,-0.018537,-0.10493,-0.1156,-0.80241,0.1933,-0.64042,-11.135,10.844,0.50339,-0.24165,-0.44653,-2.581,0.53141,-0.39251,-0.10619,0.93085,-8.9162,-1.3341,-0.64538,0.033306,-2.4055,0.12781,0.55199,0.22936
3,7.9239,-0.33364,-4.1513,-0.74787,0.68154,0.081321,-0.94228,-0.17999,-0.011194,6.9509,6.6911,1.435,0.10749,-0.34644,0.022355,0.44047,-0.59641,-0.071833,8.8151,-2.9635,3.2444,0.23827,0.20538,-0.39605,-0.45423,0.27512,-0.54399,-8.3369,3.1648,-1.5275,0.5053,-0.085151,1.1904,0.7651,-0.5306,-0.36697,-7.7548,-3.4727,-2.8833,-0.18863,-0.50169,0.88698,0.70327,0.40512,0.64191
2,-0.53104,-1.03,-4.0975,2.0539,-1.6778,0.18905,-1.1318,0.24868,-0.53873,11.155,0.49687,2.4938,-0.64967,1.3452,2.3601,0.7423,-0.5286,-0.69492,-7.3054,-3.8972,9.296,2.8448,0.28547,3.6075,-0.17403,1.1632,-0.61975,-3.7821,5.4076,-6.663,-0.073205,0.49514,-0.15037,0.16539,-0.74352,0.19585,-2.6213,-3.6654,1.4296,-2.6418,0.26555,-2.575,0.85926,0.27239,-0.018067
6,8.209,-5.8422,2.4203,0.21602,0.003765,-0.21368,-0.46772,0.82222,0.090825,1.8422,1.7385,9.2943,-0.15145,-0.10206,0.12856,-0.47994,0.038317,-0.60644,1.0185,-1.5166,9.4422,-0.12695,0.34127,0.11389,-0.47989,0.50192,-0.57204,-9.3198,3.8503,-1.2897,-1.1172,-0.4897,2.3236,0.71228,-0.13217,0.17635,-9.4111,-10.319,-3.1847,-0.29733,-0.32799,2.3373,0.61269,0.4065,-0.14491
6,9.7173,0.4937,0.78055,-0.058199,-0.095172,0.27994,-0.77538,-0.002594,0.37474,1.9262,0.9716,9.2713,-0.092035,-0.034804,0.13118,-0.48243,0.069324,-0.60834,0.47045,-1.1957,9.5676,-0.068142,0.089648,0.25818,-0.45429,0.45048,-0.61474,-5.117,1.5659,-0.64209,-1.5611,-0.45993,1.8424,0.70474,-0.26471,0.15185,-8.6746,-14.053,-1.8909,-0.81152,-0.46372,1.6279,0.63468,0.32432,-0.17851
7,8.9741,-0.29389,-0.012852,0.028319,-0.11533,0.18404,-0.74282,-0.04819,-0.60499,4.279,4.3194,8.3439,-1.486,0.24351,0.085889,0.16748,-0.32265,-0.87306,6.3151,-1.8926,9.0122,0.079606,0.73123,-0.046221,0.018336,-0.023201,-0.93439,-1.4764,9.5165,1.6872,-0.28174,-0.040407,0.045662,-0.50491,-0.76314,-0.30015,-0.6004,-9.7716,0.58053,0.28518,-0.36015,-0.050085,-0.5817,0.77713,-0.006689
6,9.5215,-0.68156,0.4192,0.31051,-0.28428,0.18981,-0.75414,0.32307,0.29995,0.89138,4.2197,8.5079,-0.11307,-0.21648,0.27198,-0.4437,-0.15815,-0.64606,2.7256,-0.59249,9.1496,-0.00218,-0.043213,0.060772,-0.52582,0.46337,-0.53703,-1.5426,5.8108,-1.23,0.49114,0.094111,-0.47704,0.46278,-0.51777,0.35011,-7.0204,-5.4527,-6.7284,0.77315,-0.36696,-0.15175,0.63145,0.36366,0.00122
9,9.7782,-2.5151,2.8005,0.62343,-0.43858,-0.4821,-0.6374,0.29843,-0.59452,-9.5229,6.0299,-4.7792,-5.3101,-1.7628,-0.098142,0.82492,-0.35952,-0.0783,4.4501,-9.9517,-5.5001,2.3929,-0.023688,0.26994,0.031088,0.59234,0.68809,-10.609,1.6709,-1.8067,-0.060473,-0.48605,0.45044,0.88334,-0.097262,0.29968,-11.798,-2.3427,-1.3991,-0.1288,1.1127,0.59382,0.77415,0.5075,-0.21389
7,9.5207,-1.9258,-1.573,-0.35694,-0.069551,-0.16149,-1.0419,0.31111,-0.41649,3.2726,7.6883,5.8187,0.40314,0.37343,1.2438,0.3444,-0.56592,-0.66847,5.3979,-1.1811,8.1457,-0.51431,-1.1292,-1.6954,0.11349,-0.087748,-0.92976,1.3279,9.5083,1.1616,0.008533,0.24903,0.25875,-0.60185,-0.70835,-0.24644,2.3148,-9.1736,-2.0836,-0.052295,0.2368,-0.15173,-0.64848,0.7041,0.16186
1,12.682,0.8156,2.4768,0.25248,0.58579,-0.46536,-0.87318,-0.18574,-0.60991,0.85193,8.5552,7.3185,0.22906,-0.53042,-0.48612,-0.063617,-0.8578,-0.59488,-0.18649,-8.4322,6.7148,-0.014197,0.42173,-0.89542,0.43888,0.82676,-1.0404,-13.427,8.4141,0.3357,0.78455,-0.31307,0.73498,0.62394,-0.32207,0.14291,-17.728,-6.5915,0.51854,1.318,0.77491,1.219,0.18578,0.72856,0.083093
2,20.243,-3.7463,6.9063,1.06,-0.37922,0.54919,-0.90968,0.14751,-0.82772,0.8419,21.854,6.4642,2.41,1.647,1.0298,0.29343,-1.0791,-0.41692,3.2737,-19.943,3.1225,1.2287,-1.3643,1.8418,0.78665,0.78372,-0.7962,-21.016,-11.686,-7.2637,1.4677,-0.13767,-2.9584,0.41822,-0.68372,0.23236,-23.17,9.621,-1.9105,0.50123,1.3176,-2.9506,0.47233,0.5626,0.37803
5,8.9221,-0.17556,2.3212,-0.004051,0.13196,0.23268,-0.84092,-0.24725,0.033244,-1.6618,6.0949,7.6454,-0.051157,-0.082929,-0.001412,0.38142,-0.66878,-0.052066,-0.49261,-0.45374,9.638,0.051302,0.0136,0.045937,-0.57046,-0.17573,-0.64508,5.6203,0.0631,4.0342,0.1444,-0.42811,-0.76881,-0.14235,-0.69104,-0.31858,-0.91008,-13.76,-4.5063,0.75832,0.95775,-0.69759,0.22651,0.3201,0.44876
7,9.9032,-0.18869,0.8241,-0.026868,0.33525,-0.03913,-0.76087,-0.046318,-0.60112,3.3264,4.6884,7.4603,0.5279,0.51046,-0.19562,0.22116,-0.41445,-0.81662,3.4223,-3.3459,8.4195,-0.28466,0.54799,0.30176,0.19,0.12901,-0.91405,1.2785,8.7115,-1.6866,0.000662,0.051732,0.5299,-0.6005,-0.75453,-0.012679,1.565,-8.1121,-4.2572,0.38618,0.14039,-0.35983,-0.6399,0.6318,0.35663
8,9.4545,-1.7348,-4.5,-0.28289,0.18127,0.092053,-0.75184,0.36482,-0.34987,6.3371,3.3434,0.61731,-0.55332,0.075947,0.30059,-0.5775,-0.24474,-0.27634,9.7347,2.2029,2.0657,-0.49463,-0.022,-1.6031,-0.70794,0.36228,0.070764,-4.828,0.90958,-0.63217,-0.70831,0.26413,0.9529,0.56631,-0.3554,0.3582,-17.829,-6.9499,-4.4217,0.17741,2.5318,-1.0662,0.5727,0.2147,-0.31464
3,11.446,2.3934,-1.8471,-0.47005,-0.57072,-0.13274,-0.84195,-0.31749,-0.35586,1.0949,5.644,10.146,0.49363,-1.1571,0.9792,0.58573,-0.37991,-0.018806,5.2207,-7.8448,5.1547,0.11546,0.022322,-1.6946,-0.23338,0.49811,-0.5956,-10.246,-2.7424,-2.5762,0.62181,0.075098,0.98261,0.89406,0.12719,-0.32313,-12.152,-8.6226,-1.8011,-0.878,0.51189,1.4371,0.51403,0.96027,0.32511
2,-0.92645,-2.4191,-0.24039,-2.3437,0.25517,-0.46149,-1.0559,0.2719,-0.65137,8.725,0.60922,1.9972,-1.1197,-1.8972,-0.99421,0.76962,-0.46035,-0.65934,-12.155,0.28681,2.401,0.10625,2.096,-0.56051,-0.11069,1.2311,-0.32741,1.7195,0.31824,-3.7937,0.036733,-0.52766,-2.9894,0.13043,-0.73153,0.21378,6.5607,-25.436,-9.958,-2.5563,-1.0584,-0.49542,0.95833,0.16656,-0.099023
9,11.556,5.2112,-0.94982,1.0648,-0.3608,-0.38777,-0.72476,-0.44776,0.15824,10.584,7.0097,2.3676,0.72699,-0.5245,-0.007779,-0.75012,0.27283,0.33141,9.3655,-4.0995,3.8007,-0.93746,0.40699,-1.4119,-0.6803,-0.39437,-0.24838,-15.329,-1.6891,-0.39826,-2.0754,0.34374,1.643,0.62286,0.31298,-0.23421,-4.073,2.7968,-9.2955,-2.7968,0.8566,-0.40372,0.63045,0.05456,0.57336
2,2.237,-0.71254,-1.3443,-3.5169,4.1819,1.2662,-0.57608,0.081784,-0.71295,3.6674,1.5678,5.0115,-0.077544,-0.019371,-0.89057,-0.11346,-0.15671,-0.674,4.593,-4.2296,3.1036,-0.44032,1.0485,0.44692,0.071457,0.73815,-0.94994,2.0624,21.893,-3.6851,1.7158,-0.16251,1.5241,0.79699,-0.12147,0.38443,-3.5183,-9.1578,-0.97534,-0.22134,1.2092,-0.83823,0.69717,0.75033,-0.20248
3,-9.1146,5.7119,7.8151,-0.34055,-0.008629,-0.065583,0.70271,0.00997,-0.70004,4.1744,12.094,0.67919,0.85567,0.30759,0.67019,0.056392,-1.0266,0.58505,6.9392,-6.6275,4.6342,0.061992,-0.030894,-0.94707,-0.18363,0.57022,-0.47568,-12.979,0.55041,-1.0294,0.063392,-0.19757,0.38566,0.82907,-0.068778,-0.56444,-8.5719,-3.9867,-1.2791,-0.90164,-0.090224,0.83906,0.45471,0.8832,0.50213
9,8.3227,0.79418,0.9564,-0.83031,-0.066768,-0.57123,-0.67515,0.34456,-0.24939,2.8049,8.4509,0.28067,0.098111,-1.0468,-1.1182,-0.3732,-0.58468,-0.35854,5.7351,-5.3918,4.9604,-0.21613,-0.16911,-0.90918,-0.28552,0.6357,-0.36434,-10.754,5.0378,3.027,0.9688,-0.39633,1.2334,0.72787,-0.047094,0.29723,-8.8215,1.0726,-0.022121,0.16307,0.35488,0.35846,0.77858,0.000181,-0.2053
2,10.918,-3.6099,-6.8108,3.0627,0.40988,0.75642,-1.1363,0.2071,-0.42146,4.1292,8.4411,-1.2271,-0.72341,2.7686,4.2737,0.72283,-0.62253,-0.55129,-6.1328,-24.705,1.6139,1.1646,-3.2974,2.6632,0.20636,1.4264,-0.003903,-27.708,12.953,-7.588,2.5235,2.7573,2.8871,0.20772,-0.71636,0.29589,-26.308,-8.1891,-8.2405,2.7888,1.376,-2.5955,0.77814,0.45365,0.068854
3,7.9921,0.49565,2.7114,-0.84972,-0.42733,-0.11667,-0.70756,-0.18505,-0.60813,6.6973,4.7861,2.2464,-0.22815,-0.35617,-0.90339,-0.15155,-0.9745,-0.35825,6.9444,0.17182,5.6369,-1.3385,0.59168,0.5759,-0.36615,0.31573,-0.60325,-8.3416,0.54373,0.49867,-0.11034,-0.011122,1.4896,0.95195,-0.2229,-0.34142,-8.9845,-2.0892,-0.6965,0.11132,0.25751,1.1513,0.7971,0.46017,0.3905
8,23.839,1.9604,6.8565,-0.12621,1.0508,0.20652,-0.62262,0.42561,-0.28329,3.7811,16.667,12.171,-1.0464,-0.032439,0.1758,-0.41422,-0.26094,-0.59594,19.741,-6.1764,0.82897,-0.99682,-0.40431,0.18879,-0.55405,0.24207,0.44166,-19.003,4.1354,-1.9378,-0.23727,0.007495,-1.1872,0.46833,-0.12618,0.50621,-20.298,-3.0713,-4.6563,-0.39161,-0.5896,0.84651,0.50287,0.18643,-0.39148
9,10.285,-1.4057,1.6406,0.37906,-0.2266,0.42175,-0.99287,-0.31086,0.027864,10.953,2.8684,4.1907,-2.2148,-1.3392,-0.29358,-0.66802,-0.69537,0.18721,8.5458,-9.6757,3.3763,-2.1237,0.56488,0.54604,-0.90749,-0.17804,-0.48117,-10.093,-0.47557,-3.5504,-0.16453,0.39445,-0.76653,1.0412,0.012092,-0.26052,-12.119,-3.3437,1.4269,-1.7282,-0.083463,-1.811,0.97264,-0.20468,0.28127
9,9.9935,1.3263,0.87804,0.48925,-0.46197,-0.022868,-0.75519,0.30352,0.20832,11.075,4.4604,-2.7875,-0.94694,0.37974,-2.3627,-0.8282,-0.009629,-0.068724,30.992,-23.08,-1.2759,-2.8668,-0.40246,1.1075,-0.87771,0.13912,-0.097806,-10.113,3.5076,-0.73427,1.5098,0.29451,0.26726,0.8188,0.12686,0.21496,-10.753,-1.1022,-1.5123,-0.051193,0.091583,-0.3884,0.78469,-0.28862,-0.089376
8,27.433,2.1043,6.4715,0.48628,0.61724,0.030996,-0.60119,0.46536,-0.27116,-3.6239,20.415,12.636,-0.80231,-0.005547,-0.3731,-0.38634,-0.32047,-0.59374,0.74358,-26.19,-5.8005,-0.86022,-0.47575,0.41397,0.044741,0.53407,0.53605,-27.822,1.1745,-4.9566,0.40992,-0.29936,-0.71892,0.41163,-0.10021,0.54553,-25.917,-11.317,0.63877,0.66264,-0.52723,0.75675,0.41237,0.16057,-0.47515
8,9.1777,1.2439,1.434,-0.11111,0.10902,-0.13141,-0.78405,-0.27795,0.30346,8.3686,2.8009,1.5668,0.53781,0.26075,0.50147,-0.59266,-0.16617,0.48644,9.6867,-0.92745,1.5477,-0.18123,-0.4813,-0.69788,-0.56798,-0.42459,0.022552,-8.7923,0.85879,-1.035,0.055933,0.28253,0.33796,0.45305,0.27409,-0.38979,-9.9207,-1.4504,-1.844,0.001977,0.028589,0.002657,0.41433,-0.42319,0.42969
4,9.973,1.1156,1.7673,-3.4702,-1.1321,0.086896,-0.70656,-0.22548,-0.52839,-3.785,9.054,4.8881,-1.1394,-0.62444,-2.043,-0.018941,-0.61512,-0.66334,0.046974,-10.032,6.3116,-0.83885,1.2875,1.3751,0.35486,0.54923,-0.79421,-10.064,-4.5657,-1.5726,0.22008,0.020155,2.4968,0.49607,-0.16684,-0.15403,-11.836,-2.0303,-2.0047,0.73377,0.035059,1.6274,0.55759,0.36115,0.095784
9,9.2253,-6.1117,2.5849,1.0141,1.5064,-0.14944,-1.0248,-0.085415,-0.087212,5.6251,6.4812,0.11952,1.186,0.36172,-0.61008,-0.77731,-0.42019,0.27457,14.281,-5.1364,-0.40779,1.9591,-7.651,-1.8725,-0.039392,-0.030359,-0.91452,-10.379,5.6331,1.2702,-0.030303,0.1636,-0.60098,0.86254,0.051724,-0.47001,-8.61,-8.2109,-2.6538,-0.32767,-0.26997,0.32832,0.71132,0.38166,0.55661
5,8.268,1.2896,4.6677,-0.13805,-0.18796,0.2546,-0.78833,-0.073783,0.067746,-2.5159,8.9089,2.2751,0.28412,0.004003,0.072694,-0.10113,-0.55304,0.040739,0.56066,-1.377,9.0782,-0.37054,-0.17836,-0.11376,-0.51732,-0.1102,-0.58778,-3.8573,21.154,-0.96752,0.21809,0.93859,0.43579,0.29398,-0.42008,-0.17421,10.018,7.1244,3.2586,-0.10731,-0.44802,0.55068,0.079459,0.56838,0.19805
0,7.3612,-0.62121,3.9296,-0.2397,-0.41443,0.18347,-0.76225,-0.21199,-0.74855,5.0129,4.5449,6.5193,-0.065211,0.14965,-0.31817,-0.4667,-0.75478,-0.71787,5.4896,-5.6583,4.9746,0.17644,0.43467,0.34746,-0.45188,0.77968,-1.0869,-9.9384,0.59872,-0.99671,0.64787,0.22288,-1.2707,0.5021,-0.48112,0.067256,-6.6644,3.9962,-0.79562,0.66686,-0.036446,-0.10479,0.31129,0.65358,0.18018
1,11.005,1.2527,3.1135,-0.55482,0.50391,-0.094981,-0.82925,-0.11978,-0.72722,12.23,2.5404,2.9428,-1.2037,0.25983,-0.76615,-0.65644,-0.58513,0.12108,11.734,-4.3113,2.9906,-1.3885,-0.43402,-2.5209,-0.98744,1.6594,0.9068,-12.426,4.8662,-2.1617,0.36581,-0.73122,2.082,0.66521,-0.1071,0.12388,-13.27,1.6643,-1.6165,-1.5725,0.28465,1.5517,0.14948,0.65521,-0.025201
1,10.218,-1.3095,-0.60082,0.50655,-0.24942,-0.34168,-0.98596,0.19103,-0.3669,9.3529,0.8113,4.0649,0.1389,-0.05528,0.034559,-0.064021,0.74202,-0.52431,9.2828,-1.7562,0.81397,-0.54153,0.21583,0.19153,-1.3676,0.93485,0.2404,-11.738,5.1244,-1.7331,1.1752,-0.46181,-1.5373,0.74856,-0.074314,0.45861,-6.5065,-8.5756,1.5084,0.88066,0.88302,-0.53636,0.74542,0.72354,-0.26514
7,3.1674,-1.4052,6.963,-0.36842,-0.41524,-0.42201,-0.066346,0.075486,-1.024,-6.4295,-14.12,14.434,-0.64186,-0.70695,-0.79169,0.197,0.2257,-0.92422,-10.609,25.375,-5.1154,-0.47076,0.018401,-0.069657,0.45176,-0.84086,-0.12336,-3.2042,11.996,2.6473,-0.4191,0.085198,0.52882,-0.26644,-0.85356,-0.34294,-2.5324,-12.451,-0.35722,0.79165,-0.026325,-0.59978,-0.28456,0.90619,0.20127
4,-8.7123,5.3406,6.9176,0.90052,0.070311,-0.52694,0.52588,-0.24302,-0.57701,1.3129,9.4935,-4.1496,-0.51674,1.2082,0.70795,-0.32073,-1.3488,0.24506,-4.02,-11.081,2.4271,-0.69378,0.46943,-1.7241,0.10896,0.72227,-0.49538,-11.219,4.3484,1.6993,-1.0394,-0.010438,0.86295,0.52137,-0.25615,-0.23881,-11.982,-3.7776,-2.3749,-0.19699,-0.41338,0.80377,0.63083,0.27306,0.18296
3,6.796,0.084776,0.35737,0.036489,-0.44608,-0.18862,-0.78711,-0.12382,-0.52851,1.9911,3.3617,6.489,0.54162,-0.6064,0.12338,0.24781,-0.50264,-0.81924,4.2026,-3.1716,6.8522,-0.096192,-0.87458,-0.92819,0.011323,0.31922,-1.0143,-10.076,10.35,-0.30435,-1.1262,0.003314,1.4088,0.80781,-0.13027,-0.46741,-9.6501,-1.6962,0.64111,0.14008,0.31281,1.8701,0.68605,0.73701,0.24576
0,7.3398,-2.747,5.5746,-1.4323,-0.32939,-0.030277,-0.75935,0.21527,-0.66162,4.1834,8.8125,-0.056576,-0.06525,-0.28752,-0.48675,-0.39648,-0.52313,-0.47637,5.634,-4.8936,5.7602,-0.095875,0.30675,0.38849,-0.15023,0.69068,-0.97162,-9.728,-3.9573,0.94232,-1.2794,0.44416,-0.69421,0.77423,-0.48204,0.10804,-6.9324,7.9236,1.6047,2.7974,-0.24165,-0.18832,0.65092,0.73291,0.001112
4,-4.8336,3.8443,2.9285,-1.075,-0.68239,0.33937,0.58532,-0.27427,-0.55809,3.055,7.7415,-0.99186,0.44039,0.18701,-0.098824,-0.29793,-1.1082,0.25268,-4.0083,-9.9894,3.3426,-0.06695,-0.7053,1.4503,-0.032712,0.72692,-0.45941,-8.0278,2.3123,-3.9804,0.091986,0.875,-1.9045,0.52478,-0.28458,-0.16327,-6.274,-3.4134,0.062444,-0.79142,0.032271,-1.1126,0.63482,0.24996,0.084803
5,9.1631,0.35415,1.6256,-0.032444,0.22827,-0.35068,-0.55699,-0.23793,0.18154,2.8313,0.10849,9.2258,0.008994,0.066693,0.12142,-0.28212,-0.14863,-0.24397,2.0535,-0.81734,9.1531,-0.009099,-0.045398,-0.031302,-0.65203,-0.16066,-0.48659,-3.881,10.177,-1.1635,-0.81771,-0.18412,0.81486,0.42457,-0.52282,-0.11548,4.0871,-4.7125,1.2538,-0.20612,-0.087048,0.68393,0.1034,0.56444,0.23511
8,2.2906,-0.79912,-0.34009,0.22696,-0.2609,-0.04654,-0.74409,-0.29836,-0.2935,3.2452,2.0346,0.87225,-0.15535,0.22506,-0.16219,-0.38391,-0.61314,0.34544,3.5356,-1.9633,1.3279,0.36606,0.14001,-0.26675,-0.44594,0.015332,-0.64012,0.30855,0.21832,-1.3866,0.3895,0.62676,-0.20622,0.46497,-0.31301,-0.48786,0.65759,-1.5333,-2.6554,-0.003508,0.42566,-0.15066,0.45722,0.19788,0.60108
4,13.151,-3.7793,7.4998,-2.2876,-0.28313,0.027333,-0.87188,0.20483,-0.46675,-2.3908,9.9847,-0.72159,0.11993,0.65588,2.9182,0.028409,-1.9083,-0.25828,-5.0095,-6.1717,4.7707,1.0939,0.67536,-1.0467,0.5177,0.47623,-0.5606,-9.3457,1.7196,0.63357,-0.71079,0.56853,0.92255,0.42659,-0.27889,-0.12921,-15.519,-4.1489,-1.1895,-0.3953,-0.031534,2.1508,0.62747,0.2345,0.041548
7,6.8553,-0.008965,-7.5795,0.072672,0.13662,0.080482,-0.98953,-0.050424,0.015724,3.5998,5.226,8.3627,-0.66263,-0.060721,0.044208,0.38759,-0.33751,-0.72843,3.9399,-2.7438,9.3757,-0.34681,0.000822,-0.11352,0.2902,-0.068967,-0.8345,1.6687,8.8657,-3.099,-0.083714,-0.090482,0.18133,-0.8011,-0.5055,-0.071147,2.1883,-8.7989,-2.4751,0.11856,0.12692,-0.071028,-0.80118,0.41436,0.19279
2,9.7012,2.1916,4.6356,3.1266,-7.5498,1.0831,-0.72262,-0.087984,-0.80927,4.1574,16.778,10.155,1.3703,1.921,2.9926,0.36227,-0.75049,-0.60152,-3.1805,-22.599,6.8966,1.1366,-0.3694,2.8512,0.50488,0.92637,-0.87902,4.4856,-40.337,-5.954,2.326,1.0917,-0.50756,0.1271,-0.70329,0.082433,-14.366,-5.3862,-3.7284,-0.26325,-1.5556,-2.6615,0.63353,0.40972,0.038091
4,4.8041,1.1219,-0.95708,0.7758,0.60744,0.061458,-0.84285,-0.35312,-0.2449,-5.2193,8.9547,6.0877,0.15739,0.011505,-1.6617,-0.33878,-0.50094,-0.59499,6.3758,-4.1802,6.0047,-0.26686,0.56202,0.26028,-0.004692,0.56322,-0.99732,-7.4493,-5.3619,-0.51123,0.70294,0.005732,2.1216,0.69257,-0.11307,-0.047821,-7.3091,-1.8115,-0.56566,0.023585,-0.97707,1.5805,0.44396,0.33465,0.27031
0,13.499,0.39813,4.2553,-0.3241,0.001995,0.063508,-0.8219,-0.14495,-0.70811,4.4996,8.1403,7.5251,0.22075,0.48744,0.4269,-0.28652,-0.82624,-0.63295,4.5308,-5.6196,7.1011,-0.05807,-0.19703,0.44002,-0.23233,0.8752,-1.1802,-9.9326,0.43737,-1.7391,0.60897,0.73837,-0.33631,0.063473,-0.78048,-0.1687,-11.595,-2.7013,-1.0529,-1.2689,-0.42105,0.18785,0.69099,0.26956,0.14894
6,9.1052,1.099,4.3556,-0.55148,-0.007362,0.31985,-0.9094,0.27587,-0.16864,1.5878,8.0707,5.0257,-0.19694,-0.21875,0.68727,-0.7146,-0.54024,-0.53447,0.054153,-5.0405,8.8482,-0.064795,0.14938,-0.10542,-0.58473,0.71341,-0.5625,-8.3958,7.0647,-0.88489,-0.18749,-0.60661,2.0559,0.68139,-0.3633,0.15072,-9.4925,-7.9957,-6.2951,-1.1907,-0.77286,2.0104,0.64592,0.52881,-0.037449
4,8.4351,0.53529,1.7962,0.12979,0.58978,-0.016966,-0.74227,-0.20108,-0.53597,-6.2477,8.9785,3.3719,0.20152,-0.47959,0.2445,-0.085449,-0.60216,-0.30579,0.84326,-5.6482,8.2744,0.20663,0.063589,-0.42116,0.3698,0.50258,-0.91639,-9.0988,0.85423,-1.4214,-0.002602,-0.070864,0.69458,0.68257,-0.15661,0.038331,-7.7552,-2.4307,-2.27,-0.12491,0.26893,1.7894,0.34934,0.47464,0.01975
6,9.098,0.21221,1.0603,0.12937,0.070682,-0.14654,-0.8115,0.14856,0.26134,-0.21349,5.2328,8.7134,0.35026,0.13895,-0.0064,-0.32948,-0.20431,-0.67465,1.4012,-0.71643,9.2329,-0.044766,-0.15745,0.031822,-0.52629,0.44533,-0.55627,-8.9765,5.4692,-3.9708,-0.85115,0.67697,0.88734,0.59172,0.052113,0.14532,-2.1279,-3.1164,1.0794,-0.20396,0.16229,0.52507,0.53738,0.50704,-0.28055
7,10.152,0.88684,-0.82272,-0.34462,0.81351,-0.24766,-0.66427,-0.21634,-0.64895,4.2677,8.6775,0.3467,0.23795,0.067118,-0.15367,0.40491,-0.84173,-0.086302,5.9467,-2.1933,8.0291,-0.45439,0.15448,-0.060555,0.23266,0.008683,-0.92176,-0.22526,8.7032,3.9709,-0.021986,0.13396,-0.2093,-0.69684,-0.54917,-0.37543,-1.9609,-9.1652,1.7972,-0.09824,0.18121,0.15177,-0.57072,0.77919,-0.076998
3,8.5282,0.38318,-0.93471,0.55576,0.020164,-0.21445,-0.8575,-0.1998,-0.40248,3.1308,5.4317,7.4017,0.12357,0.8479,-1.2359,0.52354,-0.43656,-0.070014,4.0416,-9.09,4.3812,-0.29918,0.50752,0.53376,-0.070234,0.56088,-0.55175,-9.2274,-0.53976,-2.7832,0.5508,-0.20277,-0.83399,0.88836,0.21199,-0.36164,-6.877,-8.8948,0.43302,-0.10348,0.077305,-1.3051,0.45648,0.96496,0.30918
7,10.052,-0.64628,-0.38006,0.079684,-0.35209,0.07747,-0.84064,-0.080171,-0.47046,4.2611,2.5235,8.9321,-0.13908,-0.18989,-0.02439,0.17306,-0.39292,-0.83397,3.6748,2.601,8.6258,-0.66599,-0.45995,-0.45603,0.26864,-0.29581,-0.84349,2.1796,9.5921,-0.059692,0.058564,0.093496,-0.12721,-0.65568,-0.66063,-0.22526,3.0356,-9.4491,0.047425,-0.12685,0.1323,0.14866,-0.75551,0.59964,0.038384
9,9.085,-0.25585,-2.958,0.015621,-0.20953,0.098002,-0.62569,0.40545,0.45231,4.8149,8.0167,-1.8466,-0.050861,0.1365,-0.26144,-0.39313,-0.66556,-0.26788,-3.8165,-7.4148,-3.1251,0.15124,-0.06446,0.40214,0.15544,0.52395,0.66617,-9.194,2.5382,0.26089,0.045122,0.073266,0.38204,0.74057,-0.19445,0.41947,-9.4055,-2.5421,-1.5928,-0.019318,0.036512,0.002119,0.78354,0.10336,-0.31661
0,8.9583,-1.8544,4.1335,-0.10344,-0.090961,0.078144,-0.65933,0.14812,-0.62079,1.0206,8.1418,5.3244,-0.14557,0.12401,-0.72315,-0.049254,-0.24681,-0.6486,1.3933,-5.9999,7.9441,-0.10801,0.98682,0.001618,0.33622,0.73573,-0.84612,-8.9142,2.5861,-4.263,-0.32471,-0.035546,-1.0355,0.77824,-0.26165,0.4123,-11.718,-14.906,0.30333,0.25203,0.14886,-0.39634,0.74142,0.70743,-0.16744
0,13.068,-3.5208,1.9326,-0.015373,0.2052,0.56399,-0.73918,0.31236,-0.58461,11.004,4.8638,0.41256,1.2061,-0.20559,3.3962,0.17914,0.16313,-0.94092,12.309,-3.835,2.5794,1.0215,-0.62857,-0.13822,-1.0013,0.26923,-0.093759,-19.107,5.2634,1.1877,-2.9628,0.98296,0.41682,0.70755,-0.71757,0.26267,-11.199,-8.3234,1.7776,-1.9189,-0.57681,-0.79916,1.2794,0.31529,-0.097297
4,12.398,0.64338,-3.1772,-1.3443,0.62173,-0.35511,-0.98492,-0.073955,-0.18536,-5.6791,9.5447,1.1958,-1.356,-0.74961,-2.8951,-0.067127,-0.63384,-0.45071,-0.27524,-8.2872,4.8185,-0.4627,1.9781,1.3832,0.32323,0.53519,-0.80856,-14.657,2.7592,-2.0589,-0.16837,1.3288,2.7358,0.48923,-0.37582,-0.043439,-12.402,-7.7371,-4.789,0.26316,-0.022166,1.1279,0.53581,0.32849,0.22431
2,20.232,-2.5281,-6.9135,-2.1013,1.9702,-0.56042,-1.0805,0.12133,-0.4556,-7.5217,37.811,-6.5187,-4.1671,-3.4256,-4.9093,0.31772,-0.7308,-0.3315,5.9364,-25.942,12.126,-0.001453,-1.2535,-6.2827,0.45739,0.72642,-0.91667,-20.919,5.1975,-8.4029,-2.0047,2.6788,3.4608,0.37801,-0.62452,0.38684,-24.959,31.28,1.5124,-0.33568,0.87063,0.40328,0.47371,0.64182,0.18938
6,8.0704,0.25899,5.5625,-0.32614,-0.22133,-0.14571,-0.90042,0.30414,-0.16937,2.0784,8.0093,4.8681,-0.086486,-0.028455,0.036958,-0.76001,-0.48017,-0.53987,0.16707,-4.6158,8.6546,0.038578,-0.017135,-0.12944,-0.59995,0.6939,-0.5691,-2.3993,2.914,1.7579,0.65856,0.59074,-1.5167,0.62707,-0.50154,0.12578,-8.3674,-9.5616,-6.4612,0.47582,0.36939,-1.0349,0.71099,0.43246,-0.088529
4,5.421,-0.11881,0.51697,0.68994,0.40356,-0.054423,-0.82689,-0.087542,-0.3575,5.8789,3.6409,7.614,-0.46268,0.065573,0.78311,-0.36656,-0.67518,-1.0178,-7.3853,-10.671,6.1,0.12964,-0.16583,-0.22569,-0.050841,0.51709,-0.58533,-6.3327,-3.0649,-3.5077,1.5725,0.17607,-1.5476,0.55154,-0.25142,-0.031526,-6.8591,-5.7871,-0.7929,0.60883,0.42615,-1.8677,0.61646,0.095251,0.22394
1,13.381,0.40692,1.7683,-0.27554,-0.54174,-0.40422,-0.76747,-0.018701,-0.44196,13.665,5.0992,0.58293,-0.13789,-0.20342,-0.092539,-0.86428,-0.50149,-1.068,11.537,-1.9388,3.7479,-0.14686,-0.88774,-1.8482,-0.75543,1.2607,-0.56434,-14.555,6.304,-0.90972,0.62694,-0.69333,-0.15214,0.87745,-0.18862,0.25112,-11.184,-5.2811,-0.57581,1.4634,0.85022,0.28659,0.71849,0.94964,-0.24385
9,9.5553,-1.2794,4.0052,0.074221,-0.27237,0.1262,-0.57582,-0.26262,-0.7568,2.3211,4.7099,8.7622,0.41236,-0.22465,-0.57762,-0.018108,-0.87939,-0.48204,10.663,-3.3655,2.356,1.3305,0.12281,2.6983,-0.41547,0.63072,-0.61154,-9.1376,2.447,-2.5449,-0.080563,-0.55129,0.51396,0.79113,-0.6393,-0.12585,-10.764,-10.699,3.5455,1.3845,0.9022,0.39086,0.91279,0.47462,0.2703
6,7.8326,-6.4847,2.8806,-0.051518,-0.21741,0.30962,-0.42142,0.87327,0.051759,-0.11977,3.222,9.4011,0.12767,-0.062901,-0.16517,-0.34361,-0.059242,-0.6972,-0.46419,-1.2448,9.8751,0.14462,-0.42516,-0.061755,-0.34736,0.48803,-0.63855,-9.8694,2.6897,-3.6565,1.3269,0.42301,-2.1875,0.66567,-0.091301,0.2692,-7.81,-11.029,-1.8669,0.73771,0.10796,-1.9484,0.60661,0.42167,-0.20564
0,9.9775,1.8371,1.5265,-0.52636,0.01882,-0.14429,-0.65933,0.02244,-0.59447,10.636,2.9314,-1.5619,-1.8025,-0.074503,-0.97361,-0.40373,-0.40566,-1.2576,9.9671,-2.5447,4.0436,0.23516,-1.3814,-2.5842,-0.94762,1.0509,-0.60777,-15.758,-6.4852,-2.2268,1.0799,-0.46657,1.8493,0.67996,-0.41913,0.23486,-12.938,-3.7137,2.5676,-0.20005,1.2186,1.0378,0.92681,0.78783,-0.18598
1,6.4763,-2.0256,-0.42881,-1.4045,0.39774,0.34435,-0.63252,0.30886,-0.72064,3.3006,6.5232,1.1001,-0.30387,-0.49785,0.53835,-0.11784,-0.56674,-0.50162,3.1682,-6.007,6.2699,-0.4419,-0.22607,0.22204,0.24975,0.68838,-0.85771,-9.6118,-0.62311,-2.262,1.8819,1.148,-1.2786,0.58823,-0.70453,-0.017067,-17.598,1.1998,-1.5555,-1.454,1.0203,-2.47,1.0053,0.4621,0.001936
5,8.8301,-0.92937,1.8408,0.000229,0.096118,0.020102,-0.845,-0.2602,0.016821,-1.8747,7.1044,6.4943,-0.16637,-0.084501,-0.022632,0.33225,-0.67097,0.008179,-0.44276,-0.98778,9.428,0.29688,-0.027359,-0.21002,-0.53545,-0.12267,-0.68817,5.47,1.4616,0.64342,1.6504,-0.48177,-1.7519,-0.16308,-0.70346,-0.28605,-1.5381,-14.131,-3.8202,0.37075,0.63382,-1.7451,0.20259,0.3567,0.44888
7,9.4522,-0.94472,-2.2974,0.18584,0.54173,0.55793,-1.0718,0.27763,-0.3089,2.7787,7.9559,7.5285,-0.046117,0.2829,-0.14505,0.26778,-0.62244,-0.652,5.6846,-0.58372,10.243,-0.11808,0.36187,0.048118,0.029349,-0.13282,-0.93278,-0.11033,9.3126,2.246,-1.132,-0.041047,-1.1595,-0.44925,-0.78735,-0.31398,0.56048,-9.0643,-0.48715,-0.26317,-0.51714,0.97536,-0.50074,0.82479,0.094844
0,7.6645,-0.41134,3.5913,0.30401,-0.24671,0.060507,-0.76277,-0.047811,-0.94679,8.7275,2.9374,3.1603,1.4913,-0.11715,0.18274,-0.84774,-0.57942,-0.34566,8.6122,-2.2105,0.61093,0.13196,0.84432,0.92976,-0.92861,1.3594,-0.89563,-9.9587,-1.1709,-1.9208,1.5708,0.2075,-1.5845,0.42388,-0.65742,0.20159,-10.643,4.7916,-0.046454,1.0645,0.99701,-2.1868,0.40434,0.57369,0.42376
3,10.372,-1.5913,-1.4337,0.2257,0.12941,0.021203,-0.95864,0.065156,-0.46046,1.6748,8.1898,5.0959,0.19966,0.49727,1.0063,0.62443,-0.22681,0.139,0.40665,-7.086,7.9028,-0.37179,-0.43536,-0.079527,0.46057,0.49663,-0.51713,-8.8223,3.6961,-2.0471,-0.6873,-0.07889,-0.98254,0.44181,-0.75711,0.12957,-10.486,-1.8749,-0.3928,-0.98062,-0.22861,-0.46513,0.80317,0.53636,0.043313
7,6.7102,0.89417,7.646,0.047897,0.78684,-0.16611,-0.35561,-0.14188,-0.88662,-1.2702,1.7678,10.677,-0.32517,0.62021,-1.3218,0.4959,0.073775,-0.83133,0.49049,-1.0286,11.576,0.14841,0.374,1.2074,0.30291,-0.23508,-0.8762,-1.8895,8.821,1.251,-0.054634,-0.027303,-0.44178,-0.31122,-0.87988,-0.23145,-1.4143,-9.2675,1.2135,0.22006,-0.26316,0.58596,-0.35744,0.90606,0.004746
9,10.519,-1.9184,-1.1916,-0.5673,-0.015538,-0.23347,-0.85041,0.31705,0.28211,7.4474,6.1893,5.8664,-0.18454,-0.38969,0.50153,-0.70159,0.54534,-0.37682,7.1274,-7.783,5.1145,-1.1477,0.087923,-1.0366,-0.79554,-0.40098,0.14963,-9.4747,-1.4097,-2.3227,-0.17586,-0.16891,0.56164,0.80138,0.30385,0.39257,-13.462,-3.0216,0.9221,0.46664,0.65387,1.1483,0.91085,-0.29402,-0.27606
0,11.412,-0.84578,1.7604,0.48264,0.28786,-0.20511,-0.7675,0.26052,-0.64908,5.3977,8.4883,-0.21124,0.10172,0.39051,0.4456,-0.60313,-0.48713,-0.40836,5.0189,-5.2735,7.8451,-0.074173,-0.59058,-0.64867,-0.13562,0.74891,-0.88822,-9.2188,5.9658,-2.4046,3.24,-1.4285,1.0075,0.8814,-0.30597,0.15871,-12.292,-1.916,-1.1807,1.9829,0.37182,0.43015,0.89903,0.5114,0.004517
5,8.0611,1.3978,4.3554,-1.1763,-0.055129,0.10339,-0.64373,-0.13338,0.15078,2.9752,8.2419,5.1162,-0.13986,-0.31366,0.32525,-0.79016,-0.46071,-0.22956,1.7083,-2.797,8.0118,-2.027,-1.9263,-2.2916,-0.49524,0.08607,-0.55407,-7.2844,10.234,2.4058,-0.99194,-0.59725,2.1169,0.37803,-0.39726,-0.27258,-7.0654,-8.7009,2.3197,-0.83286,-0.098561,3.5556,0.32049,0.43298,0.13073
0,8.3803,-0.79674,1.3028,0.71564,-0.1616,-0.095413,-0.77795,0.18236,-0.65004,4.8033,7.6978,0.95145,0.25201,0.50738,-0.25754,-0.43857,-0.37071,-0.54149,5.8726,-4.4695,6.0388,0.0031,-0.13116,0.092804,-0.1725,0.69151,-0.94939,-10.975,0.25671,-1.1595,0.84323,0.57023,-0.63732,0.72615,-0.52698,-0.02438,-8.3388,3.2493,1.7923,3.5326,0.45005,-1.6537,0.67109,0.6538,0.2671
6,9.2688,-2.3727,0.60208,0.029249,-0.26056,-0.24395,-0.91543,0.59932,0.2314,-0.081831,8.1969,4.8146,-0.34872,-0.057536,-0.19324,-0.57928,-0.53394,-0.65986,0.17728,-2.8486,9.7661,-0.12611,-0.040634,-0.028753,-0.42297,0.60047,-0.68399,-0.7056,2.5729,2.737,0.94736,0.49116,-1.6059,0.456,-0.58957,0.26732,-9.5778,-8.3408,0.29422,-0.72768,0.44697,-1.2584,0.61979,0.34642,-0.34956
2,25.072,-6.4848,5.7301,0.42213,1.0053,0.50326,-1.126,0.2674,-0.48053,-4.4631,29.885,-10.964,1.5083,4.3828,3.0932,0.1019,-0.86756,-0.068339,1.6394,-26.862,6.7129,2.3209,-0.72464,5.1932,0.72503,0.96764,-0.54498,-32.887,4.5994,8.7335,0.6011,-0.63628,-3.6705,0.34589,-0.6578,0.35395,-28.038,2.2193,-2.3399,1.3401,1.1503,-4.5694,0.45866,0.64528,0.24532
6,8.5377,1.2195,5.0748,-0.73593,0.10492,0.38027,-0.91815,0.26296,-0.13158,0.69075,9.405,4.8945,-0.35673,-0.38931,0.37529,-0.69174,-0.57379,-0.52171,0.075829,-4.8716,9.1238,-0.13598,0.3207,0.11654,-0.61178,0.69515,-0.56553,-6.4397,4.9116,-0.34869,-0.73031,-0.4764,2.0349,0.66582,-0.4171,0.11749,-9.7048,-9.8677,-6.4561,-0.69218,-0.69376,1.8886,0.66806,0.49553,-0.042528
9,9.2256,-2.6151,-3.4596,-0.24832,0.25562,-0.026877,-0.68954,0.55429,0.052489,9.2928,5.6381,-0.072235,5.3646,1.0857,1.7351,-0.49718,0.23205,-0.6403,11.616,-3.8829,6.6674,-0.47408,-0.96762,-1.9187,-0.82373,0.017532,0.20824,-9.2783,-1.8656,-1.9178,0.094245,-0.10636,0.042349,0.67387,0.009433,0.52416,-9.8975,1.3997,1.4346,0.68745,-0.10519,1.1532,0.66909,0.24523,-0.47744
6,9.4736,-0.25186,2.6413,-0.088603,-0.16235,0.23471,-0.97579,0.53205,0.15042,-2.2874,8.8431,3.9706,-0.16227,-0.15567,0.1919,-0.40748,-0.72234,-0.6556,-0.14859,-2.1232,9.1279,-0.15297,0.12379,0.021067,-0.41411,0.55411,-0.72314,-9.6873,8.943,-1.2241,-0.19697,-0.18895,2.4771,0.5879,-0.37594,0.28856,-10.573,-8.2909,-2.8938,0.38683,-0.74085,2.5977,0.52131,0.5186,-0.34896
3,9.0612,0.63218,1.4837,-0.44937,0.31065,-0.095656,-0.7187,-0.000412,-0.57755,5.556,7.2703,3.8783,0.12297,-0.026379,-0.77706,0.16724,-0.3836,-0.10371,5.4041,-4.842,6.7898,0.026304,0.60709,0.58002,-0.10497,0.42673,-0.70596,-8.2221,1.6787,-1.3243,-0.41465,0.049317,1.4863,0.60672,-0.70327,0.072394,-9.7838,0.687,-2.2284,0.064461,-0.07118,0.58017,0.8594,0.40669,0.13433
4,14.185,-0.9245,-0.67809,-0.15308,-0.86305,0.34482,-0.84452,-0.10048,-0.27527,2.4612,7.1382,5.6942,0.3242,0.27782,-1.676,-0.185,-0.65088,-1.0518,-3.1025,-8.6379,4.4896,0.53741,0.17954,1.8691,0.23663,0.51902,-0.76143,-13.657,-1.0343,-3.3968,1.1163,0.16895,-1.2152,0.64796,-0.15533,-0.005996,-15.837,1.3458,-2.8051,1.2535,1.3808,-2.2717,0.45911,0.30151,0.25659
8,9.3696,-2.2193,-2.7703,0.43078,-0.22853,-0.48821,-0.59339,0.32262,0.44061,9.7281,4.0054,2.1709,1.4711,0.65015,0.097391,-0.63388,0.1897,-0.22508,8.7948,-1.0956,3.9437,-0.47453,-1.3898,-0.72884,-0.7556,0.2474,0.20729,-8.6065,4.5458,-1.1568,-0.71632,0.042355,-0.39684,0.58626,0.17232,0.58194,-9.9199,-1.1507,0.092343,-0.046737,0.016232,0.29044,0.61648,-0.29953,-0.23218
4,9.1901,-0.41796,2.9111,4.0579,0.35026,-2.198,-0.86998,-0.078443,-0.47265,-4.9643,7.1875,-1.7368,-0.23354,1.0504,0.34283,-0.14056,-1.3859,0.022095,-1.5185,-7.2968,4.9068,-1.7756,-0.197,-3.2598,0.49845,0.50696,-0.82004,-17.142,3.5204,2.013,-0.084224,0.43255,-1.9525,0.614,-0.18396,-0.12916,-9.1054,-4.428,1.5194,1.6347,0.80933,-0.30799,0.35472,0.42416,0.06837
6,8.283,-5.9686,2.427,0.38862,-0.1548,-0.32035,-0.47693,0.81769,0.070883,1.7294,1.6253,9.1545,-0.086059,-0.10036,0.13155,-0.49019,0.052705,-0.59994,0.99612,0.19857,9.1678,-0.49825,0.32149,0.20014,-0.4626,0.40933,-0.65085,-7.1971,3.604,-1.3518,-1.4311,-0.62154,2.2387,0.7127,-0.15991,0.17298,-9.5397,-10.556,-3.709,-0.45311,-0.5793,1.9888,0.62375,0.38339,-0.14296
6,9.0969,-0.85993,2.7424,-0.56752,-0.21107,0.29457,-0.84414,0.35859,0.19215,0.10317,4.4244,8.2993,-0.32271,-0.21505,-0.13136,-0.46717,-0.077003,-0.77914,-0.12158,-1.0155,9.7956,0.01463,0.17961,0.16808,-0.36367,0.49778,-0.66974,-8.4668,7.4262,-4.2721,-0.97495,0.3861,2.2218,0.45282,-0.29039,0.4861,-10.957,-7.6626,-0.86181,-0.85961,-0.16415,2.6847,0.56942,0.30991,-0.39031
1,10.152,-1.2713,2.9411,-0.11068,-0.37588,-0.081118,-1.1791,0.08281,-0.35213,9.4762,4.1533,3.9608,0.26381,-0.10589,1.5252,-0.62609,-0.24059,-0.57593,8.9097,-2.0166,2.5133,0.96982,-0.42139,0.064594,0.15161,0.97611,-0.43838,-10.021,2.1817,-2.3488,0.61273,-0.4522,-1.7457,0.61081,-0.44179,0.28157,-5.4539,-8.2609,-0.83802,-0.30413,0.76922,-0.83714,0.1655,0.77336,0.23468
0,6.4263,-2.7089,0.96516,1.0612,-0.2428,-0.11565,-0.7857,0.25043,-0.56709,7.4788,1.1398,1.4537,1.8992,-0.23277,-0.49789,-0.12756,-0.44388,-0.97165,0.38227,-9.606,2.5681,0.018777,-0.55268,-2.2698,0.53162,0.89735,-0.35762,-9.2036,0.57014,-1.3076,-0.035273,0.3204,-1.3303,0.92977,-0.44852,0.28805,-8.355,1.5138,-0.66516,0.99294,0.24165,-2.0859,1.0564,1.0919,-0.18685
8,7.2391,0.23447,-2.6052,0.80673,-0.81146,-0.041917,-0.79692,0.1153,0.63626,1.564,4.359,1.7664,0.56828,-0.19233,0.95438,-0.72133,0.64715,0.23931,1.1725,-8.5012,1.9794,-0.90509,-0.11073,0.05845,-0.70352,-0.65796,0.2177,-9.861,4.827,-1.1379,1.1001,0.22633,0.63597,0.8083,0.41066,0.40071,-9.6536,-7.0745,0.067934,1.7876,1.1384,-1.4028,0.87694,-0.31857,-0.31415
4,15.155,-2.7443,2.8368,1.5548,-0.30145,0.071748,-0.93484,0.065682,-0.39064,-1.1599,9.4692,4.0333,-0.11104,0.76128,-2.0023,0.042761,-0.95619,-0.73684,-5.9857,-6.8316,3.0665,1.0502,-0.62736,0.9057,0.49262,0.4041,-0.64621,-13.672,-1.1444,-4.1501,-0.71568,-0.12475,-1.8856,0.52802,-0.30948,-0.083285,-14.432,-4.7723,-0.26849,0.12555,1.176,-2.1642,0.34119,0.38081,0.19026
8,4.7764,0.29239,2.7164,0.091522,1.6716,-0.15916,-0.6117,0.45024,-0.32392,2.3164,0.48523,1.9243,0.29864,0.25536,0.18663,-0.41532,-0.12588,-0.66178,4.7016,-4.7232,0.57328,-2.2669,-0.034164,0.54257,-0.58744,0.18801,0.44325,-8.5982,1.5389,1.073,-1.0975,-0.60025,-1.2655,0.53004,-0.075084,0.45742,-7.9575,-6.8789,-2.6051,-0.54843,-0.36015,1.5811,0.51736,0.17504,-0.38541
5,8.9126,-1.2955,3.58,0.072636,0.022754,-0.18164,-0.61472,-0.11137,0.097811,6.4269,5.4067,4.8907,-0.053467,0.16451,-0.13065,-0.87731,0.024225,-0.26048,5.348,-6.126,5.7734,-0.036001,-0.13915,-0.039812,-0.78134,0.18265,-0.66643,-11.409,11.591,0.61772,-0.54051,-0.41792,-2.3819,0.54012,-0.3802,-0.11104,1.3526,-7.1566,-1.3042,-0.35457,0.091958,-2.2179,0.1221,0.55457,0.23191
0,9.0401,-1.0071,2.0593,-0.60957,-0.26845,-0.000464,-0.80065,0.2069,-0.61212,5.0876,7.9557,-0.57995,0.10945,0.72633,-0.1844,-0.48823,-0.55146,-0.43293,5.0391,-4.433,6.4591,-0.22944,0.16476,-0.010386,-0.1345,0.7024,-0.93258,-9.0693,-0.70728,-1.8071,1.3763,0.65979,-0.74519,0.74976,-0.51978,0.042416,-8.6242,1.2263,1.6509,3.9604,0.52903,-1.4982,0.7672,0.61452,0.20313
7,10.079,-0.82815,0.89814,0.028643,0.91738,-0.066337,-0.9304,0.053285,-0.46034,-1.6535,5.0882,7.8576,0.3702,0.11744,-0.99922,0.60123,-0.30054,-0.60884,-0.44425,-2.3873,8.1349,-0.52815,0.39133,0.49801,0.49182,-0.040568,-0.72549,1.0352,10.573,-1.2869,0.044717,-0.3359,-0.82455,-0.5047,-0.76884,-0.052065,1.8209,-10.398,-1.9859,0.11601,-0.11518,0.79761,-0.52078,0.7212,0.26571
4,-7.7464,4.2544,6.0902,-0.094649,0.83377,0.45427,0.65581,-0.076725,-0.47583,-9.1934,8.9117,-5.8113,1.2046,1.7616,1.5401,-0.20685,-0.67613,0.27989,4.1314,-7.8439,3.5063,0.80047,-0.1532,-2.1997,0.086668,0.80929,-0.74909,-10.635,1.4736,1.3084,0.14691,-0.11517,-0.75948,0.68853,-0.10168,-0.17616,-5.7877,-1.3497,0.37784,0.45611,0.31629,0.18004,0.37521,0.49347,0.1125
6,9.7578,-1.678,2.2049,0.46895,0.51772,-0.25433,-0.82639,0.36993,0.24684,0.29318,5.0706,8.5221,-0.051077,-0.085024,0.017494,-0.4686,-0.11079,-0.78999,0.10234,-0.90017,9.8483,0.2304,-0.38954,0.04005,-0.39702,0.4816,-0.66835,-6.6537,5.5824,-2.8456,0.88457,-0.29755,-2.1713,0.4349,-0.3587,0.47098,-8.3503,-7.8548,-0.65393,0.42003,0.30041,-1.2737,0.58984,0.30249,-0.35759
2,-0.5169,-3.233,4.9265,-2.0897,0.83938,0.10446,-0.68033,0.36227,-0.67728,5.6819,3.6635,-1.914,-1.1882,-0.20969,2.4673,-0.72263,-0.56154,-0.2934,5.1654,-1.341,5.1265,0.65081,-0.80657,-0.56293,-0.27782,0.54304,-0.95881,6.4894,-5.1339,2.6853,-2.7385,-1.0548,-0.7865,0.48013,-0.74021,0.06636,-2.6042,-24.177,-5.4811,-3.2572,-0.47713,1.7377,1.1779,-0.007378,-0.29153
0,9.7139,2.5841,1.6622,-0.15678,0.38574,-0.2865,-0.78093,-0.31493,-0.70551,4.4121,7.3233,5.5655,-0.099877,-0.85541,-0.070763,-0.41222,-0.85309,-0.68097,5.8692,-3.8696,7.858,-0.10395,-0.78445,-0.42175,-0.4269,0.75143,-1.0616,-14.034,-4.8921,-2.409,1.2548,-0.17172,2.0369,0.51049,-0.50354,0.11453,-12.045,10.962,-0.9813,-1.1969,0.62098,1.2902,0.28269,0.69733,0.18079
8,1.0357,-0.38238,1.2562,-0.23986,0.010314,0.10076,-0.72036,-0.34953,-0.29187,1.9944,-1.3724,1.8543,2.4325,1.2283,-0.20103,-0.36618,-0.56363,0.42118,-0.61505,-0.91366,2.3895,-1.2689,0.009778,0.069171,-0.40424,0.001143,-0.65937,-5.632,1.4339,-2.0844,0.00702,-1.2981,0.77187,0.49812,-0.24446,-0.47646,-2.9806,0.16977,-2.4104,-0.90537,-1.3455,0.028579,0.4393,0.17007,0.61963
4,-5.3739,2.3052,1.3377,0.31392,-0.57532,-0.12119,0.78143,-0.037413,-0.22282,-5.8129,7.4394,-4.055,-0.3242,-1.8269,-0.38641,-0.25935,-0.70612,0.31533,5.2255,-5.3988,5.6176,-0.27021,0.28835,0.65663,-0.047439,0.77151,-0.81806,-9.9219,1.4842,1.3788,0.66575,-0.83048,2.0966,0.66538,-0.17928,-0.17873,-6.3172,-6.8127,-1.7678,-0.29697,-0.20836,1.1553,0.46257,0.44007,0.21214
1,8.3018,0.8662,3.2877,-0.49539,0.067939,-0.02209,-0.84276,-0.091875,-0.68982,10.319,2.1314,2.4141,-0.56734,0.91345,-1.5877,-0.86453,-0.67373,0.34634,10.517,-3.4617,2.7728,-0.98483,-0.75399,-2.319,-1.0295,0.93448,0.51122,-14.404,-4.0853,-2.2542,-0.4234,0.13795,2.6396,0.56603,-0.31555,0.15066,-10.049,0.080696,-2.4484,0.25061,0.36273,2.3262,0.37373,0.56897,0.072565
8,9.2143,-0.30674,1.7258,-0.19191,0.004032,0.001825,-0.76664,-0.41448,0.11901,8.7815,3.057,1.6733,-0.20132,0.004932,-0.38422,-0.6635,-0.019158,0.42325,8.8995,-2.4524,1.5702,-0.92648,0.074636,-0.2281,-0.54837,-0.39984,-0.24469,-9.418,1.6705,-1.5785,0.46197,0.20381,0.19208,0.46674,0.12165,-0.52662,-9.6083,-1.8882,-1.7442,-0.054701,0.081349,0.045632,0.41619,-0.34533,0.53309
7,9.118,-0.073192,-3.5772,0.34545,-1.7158,0.041693,-0.95044,-0.067794,-0.3508,0.56739,2.1032,6.9261,0.26059,-0.77564,2.1735,0.66348,-0.053467,-0.6155,1.0393,-1.287,7.2974,-0.004039,-1.1852,-1.4162,0.52542,-0.25938,-0.66769,2.9363,9.2227,-1.7673,0.31479,0.20922,0.40897,-0.73935,-0.56718,-0.12163,3.6106,-9.0136,-1.4296,-0.29165,0.1826,-0.46091,-0.75572,0.50957,0.1639
8,3.9688,-0.63216,2.085,0.34324,-0.35166,0.061323,-0.62644,0.42987,-0.2986,2.6662,6.3639,4.0945,0.18184,-0.25737,-0.16457,-0.40011,-0.28443,-0.60284,5.5815,-3.7431,1.2273,0.52919,0.20383,-0.42756,-0.58249,0.23423,0.40603,-2.3541,1.994,-5.0002,0.79658,0.29486,0.75494,0.51385,-0.11613,0.44995,-3.9199,8.2948,-6.0972,-1.0737,0.48461,-0.44229,0.50889,0.20939,-0.34998
3,7.2685,-1.2177,2.8879,-1.1845,0.19503,0.16833,-0.73241,-0.11297,-0.60148,7.4918,2.7709,1.5109,-0.23438,-0.447,-0.77893,-0.20629,-0.9241,-0.48312,9.1666,0.47715,3.8589,0.000583,0.96491,1.4179,-0.36972,0.28208,-0.61241,-6.7328,1.0208,0.18324,0.40845,-0.091188,1.2713,0.87898,-0.35095,-0.38072,-8.5114,-2.4082,-1.0107,-0.10415,-0.028662,1.1062,0.80202,0.47841,0.3402
6,10.152,0.48968,1.0551,-0.52535,-0.11083,0.39438,-1.0216,0.44733,0.13871,-1.4747,9.058,3.6026,-0.025814,-0.18882,0.12601,-0.48985,-0.69524,-0.60736,1.6009,-2.209,9.0145,-0.090869,0.26176,-0.13353,-0.55813,0.55056,-0.63824,-8.8959,8.3129,-2.3926,0.28221,0.18125,0.84892,0.62753,-0.22288,0.26259,-1.0313,-2.2695,1.0802,-0.42046,-0.17909,0.64165,0.43099,0.63089,-0.35969
8,19.064,1.5198,-3.0036,1.9538,-0.41625,0.67744,-0.92655,0.009811,-0.64265,26.597,6.5888,5.2565,-1.0751,-0.17557,0.41189,-0.62883,-0.71247,-0.35198,-3.9632,-1.5419,2.7631,0.36599,-0.5381,-0.23897,-0.73411,0.74703,-0.40451,-0.48105,1.5675,-5.0468,1.2758,0.012882,-0.56616,0.93835,-0.58798,-0.011737,-26.014,1.4992,-1.3533,-0.38017,0.017572,0.074625,0.98651,0.65582,0.35285
0,8.2001,1.3325,2.8209,0.32269,0.10247,-0.29385,-0.81336,-0.36859,-0.63351,4.6941,5.7392,5.7978,-0.10866,-0.24394,0.13677,-0.41153,-0.79099,-0.68946,6.4126,-5.8919,3.711,0.15975,-0.75823,-0.34629,-0.69985,0.76729,-1.0794,-9.1755,-1.153,-2.3382,1.2718,0.47163,-1.7674,0.30353,-0.68102,-0.19487,-10.139,3.3331,-0.33779,1.4137,0.82264,-2.3606,0.47778,0.42719,0.30183
2,-3.8425,-3.9234,-4.7502,1.8932,1.8225,-0.6229,-0.65354,0.24019,-0.76019,6.7074,4.8033,-1.9132,0.49195,0.34384,-2.3455,-0.63155,-0.62812,-0.22699,5.7875,-3.1157,5.5134,0.45072,0.48992,2.4547,-0.22056,0.56103,-0.96642,1.0542,-4.5027,1.1118,-0.74308,-3.1582,2.3032,0.48878,-0.73759,-0.011152,-2.8779,-3.7433,0.82648,-2.303,0.81026,-2.6027,1.082,0.28364,-0.13119
5,8.8685,-1.2566,3.7074,-0.086141,-0.008951,-0.10464,-0.6096,-0.10962,0.10849,6.2881,5.6322,5.2298,-0.0053,0.041799,0.041355,-0.88392,-0.001381,-0.22036,5.9921,-5.3514,5.0827,-0.18096,-0.067801,0.014278,-0.82616,0.18459,-0.59557,-6.1632,10.833,-1.5456,-0.82209,-0.28137,0.97129,0.52923,-0.40552,-0.10668,3.5906,-6.0352,-2.2155,-0.4429,-0.19072,1.3536,0.096868,0.53464,0.28549
1,8.8873,-3.8658,7.0328,0.214,0.012794,-0.14881,-0.63247,0.3271,-0.71136,2.0389,10.479,2.4493,-0.048388,-0.3956,-0.10549,-0.22843,-0.46968,-0.50377,1.2455,-6.1087,8.47,-0.16361,0.27055,-0.46437,0.22079,0.6656,-0.89775,-12.693,2.2278,-0.66378,0.51253,-0.29825,-1.0551,0.84774,-0.36669,0.21224,-10.623,-6.7816,2.3013,0.18018,0.49329,1.1339,0.72474,0.714,-0.041805
5,8.9196,-0.32159,2.3379,-0.13384,-0.062553,0.16828,-0.5897,-0.19323,0.15076,2.7259,0.66091,9.1804,-0.12819,-0.11019,0.069077,-0.28345,-0.15215,-0.24453,1.7899,-1.0628,9.3745,-0.024779,0.10773,-0.039926,-0.62909,-0.1255,-0.51909,4.7598,6.1613,0.021093,0.46378,0.090646,-0.26733,0.14056,-0.6303,-0.27066,-2.2904,-11.299,-4.454,0.32277,0.23237,-0.39022,0.41955,0.29331,0.2845
1,7.8518,0.71224,2.6213,-0.087238,0.09366,0.11565,-0.80345,-0.17798,-0.69354,2.4761,6.8314,4.7453,-0.015065,0.10237,-0.001026,-0.070007,-0.87188,-0.70135,1.9538,-6.1682,6.1854,-0.020179,0.058756,-0.080156,0.13656,0.7614,-1.0096,-10.182,-4.8954,-1.1443,-1.3414,0.16238,2.9777,0.24012,-0.77422,0.068406,-8.1504,-1.842,-1.7974,-0.1245,0.16581,1.5704,0.49062,0.57695,0.071655
5,9.0444,0.50556,2.4866,-0.012755,0.22799,0.049271,-0.82899,-0.3085,0.015789,-0.47382,6.2907,7.2982,-0.059692,-0.063286,-0.014657,0.31377,-0.63453,-0.022761,0.12066,0.098464,9.757,0.003601,-0.016593,-0.031683,-0.60859,-0.20125,-0.61272,-1.3546,14.135,-4.694,0.54498,-0.53723,-1.8678,0.004562,-0.70681,-0.15364,2.2055,-6.2707,-1.6363,0.038775,0.67145,-2.0769,-0.091404,0.46953,0.47389
1,9.1229,-0.86697,4.0537,0.19265,-0.22256,-0.11778,-1.0876,0.1617,-0.4403,1.1007,7.7081,6.1867,-0.2065,0.36582,-0.84083,-0.14525,-0.54676,-0.80813,0.96235,-7.1247,7.0059,0.16674,0.44257,0.3311,0.22013,1.0038,-0.81156,-9.8707,1.287,-2.714,-0.19931,-0.17239,-1.4269,0.61636,-0.42001,0.37449,-6.0394,-2.223,0.47405,-0.73584,0.28443,-0.52465,0.27444,0.76946,0.13418
2,-1.6101,-2.1052,-3.9875,-3.8277,-1.7229,-0.25889,-1.0645,-0.010906,-0.4974,-9.5362,1.1096,3.4941,-0.75786,-1.3837,-3.5907,0.20082,-0.78076,-0.31371,9.3105,-2.3851,2.188,1.5044,0.14992,-3.6667,0.73141,0.4807,-0.88737,-1.0259,2.3669,2.3087,2.6664,0.40607,2.473,0.62318,-0.28829,0.38431,-5.3034,-14.285,4.1123,0.053164,0.073195,0.34478,0.529,0.55693,0.13965
0,8.1692,-0.12287,3.3832,0.14169,-0.10746,-0.16953,-0.6781,-0.031879,-0.59484,8.0173,5.6113,0.68921,0.25411,-0.14738,0.74719,-0.48408,-0.65534,-0.63228,8.2189,-2.9622,0.96468,0.12545,0.92609,1.6741,-0.39726,0.95483,-0.8718,-9.2539,-0.61959,-1.7645,0.37152,0.1633,-0.86301,0.69271,-0.40395,0.28707,-4.765,7.5869,-1.661,-0.22684,-0.1293,0.40731,0.76473,0.83994,-0.3822
2,22.027,-11.128,-0.69225,4.3206,0.50722,-1.5986,-1.1234,0.32238,-0.39799,-8.8082,27.5,-7.8722,2.8333,4.1175,2.8981,0.13658,-0.86814,-0.096706,5.4933,-22.982,10.559,2.4044,1.489,5.8633,0.77217,0.81018,-0.75577,-22.884,3.6295,4.2691,0.75515,-1.8762,-2.9404,0.39206,-0.59277,0.4026,-25.597,1.9706,-2.8671,0.23648,1.4656,-4.8261,0.45982,0.69481,0.17757
0,8.0813,0.069775,4.7611,0.02021,-0.20815,0.15677,-0.75543,0.03995,-0.95012,7.8543,1.8242,1.8374,0.003601,0.33088,-0.33308,-0.66503,-0.72871,-0.75298,8.6509,-3.6592,3.8711,-0.072197,-0.14822,-0.010636,-1.3066,1.3165,0.29575,-6.1866,-5.0896,-1.0005,0.47586,0.59482,-0.79123,0.094008,-0.84854,0.11374,-8.9099,1.9784,-0.91526,-0.55145,-0.22834,0.88357,0.72439,0.32207,0.31484
0,9.9196,-0.22256,2.5778,-0.13889,-0.083013,0.12296,-0.82899,0.14813,-0.54722,8.038,0.86427,2.4404,0.41226,0.31717,-0.24732,0.087683,0.13225,-0.39635,8.4779,-2.151,3.2012,-0.33981,-0.392,-0.00068,-1.1274,0.87294,0.21664,-32.957,42.915,-17.743,-2.3439,1.8918,0.59034,0.5566,-0.51451,0.42824,-10.03,-4.315,0.49974,-0.4031,-0.21671,0.87154,1.0201,0.25628,-0.054742
7,10.09,-0.19584,-1.151,-0.036408,0.031064,-0.097617,-0.83328,0.014929,-0.55208,6.2526,-0.74851,8.7533,-0.03686,-0.18027,0.061243,0.026705,0.17433,-0.92789,5.5393,-1.8855,8.5269,-0.082408,-0.10971,-0.020004,0.069083,-0.074474,-0.93689,1.0342,8.9965,1.4073,-0.051208,0.033899,-0.34784,-0.67541,-0.6406,-0.28861,1.7952,-9.1791,-0.32919,0.063712,-0.037024,0.3256,-0.74154,0.63763,0.003302
1,6.9771,0.16912,4.2506,-0.21351,-0.37348,0.036629,-0.86265,-0.04147,-0.68783,5.5362,2.3,1.287,-0.80159,0.48548,-1.1425,-0.57175,-0.75011,-0.50117,6.6051,-4.1997,2.8779,0.21336,-0.023363,0.22625,-1.9121,0.2166,1.2628,-6.9998,-0.61056,-0.92397,-0.85649,-0.11507,2.2799,0.036384,-0.54819,0.13052,-8.5893,-0.82456,-1.8883,-1.3073,-0.37085,1.903,0.6771,0.1989,0.17022
1,7.2541,0.20816,2.6426,-0.057189,-0.10563,0.11339,-0.81934,-0.17721,-0.70098,-0.28351,7.3852,4.8881,-0.020982,-0.12825,0.20897,0.35312,-0.89682,-0.72622,0.011616,-7.0174,4.3567,0.32074,-0.11559,-0.30242,0.33404,0.72976,-1.2377,-10.445,-4.5664,-1.453,-1.618,0.16023,2.7243,0.26277,-0.75164,0.064587,-8.5088,-4.2963,-0.33115,-0.58622,-0.099101,1.9162,0.46996,0.59742,0.12004
4,4.0978,0.20736,-1.7635,-2.1508,0.7015,0.36755,-0.99232,-0.11156,-0.29046,-7.3042,7.3552,1.6966,-1.5779,-1.3534,-3.198,0.011589,-0.69272,-0.38091,2.7515,-3.0895,7.6374,-1.412,0.74908,2.3259,0.35088,0.62069,-0.83144,-9.099,2.4488,-1.7512,1.0611,1.0253,3.1952,0.52739,-0.35144,-0.056973,-9.3784,-5.8016,-1.2751,0.39181,-0.018672,2.0218,0.46607,0.3736,0.17212
8,0.3842,-0.054111,0.001644,-0.054508,0.010675,-0.026914,-0.45177,0.023473,-0.66493,0.38659,1.8219,1.1207,0.13634,0.43754,-0.014261,-0.54881,-0.36331,-0.38374,-0.06133,-1.4205,-0.38502,-1.3256,0.52734,-0.06744,-0.46459,0.44067,-0.39324,-0.35007,1.4451,0.76273,-0.64167,-0.12113,0.57173,0.66534,-0.31836,0.061731,-0.60344,-3.9468,1.0214,-0.26752,-0.049267,-0.56525,0.6666,0.22518,0.29573
7,7.0726,1.2809,6.3998,-0.3922,-1.5665,0.054852,-0.4379,-0.17223,-0.84402,-2.1119,1.2356,9.3585,0.91072,0.58941,2.1016,0.61911,0.071668,-0.74893,0.62867,-3.6637,8.4685,-0.21964,-0.34925,-0.89132,0.24056,-0.068416,-0.91975,-3.7481,8.6622,1.9372,0.051058,0.076495,-0.13461,-0.14466,-0.90708,-0.26623,-3.3565,-8.5052,1.7732,-0.041285,0.11585,0.09637,-0.18413,0.94863,-0.070491
5,9.8892,0.004758,3.2282,-0.18592,0.14763,0.38551,-0.83618,-0.26873,0.023933,-2.67,7.4433,6.141,0.12308,0.12661,0.12006,0.33292,-0.6527,0.03328,-0.81757,-1.2457,9.4268,-0.19311,0.21764,-0.044172,-0.54273,-0.13827,-0.65952,-2.959,13.504,-3.1107,-1.0805,1.0163,2.798,-0.01353,-0.69036,-0.18125,-2.7689,-11.01,-3.8176,-0.1114,-1.4645,3.1376,0.077458,0.45403,0.45993
8,7.8021,-0.84648,-0.39737,0.15928,-0.54342,0.3081,-0.94028,-0.0098749,0.49153,10.439,3.6983,-0.17792,4.9661,-0.52538,6.6301,-0.77781,-0.16607,-0.15853,12.327,-2,0.12913,-0.96031,-0.75849,0.44065,-0.90917,-0.31085,0.25889,3.9588,0.52863,-5.5832,-4.1561,-0.6466,0.53776,0.92556,0.31455,0.16229,-9.6909,-31.202,1.933,0.43173,-0.069082,0.16148,0.85785,-0.26081,-0.26126
7,8.0611,-1.9583,3.9814,-0.42958,-1.5805,-0.12577,-0.69768,0.1461,-0.81937,-6.0149,5.414,7.011,-0.007886,0.52709,1.4546,0.67749,-0.26558,-0.62564,-4.452,-0.19186,9.7253,0.53926,-1.293,-0.96593,0.60601,-0.19208,-0.7148,1.4882,9.3822,2.1004,0.13318,0.018485,0.74693,-0.54341,-0.74806,-0.25408,2.2799,-9.1668,-0.65541,-0.19608,0.28088,-0.50613,-0.599,0.74732,0.14718
3,8.9239,2.1143,-1.0921,-0.33107,0.26688,0.14908,-0.88503,-0.14452,-0.3702,4.6825,5.2583,6.623,-0.26033,0.57844,-0.63017,0.41568,-0.47508,-0.12419,5.7828,-6.3407,5.7632,0.23387,0.5983,1.2286,-0.18657,0.45174,-0.64924,-9.2174,0.9106,-1.6215,-0.44904,-0.28286,1.3267,0.91202,-0.27287,-0.17012,-8.3915,-4.2796,-1.3732,-1.0997,-0.36488,0.80952,0.71053,0.48665,0.62891
7,8.7873,-0.21701,3.3881,-0.049817,-0.88608,0.08161,-0.78142,-0.027157,-0.69561,-4.3184,0.42955,8.1575,-0.52097,-0.093729,0.56445,0.65394,0.13773,-0.63548,-3.6909,2.2689,9.1739,0.54385,0.17626,-0.23391,0.49798,-0.28867,-0.6991,1.0414,10.006,-1.1451,0.18123,0.39588,0.61379,-0.57266,-0.72187,-0.090674,1.4814,-9.873,-1.0167,-0.16571,0.23774,-0.71396,-0.58979,0.68715,0.21172
4,8.0709,-0.9796,1.6778,0.084693,0.17722,-0.10463,-0.70493,0.245,-0.51969,1.6249,6.7801,6.0032,0.3685,0.20977,0.54492,-0.23066,-0.90797,-0.7347,-7.2289,-7.3305,5.4726,0.11707,-0.33713,-0.063242,0.33733,0.50158,-0.46251,-8.3387,1.7235,-1.7384,0.69206,-0.41838,-2.0135,0.42958,-0.40292,0.11138,-7.8426,-3.4311,0.58847,0.12408,-0.31829,-0.84267,0.62125,0.20604,0.063663
7,9.4459,-1.4475,-0.62996,-0.148,0.090092,0.076165,-0.82062,-0.042209,-0.5102,4.5908,0.98736,8.2512,-0.30495,-0.072278,0.053751,0.13433,-0.27785,-0.88559,4.3412,0.80562,8.3611,0.21317,-0.07696,0.01829,0.24618,-0.21129,-0.87392,1.9128,8.9758,-0.16162,0.039262,0.20439,-0.20499,-0.66107,-0.6546,-0.23273,2.3622,-9.7634,-0.26224,-0.25424,0.065916,0.16864,-0.7432,0.61346,0.075206
6,9.548,0.86405,2.2041,-0.59092,-0.46375,-0.38214,-1.0303,0.46475,0.065432,-0.20864,8.8638,4.4359,0.075131,-0.047623,-0.50535,-0.56817,-0.55589,-0.65262,2.0748,-1.725,9.2311,-0.17018,0.25341,-0.19184,-0.59587,0.55402,-0.63736,-9.6267,11.542,-0.90546,0.5659,-0.20977,0.26627,0.61521,-0.21982,0.25523,-1.9949,0.19611,0.53777,0.22398,0.30481,-0.71666,0.45437,0.62487,-0.35486
7,7.4703,-0.33247,5.4784,0.39334,-0.40392,-0.10027,-0.43727,-0.079144,-0.85163,-1.0532,7.0565,-3.4107,0.369,1.5017,1.4656,0.65389,-0.69097,-0.068175,-0.33198,-5.3031,6.6797,0.078355,-0.95329,-1.6416,0.50499,-0.073849,-0.81878,1.2429,8.8665,4.0339,0.25346,0.06175,0.65798,-0.64365,-0.61624,-0.36789,-0.40317,-10.263,1.2218,0.23296,0.13367,-0.58686,-0.50398,0.82968,-0.026283
5,8.7317,-2.0324,3.1827,-0.16572,-0.016548,0.088311,-0.62284,-0.081593,0.083779,7.0099,4.8382,4.287,-0.13603,-0.21109,0.054592,-0.88046,0.049834,-0.19959,5.2369,-6.1269,5.653,-0.093816,0.19575,-0.05337,-0.7549,0.18502,-0.68144,1.594,5.2521,-0.39118,1.1716,0.75194,-2.0062,0.36386,-0.5497,-0.20956,-1.4779,-14.778,-4.6078,2.3153,0.025238,-1.489,0.3183,0.42373,0.26299
0,12.851,1.4899,3.2174,0.14119,-0.21549,0.11538,-0.89398,-0.16514,-0.65641,4.0591,7.7427,5.7111,0.10867,0.41645,0.16848,-0.38835,-0.8824,-0.76917,5.3995,-6.0917,7.3024,-0.1684,-0.073732,0.56839,-0.34769,0.88499,-1.1419,-10.656,11.853,-0.37247,1.1347,0.19434,0.11174,0.024225,-0.79242,-0.25738,-11.361,-3.145,-1.3147,-1.1992,-0.047665,0.57613,0.6787,0.27002,0.13431
3,-6.901,5.0373,3.4555,-0.26409,-0.33538,-0.009376,0.67471,-0.19028,-0.72317,6.419,7.0961,-2.11,-0.26499,0.60663,0.87272,-0.19299,-1.0126,0.52623,6.2871,-5.9596,4.9794,0.26933,-1.0139,-0.90835,-0.14048,0.58016,-0.46998,-7.1685,1.722,0.68393,0.60502,0.84894,-1.5773,0.65634,-0.52394,-0.43678,-10.073,-5.1693,-2.6838,-0.048013,0.093037,-0.15245,0.67034,0.3718,0.66384
4,6.858,-0.7167,1.4894,0.43228,-0.1961,-0.049649,-1.0038,-0.096393,-0.33343,-11.172,8.4365,0.33148,0.070797,-0.22498,1.6649,-0.093881,-0.65941,-0.15368,2.202,-5.7087,6.1048,2.7004,-1.2352,-1.596,0.19909,0.50514,-0.97645,-4.9724,7.9439,-0.86395,1.5233,0.01314,1.5559,0.63008,-0.20053,-0.1025,-4.7375,-4.4711,0.85389,0.52549,-0.50324,1.6851,0.30628,0.43034,0.16155
2,9.969,1.4932,0.018831,1.8212,0.8952,-0.14166,-0.89936,0.031384,-0.48353,-2.6808,10.4,2.2744,0.74808,1.5069,1.5609,0.027856,-0.75867,-0.31914,6.1478,-8.4331,0.22094,0.41694,-1.343,2.0532,0.59396,1.0121,-0.2048,-20.633,5.6423,-1.6489,-0.53203,-1.0795,-4.0647,0.70532,-0.14182,0.45599,-5.8622,7.1377,-1.5108,0.21704,0.19866,-1.1475,0.90673,0.56471,-0.25252
8,1.3502,-0.41245,0.42676,-0.065561,-0.75114,-0.069304,-0.42255,-0.051272,-0.69279,0.60448,0.82679,-1.7682,0.28629,0.18194,0.41514,-0.52738,-0.44355,-0.27877,-0.69317,-1.1591,0.76945,-0.42719,0.23986,-0.31532,-0.46755,0.40111,-0.41418,0.42487,-3.1037,1.1422,0.14023,0.27384,0.35788,0.63889,-0.31807,0.006156,-0.11453,2.6818,0.5899,-0.21527,0.26256,-0.52799,0.60735,0.23204,0.33251
0,12.37,0.94753,3.2289,-0.068151,0.48727,0.014052,-0.90123,-0.098577,-0.6368,4.5236,7.3887,5.827,0.12729,0.64136,0.41189,-0.48827,-0.88835,-0.66587,5.2516,-5.4127,7.7849,0.043675,-0.06139,0.41598,-0.3221,0.81005,-1.1465,-8.0154,8.3036,-1.3239,0.36667,0.013437,-0.32385,0.072149,-0.78639,-0.12189,-10.936,-4.0142,-0.38121,-1.0433,-0.17542,0.2501,0.70184,0.23843,0.099056
4,9.6876,1.0336,2.4809,-1.7608,-0.50041,-0.40869,-0.72476,-0.1243,-0.47058,-7.5213,7.077,3.0614,0.054267,-0.52178,-1.5334,0.12606,-0.64832,-0.53451,-1.3039,-5.9791,6.7244,-0.30175,1.0355,1.0563,0.45552,0.48857,-0.75716,-11.84,2.3319,-4.2389,0.078383,1.0229,2.7321,0.45758,-0.43511,0.11662,-11.377,-0.80966,-1.7142,0.61412,0.042133,1.3833,0.55059,0.37439,0.077227
0,7.6289,-0.88024,4.209,-0.49267,-0.14558,-0.019643,-0.63338,0.13271,-0.64331,1.0578,7.2387,5.1928,0.019558,0.10943,-0.32711,-0.052678,-0.27424,-0.63463,2.3159,-5.9629,6.9735,-0.12111,0.67397,0.078948,0.27797,0.73803,-0.87278,-8.945,-0.89771,-2.2063,0.62872,-0.39166,-1.1363,0.72261,-0.34297,0.42304,-4.785,4.6701,-0.93419,-0.51204,-0.18832,0.37343,0.70632,0.71636,-0.23426
0,10.683,-2.3995,4.2266,0.73503,-0.47587,0.42014,-0.71715,0.20172,-0.64053,4.3381,8.4971,-0.2681,0.29703,0.39679,-0.029162,-0.53499,-0.49367,-0.43923,5.4382,-4.396,6.6409,0.066111,0.30945,-0.28077,-0.21175,0.73685,-0.85581,-10.159,-3.8394,-1.8253,-1.263,-0.29044,2.5211,0.644,-0.64891,0.024689,-9.2215,-0.31003,-0.77319,-1.0178,0.23791,0.93289,1.2497,0.40367,-0.17522
4,5.1257,1.533,-0.63857,-0.13642,0.49624,-0.034093,-0.80547,-0.34096,-0.32566,-5.3804,8.2511,5.6898,0.084967,0.16388,-2.2366,-0.27937,-0.50555,-0.64696,7.6666,-3.4418,5.1168,-0.16022,0.79304,1.2876,-0.021437,0.54339,-0.98955,-8.1439,-4.4004,-1.5317,0.86093,0.1575,2.5587,0.68553,-0.13811,-0.049022,-7.708,-2.0881,-2.1271,0.062269,-1.1857,1.7031,0.46937,0.29809,0.29327
8,27.719,-6.8745,14.145,-0.031143,-1.5202,-0.00624,-0.92106,0.10412,0.41725,16.296,3.4138,-1.0159,-1.1806,-0.71262,1.25,-0.88124,0.32323,0.30678,19.076,-4.7936,-1.3312,-0.98962,-0.9987,-1.0808,-0.85293,-0.20136,0.44897,-21.279,1.2391,-3.5779,-0.95353,1.7102,-0.48063,0.78197,0.47806,0.35339,-21.501,-2.2715,4.7596,0.12469,-0.14367,0.59022,0.81867,-0.39426,-0.35489
5,6.86,0.29551,5.1913,0.21577,0.64745,0.17581,-0.78453,-0.09769,-0.022169,4.1639,8.1706,2.0201,0.043097,-0.10239,-0.019474,-0.80698,-0.26644,-0.28451,7.1732,-3.2062,5.5142,0.07347,0.13316,-0.22827,-0.99243,-0.10116,-0.63018,1.1755,2.8151,0.64299,0.42927,-0.014909,-2.9881,0.18063,-0.56386,-0.25634,-3.2417,-14.451,-2.3394,0.73997,1.1278,-1.4888,0.32005,0.3278,0.2018
3,9.1914,0.75266,-2.4318,-0.33441,0.29338,0.29617,-0.9179,-0.17896,-0.20748,6.0397,7.6206,-0.34144,-0.000937,-0.14382,-0.3074,0.46197,-0.88007,-0.075693,8.5835,-5.1772,1.5445,0.15322,0.23958,0.7748,-0.39009,0.48541,-0.4128,-8.2418,5.7801,-1.4748,-1.0899,-0.064185,1.1658,0.6737,-0.70325,-0.2224,-10.128,-1.6418,-3.0005,-1.7074,0.19004,0.45506,0.68333,0.03846,0.67258
0,13.875,0.512,1.9313,0.46556,0.64044,-0.21713,-1.0639,0.053389,-0.5946,2.5928,9.2262,5.5075,-0.006506,-0.56493,-0.035384,-0.38182,-0.65787,-0.79484,3.2968,-7.9847,6.15,-0.051239,0.2842,-0.81,0.022253,1.0012,-0.98098,-10.164,10.744,-3.0413,0.8314,-0.066718,1.1917,0.6147,-0.34008,0.39729,-15.995,-10.46,0.63741,1.0955,-1.0158,1.1454,0.36042,0.67906,0.18125
4,-2.0184,0.5995,-1.2402,-2.5823,0.49456,-0.13328,-0.83674,-0.219,-0.58918,-7.0108,8.4339,-3.3125,-0.17918,-2.6958,-1.99,-0.37288,-0.75296,0.057858,8.084,-3.0961,10.236,-3.0143,1.8785,2.205,0.008527,0.73312,-0.83882,-5.1351,20.352,-3.2858,1.6426,0.31065,1.9843,0.63609,-0.28334,-0.10321,-3.5344,-3.4789,-1.9757,-2.553,-0.11544,1.7087,0.48383,0.40674,0.02264
7,8.084,-0.17921,4.5478,-0.2561,-0.26326,-0.12936,-0.54093,-0.093004,-0.79768,-1.4605,0.4888,8.8947,0.0259,0.63296,-0.6529,0.45967,0.30907,-0.80124,-1.6234,-0.76201,9.122,0.16028,0.29604,0.69272,0.33845,-0.31751,-0.8375,-1.459,9.5432,-1.8299,0.44594,0.37183,-1.1767,-0.33014,-0.89165,-0.13976,-0.26483,-8.8362,-1.1085,-0.000898,0.018131,1.3152,-0.38394,0.89236,0.062081
6,9.6312,0.20191,0.018837,-0.2284,-0.012883,0.12437,-0.75787,0.25436,0.35961,-0.37954,3.8718,8.9678,0.12614,-0.13457,-0.16318,-0.36695,-0.17138,-0.68767,2.3251,-2.2338,9.1264,-0.12102,0.14177,-0.17067,-0.49211,0.56843,-0.47911,-7.9565,7.3874,-3.8371,-0.34486,0.006015,1.0296,0.5889,-0.16098,0.32782,-4.7248,-6.2285,-4.476,-0.57952,-0.75853,1.428,0.53384,0.60297,0.008549
2,14.05,1.5144,10.249,-1.0954,0.18658,-0.63455,-0.96633,-0.10478,-0.75419,-3.4588,14.331,2.2623,-1.0199,-0.9079,-2.5304,0.56438,-1.0065,-0.37779,3.7936,-13.392,3.6463,0.017256,0.91739,-1.0157,0.39068,1.0933,-0.73318,-18.124,0.59207,-7.2432,-1.1098,0.545,2.1093,0.62219,-0.48972,0.23994,-16.046,17.532,8.2538,-1.2188,0.1013,-0.44795,0.31028,0.67344,0.39356
4,11.61,-0.6656,0.11547,-1.1374,0.27904,-0.27177,-0.81435,-0.01324,-0.47923,0.57904,8.8994,6.5038,-0.30368,0.15552,1.3501,0.062651,-0.89398,-1.0193,-8.0367,-7.6934,6.0667,2.158,1.6125,-1.1356,0.21678,0.37856,-0.74164,-6.4614,3.0012,0.37439,0.13239,-0.14515,-0.82163,0.45783,-0.18184,-0.18119,-10.889,-3.536,0.97684,0.54056,-0.029576,0.51847,0.667,0.14589,0.084049
3,7.4058,-0.70216,-0.69946,0.1649,-0.5497,-0.031371,-0.77773,0.089924,-0.49565,7.1465,5.2042,3.8313,-0.13543,0.11224,0.8538,0.035678,-0.3851,-0.15351,5.5712,-5.4854,5.7386,-0.10233,-0.29886,-0.24862,-0.12258,0.47604,-0.66787,-7.1117,2.8367,-1.5722,1.0412,-0.33191,-1.3022,0.647,-0.65226,0.13052,-8.5779,-6.2792,-3.6611,1.7183,0.314,-1.4891,0.88896,0.3427,0.1326
0,10.134,-0.78528,2.0978,0.7676,0.013487,0.044451,-0.63266,0.093838,-0.63337,11.071,1.6508,-0.45707,0.26801,-0.50094,0.45751,-0.014141,-0.22981,-0.89602,11.878,-3.2845,2.3142,1.6662,0.78944,1.2625,-1.456,1.1047,-0.098983,-8.4318,-3.6768,-3.3659,-0.12207,0.26489,-0.87208,0.5315,-0.57837,0.29012,-13.112,-1.2093,-0.42336,-1.4053,0.41029,-2.1587,0.99517,0.76297,-0.10091
2,5.4218,0.77207,1.6606,1.6198,0.27577,0.007422,-0.88619,-0.021931,-0.84198,-4.5091,5.1354,2.7296,0.48256,1.4689,0.7926,0.26123,-1.1071,-0.33381,3.8269,-4.4736,0.13821,0.80489,-1.41,0.47751,0.61727,0.65007,-0.94677,-11.161,9.8347,-2.4141,1.3258,-0.36547,-2.9184,0.53467,-0.39233,0.35231,-2.7462,10.677,1.8755,2.0415,0.027937,-0.17908,0.38667,0.66725,0.35313
1,8.0144,1.2738,3.7265,-0.42197,0.16471,-0.22867,-0.78511,-0.08819,-0.76391,10.856,2.3747,3.0945,-0.39042,1.1231,-1.4404,-0.7354,-0.65393,-0.002336,10.829,-3.8118,2.2009,-1.0364,-0.3364,-2.9665,-1.9991,1.6439,1.2844,-15.085,-2.2698,-4.1875,-0.90746,0.22464,2.2056,0.61435,-0.20845,0.14098,-10.766,-0.8284,-1.935,-0.62499,0.093195,1.9912,0.26688,0.62438,0.042288
2,2.2028,-1.5858,3.215,0.38546,0.16722,0.57698,-0.87462,0.13978,-0.85496,4.1071,6.4709,0.17807,-0.41578,1.406,1.0659,0.44216,-0.93012,-0.65635,-4.1985,-10.359,3.1256,0.12352,-0.93107,3.082,0.49336,1.2565,-0.56,-0.18999,-3.2355,1.0153,0.80275,-0.089685,0.11726,0.2042,-0.78435,0.17085,-3.2551,-5.2898,-2.3942,0.17116,0.64449,-2.3142,0.76832,0.2441,0.29528
6,10.287,-1.5513,-0.59261,0.16129,0.084319,-0.30646,-0.94298,0.452,0.41191,-2.1883,6.4723,6.9742,0.19067,0.23549,0.07661,-0.4134,-0.37884,-0.82161,-1.0848,-1.7442,9.5354,0.060841,-0.025141,0.093228,-0.41084,0.53774,-0.75068,-3.0683,7.8645,-2.8151,0.7175,-0.4479,-1.7507,0.32278,-0.61025,0.39206,-6.8363,-8.9541,-1.9325,0.19182,0.41888,-1.1416,0.56047,0.60883,-0.27637
9,14.247,3.4737,-0.78125,1.5256,-0.008851,0.16507,-0.88414,0.41921,-0.35064,6.9167,10.125,-4.7174,1.1224,-0.39798,-1.9409,-0.23359,-0.98705,0.061557,4.3894,-16.43,-5.0089,3.9368,-0.77392,2.2851,0.26826,1.0036,0.064795,-13.484,-2.181,-7.7905,-2.9687,0.019073,0.90009,0.78155,0.091815,0.7645,-13.531,-6.5284,-3.8593,-0.63782,-0.45869,-0.21947,0.9294,0.4475,-0.31859
7,6.87,-0.41572,6.8647,0.52956,0.04697,-0.13875,-0.42457,-0.042027,-0.86089,0.55153,-0.19325,10.965,0.19926,0.079097,-1.5186,0.42525,0.099057,-0.85714,1.4214,-1.6158,11.982,-0.62283,0.6539,1.9015,0.31871,-0.18271,-0.8739,-0.35807,9.0014,1.4491,0.36084,0.22258,-0.050907,-0.55503,-0.7593,-0.20315,0.38039,-9.1591,0.62724,-0.29335,0.33544,0.15641,-0.62539,0.74104,0.081569
4,13.685,2.0759,2.167,-1.3218,-0.46859,-0.079707,-0.81738,-0.14494,-0.30233,0.70299,8.5701,5.3603,-0.49768,-0.65066,1.8091,-0.023007,-0.74545,-1.021,-2.1907,-6.5954,4.8306,-0.79714,-0.25289,-0.91043,0.10572,0.50375,-0.7731,-10.939,-0.42024,-1.1582,-1.5452,0.092892,1.0992,0.52474,-0.34026,-0.096689,-14.892,2.7017,-3.5953,0.10413,-0.81514,1.7465,0.60421,0.15454,0.2531
9,9.4036,1.4098,3.6129,0.10766,-0.18338,-0.044339,-0.61864,-0.10013,-0.61681,15.608,2.8375,1.2327,1.4929,2.917,-2.927,-0.29844,-0.48838,-0.66562,13.286,1.5243,0.75027,0.47135,3.6522,2.5874,-0.3566,0.38868,-0.73537,-9.6107,4.4531,-0.54485,0.47534,-0.22625,0.64327,0.64333,-0.72284,-0.038608,-9.4435,-0.62378,-2.4618,0.044642,-0.00067,-0.039305,0.79267,0.46452,0.21664
1,9.7012,0.27256,1.2321,0.018605,0.1627,0.013303,-1.124,0.13303,-0.27136,7.7587,3.1521,0.99804,-0.6828,0.25069,-0.29721,-0.82503,-0.14502,-0.30706,8.1151,-2.0715,2.8886,-0.092125,0.045741,0.38381,-0.38148,0.99526,-0.067301,-6.9437,1.3837,-0.62778,1.2124,0.31481,1.1538,0.002404,-0.77071,0.33077,-9.6708,-2.4364,-3.1646,0.22724,-0.27933,1.7665,0.89495,0.45228,0.025307
6,9.6218,-1.5051,0.52651,0.16484,-0.043627,0.003432,-0.75553,0.32401,0.30403,0.58001,4.8486,8.8102,-0.1766,-0.1642,0.18657,-0.38673,-0.15192,-0.68229,2.1077,-1.3667,9.44,-0.031494,-0.060156,0.10638,-0.47761,0.51076,-0.54109,-1.5404,6.1918,-2.6559,1.0972,-0.031019,-0.79023,0.47107,-0.47414,0.38066,-7.209,-6.3187,-6.6144,1.2678,-0.12667,-0.50218,0.62597,0.38863,-0.06707
0,9.0252,-0.73523,2.4516,-0.010985,-0.1894,0.30993,-0.7766,0.28948,-0.5699,7.5863,2.8777,0.067121,0.02338,-0.18248,0.08876,-0.23063,0.008911,-0.86501,8.0027,-2.3652,3.5744,0.20003,-0.31921,-0.2191,-1.0057,0.34471,-0.19369,-13.097,9.1258,-6.175,0.0665,1.9426,-0.25515,0.64579,-0.65343,0.38637,-10.638,-2.1178,-1.3426,-0.77106,0.012517,0.854,1.1943,0.38554,-0.079429
2,-3.9082,-3.1553,-3.5578,1.4399,-1.2721,-0.3179,-0.69801,0.22414,-0.74933,5.501,3.3582,-0.48779,1.6907,0.71117,-2.6942,-0.69395,-0.45003,-0.35466,6.0027,-3.0042,6.7583,0.20791,0.71864,2.2844,-0.33268,0.64485,-0.98692,-5.8985,6.2726,1.9846,1.2633,-1.2094,0.028376,0.52368,-0.70525,-0.033928,-3.5181,-4.5864,1.5721,-1.054,0.37362,-2.7733,1.0673,0.2186,-0.13996
0,10.142,1.0087,0.44306,-0.80675,0.32344,-0.13373,-0.77777,0.13527,-0.56958,10.278,3.9442,1.0022,-1.4917,-0.065961,-1.4725,0.197,0.14668,-1.4418,8.9014,-1.9148,3.151,-1.4478,-0.09794,-0.94361,-1.1639,0.6745,-0.12755,-13.186,-6.7091,0.22494,1.4923,0.56451,1.6903,0.9622,-0.17332,0.27171,-11.386,2.2181,-2.5871,-0.77839,0.27698,1.2243,0.9566,0.79418,-0.37837
1,8.3931,-0.65822,-1.3789,-0.31879,-0.053443,0.28619,-0.67007,0.28027,-0.66712,1.3926,9.5821,-0.5419,-0.063151,0.31631,0.40913,-0.25059,-0.5354,-0.45296,2.7161,-6.4518,6.9052,-0.28808,-0.27234,0.096509,0.12648,0.73962,-0.81262,-9.2064,0.22818,-0.54504,-0.72819,0.44781,-0.58318,0.64524,-0.6452,-0.093321,-14.532,0.26252,0.37778,0.22522,1.6674,-2.6268,0.9501,0.54507,0.10194
7,6.9015,-0.1767,7.0796,0.32481,-0.62656,0.00323,-0.47922,-0.040621,-0.84239,-8.2454,7.4994,2.2794,-1.0275,-0.53719,0.28931,0.77695,-0.50567,-0.25871,-5.92,-1.4641,8.7028,0.70082,0.03656,0.56074,0.54461,-0.041971,-0.80243,0.67136,7.6828,4.5872,-0.17569,-0.23963,0.72743,-0.46997,-0.71894,-0.43798,-0.95305,-8.4399,0.23074,0.52074,-0.27277,-0.91632,-0.25641,0.93889,0.000982
0,10.049,-1.4448,2.0737,0.76487,0.062835,0.097791,-0.62459,0.097773,-0.6409,11.173,1.8928,-0.46405,-0.84936,-1.0976,1.1756,-0.055865,-0.33043,-0.96703,11.119,-5.0592,3.4932,1.9223,0.57541,1.4616,-1.4843,0.89784,0.048339,-8.1397,-5.7242,-2.1632,-0.21658,0.33189,-1.107,0.55783,-0.57709,0.25641,-13.516,0.34194,-0.32726,-2.0452,0.50475,-2.1761,0.99852,0.71574,-0.055319
8,-9.445,-1.9641,-1.9576,2.5197,-0.98001,-0.2977,-0.84121,0.33099,-0.23066,-2.3951,-3.6689,0.40447,0.53517,-1.3864,0.44499,-0.65153,-0.1579,-0.24459,-0.62418,0.41405,3.1045,1.3171,-0.96124,-0.98345,-0.75361,0.19862,0.26578,-1.1189,6.4913,-3.7358,-3.7136,-0.34438,-0.46905,0.67462,0.051801,0.5257,-1.3941,0.19479,1.6201,0.93244,0.56769,-1.4858,0.6167,0.056724,-0.37588
7,9.219,-0.5401,2.1415,0.12076,-1.8432,0.053513,-0.61823,-0.032559,-0.73257,-6.5742,1.9017,6.8832,-0.5463,-1.5077,0.43292,0.74519,0.020357,-0.59081,-4.2169,-0.20806,9.6172,0.052677,-1.3568,-0.54609,0.58117,-0.27419,-0.68814,3.0155,8.5813,-0.90587,-0.041395,0.029355,-0.079834,-0.68443,-0.64967,-0.1782,2.9313,-9.6733,1.9457,-0.15929,0.10188,0.024745,-0.7499,0.59271,-0.11026
9,9.2539,-3.6185,1.7622,2.06,0.30882,0.44839,-0.6715,0.7407,-0.32375,-0.41519,9.2101,-4.2546,-0.83999,-0.32971,-0.26327,0.26443,-0.84893,-0.11738,7.54,-2.6781,6.3685,-3.8244,-6.3085,-6.3356,0.1433,0.57206,-0.67364,-11.74,11.36,-1.1829,0.67033,0.044565,0.11975,0.77928,-0.18207,0.49336,-22.296,-10.344,2.3482,-0.10346,1.5535,-0.035723,0.58503,0.49676,-0.50743
4,14.664,0.467,4.0979,1.3406,-0.3633,0.50172,-0.79009,-0.18723,-0.30981,0.18729,5.8957,5.7958,0.51029,0.21752,-0.60842,-0.11655,-0.63688,-0.86738,-0.5661,-7.3555,3.6614,-0.16008,0.55394,-0.55258,0.26018,0.48953,-0.82166,-13.415,-1.978,-4.6716,0.43956,-0.24148,-1.3578,0.66967,-0.1197,0.041984,-12.371,0.098787,-1.7517,0.52814,1.418,-1.6325,0.39331,0.34715,0.28097
0,14.23,-0.097839,2.0757,-0.12779,0.61725,0.048733,-1.073,0.007219,-0.60471,2.5659,7.4787,6.1836,-0.26477,-0.28463,-0.090879,-0.37096,-0.55583,-0.90397,2.5742,-7.3233,8.4132,0.28974,-0.25303,-0.35521,0.001036,0.92308,-1.0465,-12.194,7.5644,-3.5917,0.61121,-0.10343,0.83858,0.58437,-0.39103,0.38051,-16.103,0.80738,12.796,2.6963,0.49009,1.6006,0.31127,0.70428,0.24401
8,2.6463,-1.1062,0.17751,-0.091178,-0.16423,-0.065203,-0.72507,-0.3212,-0.30919,1.9424,2.7409,0.89753,-0.43482,0.3525,-0.13535,-0.41701,-0.56032,0.38849,2.7915,-3.494,0.62103,-0.31988,0.46887,0.089591,-0.35195,0.11395,-0.68262,-1.2426,0.27787,-2.012,0.69268,1.0466,-0.19054,0.46081,-0.31771,-0.48193,-3.3716,-3.6421,0.049824,-1.0522,0.61517,-0.01746,0.44431,0.19587,0.61065
8,14.741,-0.3289,0.005056,1.4754,2.1706,0.23431,-0.77981,-0.36253,0.1606,15.515,1.0989,2.33,1.6933,0.93944,-0.30872,-0.58964,-0.049166,0.50894,15.855,-7.3694,2.1104,-1.3818,-0.004107,-0.4004,-0.56346,-0.40692,-0.1059,-17.98,5.1644,-8.8982,-0.90761,-1.2937,-1.5671,0.47431,-0.009339,-0.50174,-16.298,-6.5882,-2.7021,1.5436,-0.94943,1.761,0.45628,-0.29895,0.51691
4,6.1057,-1.0619,1.1138,-0.32549,0.26745,0.34368,-0.72516,0.13827,-0.5961,6.2802,6.3683,3.8546,-0.46169,0.11537,0.17656,-0.55882,-0.85508,-0.60176,-0.30556,-8.5313,6.1933,0.44243,0.23894,1.2331,-0.22992,0.53611,-0.5664,-7.7261,2.9298,-4.1925,1.3284,-0.27492,-1.0326,0.50146,-0.34953,-0.019944,-6.2194,-2.38,-0.80393,0.53054,0.13614,-0.86342,0.67619,0.14717,0.10186
